#!ascii label  , from subject sub-THP0005 vox2ras=TkReg
1109
107304  -54.075  22.139  11.329 0.0000000000
114673  -48.922  32.533  -6.451 0.0000000000
113834  -47.143  31.932  2.785 0.0000000000
107412  -54.397  22.673  0.708 0.0000000000
110596  -52.374  26.915  -8.690 0.0000000000
110522  -52.382  27.147  -3.492 0.0000000000
105290  -52.386  19.483  -5.581 0.0000000000
108141  -49.969  23.257  -0.247 0.0000000000
105835  -47.772  19.486  14.617 0.0000000000
108755  -50.369  24.475  12.361 0.0000000000
119887  -47.902  40.448  -1.898 0.0000000000
116603  -50.949  35.626  -7.669 0.0000000000
111318  -47.652  27.214  -9.552 0.0000000000
111803  -51.855  28.375  7.785 0.0000000000
114623  -47.624  31.967  -1.020 0.0000000000
111871  -50.909  28.777  2.571 0.0000000000
108802  -55.079  24.135  6.019 0.0000000000
108085  -50.751  23.856  5.307 0.0000000000
108102  -46.065  23.516  4.637 0.0000000000
106578  -54.102  21.185  9.992 0.0000000000
107503  -50.517  21.996  -9.778 0.0000000000
107491  -52.238  22.332  -8.029 0.0000000000
106038  -50.222  20.148  -8.422 0.0000000000
107454  -50.165  22.192  -5.201 0.0000000000
106531  -49.409  21.110  13.531 0.0000000000
108031  -47.324  23.854  11.466 0.0000000000
119853  -46.303  41.104  0.586 0.0000000000
113275  -49.352  30.485  -8.703 0.0000000000
111151  -49.070  27.810  6.700 0.0000000000
112476  -50.040  30.009  4.656 0.0000000000
116034  -45.795  34.580  -5.073 0.0000000000
113228  -46.876  30.888  -3.862 0.0000000000
108158  -52.870  23.336  -2.035 0.0000000000
110494  -50.642  27.383  -0.947 0.0000000000
109681  -52.699  25.258  1.429 0.0000000000
110410  -53.429  26.050  4.756 0.0000000000
108860  -54.424  23.849  3.079 0.0000000000
107363  -53.964  23.010  5.784 0.0000000000
107394  -53.579  22.843  2.498 0.0000000000
108865  -48.493  24.858  2.631 0.0000000000
113263  -51.607  30.467  -7.354 0.0000000000
111926  -49.921  28.570  -5.110 0.0000000000
110561  -52.293  26.508  -6.058 0.0000000000
108183  -53.206  22.700  -4.798 0.0000000000
105993  -54.175  20.765  -2.360 0.0000000000
106657  -52.459  21.715  -0.157 0.0000000000
107441  -50.642  21.954  -3.173 0.0000000000
108163  -49.123  23.749  -2.838 0.0000000000
105095  -50.326  19.246  16.764 0.0000000000
107256  -52.160  22.248  14.858 0.0000000000
107995  -52.357  23.445  13.251 0.0000000000
119218  -43.185  39.718  -0.622 0.0000000000
118597  -46.036  38.683  -2.303 0.0000000000
117227  -48.319  37.145  -4.848 0.0000000000
116048  -51.563  34.462  -6.273 0.0000000000
113965  -52.107  31.511  -9.040 0.0000000000
110593  -50.082  26.427  -8.789 0.0000000000
108995  -48.159  23.349  -10.235 0.0000000000
109812  -47.689  24.948  -11.847 0.0000000000
110340  -48.043  26.104  10.661 0.0000000000
110343  -50.889  26.830  10.849 0.0000000000
109572  -53.167  25.324  10.343 0.0000000000
115990  -47.810  34.522  1.593 0.0000000000
113202  -50.281  30.341  -2.683 0.0000000000
114605  -51.339  32.504  0.395 0.0000000000
113838  -51.048  31.978  3.409 0.0000000000
112479  -52.139  29.188  5.304 0.0000000000
110393  -53.107  26.511  7.541 0.0000000000
108787  -54.432  23.991  9.498 0.0000000000
107321  -53.543  22.354  8.489 0.0000000000
107330  -50.710  22.334  7.619 0.0000000000
107343  -48.688  22.485  6.516 0.0000000000
108121  -50.534  24.078  2.843 0.0000000000
108818  -48.844  24.189  5.095 0.0000000000
106614  -46.839  21.526  5.385 0.0000000000
106547  -54.025  21.242  12.648 0.0000000000
105891  -54.660  20.324  10.944 0.0000000000
106572  -54.280  21.357  11.112 0.0000000000
106754  -49.581  20.711  -10.489 0.0000000000
106743  -51.189  20.605  -9.359 0.0000000000
106048  -49.037  20.061  -9.409 0.0000000000
106715  -49.117  21.038  -8.334 0.0000000000
112485  -48.564  30.162  3.446 0.0000000000
115414  -47.117  33.478  -5.710 0.0000000000
107419  -54.169  22.795  -0.481 0.0000000000
109702  -52.150  24.643  -0.305 0.0000000000
108885  -54.017  23.683  0.910 0.0000000000
108868  -53.876  24.233  1.998 0.0000000000
108124  -54.160  23.298  2.302 0.0000000000
107387  -54.041  23.218  3.456 0.0000000000
107403  -53.799  22.354  1.627 0.0000000000
111966  -52.686  28.513  -8.098 0.0000000000
111944  -51.696  28.157  -6.774 0.0000000000
110570  -52.231  26.651  -7.050 0.0000000000
106042  -53.245  20.228  -6.866 0.0000000000
106706  -53.197  21.579  -6.434 0.0000000000
106020  -53.707  20.307  -5.663 0.0000000000
106684  -54.153  21.458  -3.377 0.0000000000
105276  -53.426  19.696  -4.155 0.0000000000
105983  -52.674  20.566  -2.231 0.0000000000
106691  -51.690  20.557  -4.311 0.0000000000
108172  -49.712  23.040  -4.546 0.0000000000
106545  -49.759  22.389  12.904 0.0000000000
106525  -50.887  21.643  14.475 0.0000000000
107268  -51.049  23.098  13.398 0.0000000000
107263  -52.534  22.641  14.050 0.0000000000
107994  -51.636  23.602  13.322 0.0000000000
119868  -47.430  40.813  -0.341 0.0000000000
119231  -45.748  39.454  -1.071 0.0000000000
119237  -47.035  39.415  -1.531 0.0000000000
117928  -46.570  37.808  -3.405 0.0000000000
118603  -48.157  39.070  -2.937 0.0000000000
117955  -50.649  37.824  -6.308 0.0000000000
117235  -51.195  36.726  -5.657 0.0000000000
117240  -51.866  36.326  -6.546 0.0000000000
115437  -52.219  33.153  -7.488 0.0000000000
116062  -51.619  33.900  -8.183 0.0000000000
111963  -48.326  28.663  -8.652 0.0000000000
112596  -49.800  29.523  -8.773 0.0000000000
111319  -48.177  27.084  -8.877 0.0000000000
109797  -48.685  25.102  -9.169 0.0000000000
110603  -47.704  25.709  -10.006 0.0000000000
109806  -47.651  24.674  -10.830 0.0000000000
110612  -47.540  25.634  -11.075 0.0000000000
111147  -44.397  27.145  6.366 0.0000000000
110369  -43.915  25.754  8.592 0.0000000000
110388  -45.836  26.222  7.837 0.0000000000
110351  -46.340  25.710  10.065 0.0000000000
110389  -47.069  26.250  8.035 0.0000000000
111135  -50.690  28.332  7.621 0.0000000000
111115  -49.800  27.309  8.588 0.0000000000
111107  -51.377  27.601  9.265 0.0000000000
110344  -51.768  26.636  10.650 0.0000000000
111108  -52.059  27.519  9.162 0.0000000000
114610  -46.151  32.467  -0.571 0.0000000000
116002  -46.148  33.862  0.720 0.0000000000
115379  -47.610  33.233  -0.004 0.0000000000
111918  -51.866  27.695  -4.288 0.0000000000
112538  -50.660  28.843  -3.693 0.0000000000
112528  -51.827  28.546  -2.920 0.0000000000
111207  -50.556  27.970  0.883 0.0000000000
112512  -51.226  29.920  -0.819 0.0000000000
113165  -50.840  30.351  1.444 0.0000000000
114597  -51.467  32.944  2.204 0.0000000000
113159  -51.059  30.805  2.295 0.0000000000
113145  -51.329  30.457  4.380 0.0000000000
111861  -51.549  28.745  3.875 0.0000000000
109615  -54.022  25.403  5.144 0.0000000000
110401  -53.443  26.179  5.584 0.0000000000
109602  -53.889  25.570  7.108 0.0000000000
109599  -53.802  25.436  8.314 0.0000000000
108791  -54.602  24.212  8.348 0.0000000000
107322  -54.376  22.844  8.164 0.0000000000
108056  -54.824  23.436  6.864 0.0000000000
108087  -52.824  23.276  5.620 0.0000000000
108054  -52.470  22.933  7.078 0.0000000000
108066  -51.212  23.438  6.249 0.0000000000
107329  -49.733  21.979  7.419 0.0000000000
108065  -50.223  23.442  6.277 0.0000000000
107417  -50.736  22.621  -0.164 0.0000000000
107409  -51.226  22.869  0.926 0.0000000000
108135  -50.472  23.167  0.496 0.0000000000
108856  -47.364  25.025  3.527 0.0000000000
108857  -48.564  24.800  3.694 0.0000000000
108841  -47.723  24.414  4.674 0.0000000000
108081  -47.226  23.190  5.392 0.0000000000
107378  -46.465  22.795  5.007 0.0000000000
106628  -46.223  21.544  4.839 0.0000000000
105133  -54.171  19.753  14.022 0.0000000000
105898  -52.705  20.543  9.251 0.0000000000
108974  -51.203  24.263  -8.748 0.0000000000
108224  -51.851  23.860  -7.981 0.0000000000
107490  -51.608  22.256  -8.855 0.0000000000
106051  -51.609  20.186  -8.541 0.0000000000
106026  -51.231  20.012  -7.002 0.0000000000
106697  -50.894  20.738  -5.615 0.0000000000
106704  -50.044  21.016  -7.047 0.0000000000
105849  -48.825  20.483  13.848 0.0000000000
106543  -47.588  21.303  12.176 0.0000000000
108007  -49.083  24.028  11.786 0.0000000000
120509  -47.164  41.502  -0.956 0.0000000000
115448  -50.157  33.538  -8.458 0.0000000000
112606  -47.254  29.441  -9.748 0.0000000000
111981  -47.330  28.231  -10.205 0.0000000000
111132  -47.510  26.820  7.335 0.0000000000
111826  -49.338  28.352  6.083 0.0000000000
111828  -50.739  29.014  6.704 0.0000000000
113883  -47.679  31.103  -2.279 0.0000000000
108905  -51.721  24.963  -3.056 0.0000000000
111250  -51.666  27.765  -2.555 0.0000000000
109701  -51.290  25.339  -1.217 0.0000000000
110478  -51.155  26.405  0.548 0.0000000000
110460  -51.449  26.650  1.499 0.0000000000
111186  -52.028  27.021  3.252 0.0000000000
110444  -53.169  25.754  3.064 0.0000000000
109656  -54.396  24.554  3.694 0.0000000000
108821  -55.051  24.103  5.124 0.0000000000
107349  -54.633  23.355  5.929 0.0000000000
108109  -54.474  23.475  4.399 0.0000000000
107380  -53.621  23.171  4.785 0.0000000000
108115  -52.255  23.400  3.490 0.0000000000
108133  -49.209  24.170  0.546 0.0000000000
114593  -45.802  33.042  2.631 0.0000000000
113937  -50.441  31.454  -6.957 0.0000000000
113250  -48.810  30.393  -6.300 0.0000000000
112575  -50.854  29.364  -6.854 0.0000000000
111277  -51.362  27.699  -5.740 0.0000000000
110549  -52.533  26.499  -5.068 0.0000000000
108949  -52.448  24.613  -6.374 0.0000000000
108936  -52.667  24.511  -5.418 0.0000000000
108925  -52.607  24.518  -4.531 0.0000000000
108166  -53.256  22.734  -3.488 0.0000000000
107434  -54.035  22.222  -1.878 0.0000000000
106660  -54.336  21.587  -0.723 0.0000000000
106652  -53.760  21.581  0.386 0.0000000000
106667  -53.002  20.690  -1.367 0.0000000000
106665  -51.431  21.701  -1.562 0.0000000000
107432  -50.170  22.677  -1.835 0.0000000000
107449  -50.685  21.737  -4.282 0.0000000000
107440  -50.141  22.618  -2.810 0.0000000000
105837  -49.580  20.433  14.867 0.0000000000
106511  -51.489  20.811  15.912 0.0000000000
105106  -53.237  20.467  15.440 0.0000000000
106527  -53.508  21.542  14.726 0.0000000000
107271  -53.125  22.451  13.548 0.0000000000
108012  -53.032  23.045  12.658 0.0000000000
118594  -42.626  37.984  -2.332 0.0000000000
118589  -44.124  38.719  -1.665 0.0000000000
117920  -44.009  37.793  -2.914 0.0000000000
117220  -45.652  37.093  -3.912 0.0000000000
116588  -46.860  35.545  -5.288 0.0000000000
116040  -48.072  34.447  -5.956 0.0000000000
119249  -48.955  39.798  -3.082 0.0000000000
117936  -49.663  38.174  -4.625 0.0000000000
116591  -49.936  35.842  -5.543 0.0000000000
115425  -49.647  33.424  -6.332 0.0000000000
113938  -51.489  31.906  -7.138 0.0000000000
113950  -52.513  31.232  -8.055 0.0000000000
112609  -52.789  29.406  -9.059 0.0000000000
113964  -51.169  31.386  -9.107 0.0000000000
111972  -51.112  28.537  -9.472 0.0000000000
110594  -51.099  26.504  -9.039 0.0000000000
109799  -50.343  24.665  -8.947 0.0000000000
108234  -49.224  22.982  -9.776 0.0000000000
107520  -47.483  22.108  -11.569 0.0000000000
108256  -47.201  23.042  -12.381 0.0000000000
111338  -48.045  27.223  -11.923 0.0000000000
110327  -47.727  25.631  11.187 0.0000000000
109556  -49.376  25.601  11.671 0.0000000000
110373  -48.695  26.553  8.924 0.0000000000
111096  -49.747  26.822  10.222 0.0000000000
109557  -50.204  25.752  11.824 0.0000000000
109538  -51.397  25.162  12.292 0.0000000000
108773  -52.815  24.829  11.406 0.0000000000
108035  -53.386  23.610  11.488 0.0000000000
115330  -47.610  33.624  2.567 0.0000000000
113230  -48.191  30.062  -4.656 0.0000000000
113201  -49.103  30.531  -2.779 0.0000000000
113885  -49.730  31.123  -2.145 0.0000000000
111894  -51.623  28.764  -2.024 0.0000000000
113873  -51.331  31.318  -1.505 0.0000000000
114614  -50.139  32.779  -0.656 0.0000000000
115367  -50.428  34.003  0.816 0.0000000000
115332  -49.909  33.865  2.627 0.0000000000
114582  -48.849  32.701  3.033 0.0000000000
113154  -50.151  30.844  3.858 0.0000000000
113132  -51.108  30.208  5.197 0.0000000000
112449  -51.977  29.311  6.446 0.0000000000
111167  -52.573  27.711  5.169 0.0000000000
111161  -52.636  27.985  6.127 0.0000000000
111136  -52.383  27.950  7.609 0.0000000000
110376  -53.032  26.433  8.663 0.0000000000
108786  -54.038  24.789  9.144 0.0000000000
108040  -54.055  23.407  10.622 0.0000000000
107313  -54.132  22.473  9.317 0.0000000000
107312  -53.630  21.780  9.252 0.0000000000
106586  -52.212  21.140  8.867 0.0000000000
107347  -53.902  22.908  6.598 0.0000000000
107332  -52.980  22.646  7.648 0.0000000000
106585  -51.199  21.175  8.377 0.0000000000
106595  -50.161  21.264  7.744 0.0000000000
105913  -48.946  20.839  6.941 0.0000000000
107402  -52.993  22.241  1.395 0.0000000000
107392  -52.075  22.991  2.318 0.0000000000
108114  -51.347  23.836  3.491 0.0000000000
108127  -50.014  24.141  2.073 0.0000000000
108867  -49.916  24.369  3.320 0.0000000000
108820  -50.058  24.012  5.239 0.0000000000
107362  -48.522  23.243  6.040 0.0000000000
106615  -47.460  21.481  5.848 0.0000000000
106569  -54.089  21.620  11.944 0.0000000000
105888  -54.505  20.593  12.098 0.0000000000
106072  -49.103  20.287  -10.375 0.0000000000
106060  -49.479  19.918  -9.902 0.0000000000
106059  -48.615  20.054  -10.044 0.0000000000
112484  -47.605  29.884  3.342 0.0000000000
113152  -47.915  30.906  2.945 0.0000000000
115423  -47.886  33.357  -6.110 0.0000000000
114659  -47.353  32.546  -5.815 0.0000000000
114672  -48.060  32.517  -6.258 0.0000000000
107420  -54.316  22.561  -0.220 0.0000000000
108136  -53.980  23.402  0.223 0.0000000000
108137  -54.222  23.250  0.503 0.0000000000
108877  -54.093  23.651  1.386 0.0000000000
108130  -54.317  23.163  1.421 0.0000000000
107404  -54.202  22.580  1.410 0.0000000000
111312  -52.652  27.625  -8.396 0.0000000000
111300  -52.402  27.589  -7.548 0.0000000000
110583  -52.366  26.790  -7.941 0.0000000000
105304  -52.970  19.463  -6.172 0.0000000000
106029  -53.448  20.275  -6.400 0.0000000000
105292  -53.442  19.773  -5.407 0.0000000000
106011  -54.009  20.283  -4.578 0.0000000000
105283  -53.085  19.601  -4.428 0.0000000000
106000  -52.277  20.163  -4.054 0.0000000000
106009  -52.045  19.972  -4.778 0.0000000000
105836  -48.390  19.593  15.041 0.0000000000
107278  -50.111  23.125  12.753 0.0000000000
107267  -50.416  22.643  13.247 0.0000000000
108009  -50.729  23.706  12.864 0.0000000000
107993  -51.178  23.596  13.182 0.0000000000
108010  -51.223  23.838  13.035 0.0000000000
119874  -47.787  40.569  -1.151 0.0000000000
119233  -47.443  40.048  -0.919 0.0000000000
119238  -47.848  39.858  -1.691 0.0000000000
118598  -47.442  39.137  -2.196 0.0000000000
118599  -47.997  39.519  -2.270 0.0000000000
117245  -50.439  36.529  -7.402 0.0000000000
117239  -51.483  36.874  -6.741 0.0000000000
117956  -51.600  37.027  -6.291 0.0000000000
116604  -51.873  35.477  -7.175 0.0000000000
116055  -52.022  34.158  -7.677 0.0000000000
116054  -51.412  34.715  -7.960 0.0000000000
111308  -47.946  27.957  -8.886 0.0000000000
110604  -48.143  26.280  -9.182 0.0000000000
111329  -47.510  26.878  -10.847 0.0000000000
111824  -44.472  27.608  5.791 0.0000000000
111148  -45.536  26.826  6.822 0.0000000000
110397  -45.166  26.436  7.393 0.0000000000
111130  -45.933  26.587  7.321 0.0000000000
111802  -51.279  28.418  7.811 0.0000000000
111116  -50.780  27.878  8.402 0.0000000000
111117  -51.622  27.941  8.457 0.0000000000
114622  -46.636  31.914  -1.126 0.0000000000
114611  -47.125  32.501  -0.470 0.0000000000
115378  -46.664  33.121  -0.017 0.0000000000
114612  -48.124  32.597  -0.498 0.0000000000
111261  -52.278  27.493  -3.646 0.0000000000
111910  -51.834  28.004  -3.725 0.0000000000
111251  -52.149  27.632  -3.148 0.0000000000
111875  -50.552  28.716  1.576 0.0000000000
112509  -50.583  29.686  0.922 0.0000000000
112504  -50.679  29.665  1.730 0.0000000000
112494  -50.832  29.767  2.338 0.0000000000
112495  -51.109  29.840  3.177 0.0000000000
109616  -54.590  24.741  5.595 0.0000000000
109606  -53.992  25.504  6.081 0.0000000000
109607  -54.553  24.774  6.578 0.0000000000
109603  -54.415  24.791  7.612 0.0000000000
108794  -55.000  23.951  7.029 0.0000000000
108047  -54.838  23.382  7.734 0.0000000000
108795  -55.084  23.718  6.742 0.0000000000
108086  -51.930  23.547  5.442 0.0000000000
108067  -52.199  23.277  6.343 0.0000000000
107416  -50.290  22.863  -0.444 0.0000000000
108142  -50.358  22.980  0.024 0.0000000000
108840  -46.644  24.393  4.412 0.0000000000
108103  -46.874  23.749  4.975 0.0000000000
107377  -45.612  22.508  4.560 0.0000000000
105899  -53.475  20.267  9.609 0.0000000000
108987  -50.957  23.796  -9.022 0.0000000000
108223  -51.612  23.140  -8.601 0.0000000000
107504  -51.171  21.639  -9.369 0.0000000000
106050  -50.708  19.975  -8.891 0.0000000000
106062  -51.014  20.092  -9.190 0.0000000000
106040  -51.995  19.801  -7.382 0.0000000000
106039  -51.056  20.054  -7.992 0.0000000000
106705  -50.683  20.513  -6.546 0.0000000000
106717  -50.505  20.347  -7.518 0.0000000000
107477  -49.494  21.413  -7.596 0.0000000000
106566  -46.618  21.829  11.606 0.0000000000
107302  -48.603  23.635  11.720 0.0000000000
108032  -48.133  23.966  11.534 0.0000000000
120489  -46.584  42.069  -0.095 0.0000000000
113273  -47.789  30.474  -8.904 0.0000000000
113304  -46.979  31.009  -9.765 0.0000000000
112475  -48.739  29.218  4.348 0.0000000000
111844  -48.986  28.592  5.282 0.0000000000
112462  -49.799  29.143  5.413 0.0000000000
111827  -50.034  28.808  6.219 0.0000000000
112447  -50.466  29.246  6.085 0.0000000000
116585  -45.343  35.431  -4.693 0.0000000000
113214  -46.925  30.884  -3.195 0.0000000000
108906  -52.181  24.069  -2.610 0.0000000000
109713  -51.339  25.684  -2.591 0.0000000000
108898  -51.651  24.613  -2.061 0.0000000000
109690  -52.405  24.952  0.599 0.0000000000
109689  -51.551  25.519  0.053 0.0000000000
109680  -51.871  25.751  1.054 0.0000000000
110461  -52.217  26.058  1.913 0.0000000000
110443  -52.482  26.306  2.754 0.0000000000
109668  -52.961  25.527  2.237 0.0000000000
109670  -54.135  24.413  2.801 0.0000000000
109635  -54.552  24.661  4.646 0.0000000000
108845  -54.743  23.894  4.153 0.0000000000
108846  -54.896  23.644  4.932 0.0000000000
107386  -53.614  23.156  3.614 0.0000000000
107385  -53.086  23.249  3.923 0.0000000000
113947  -50.739  30.887  -7.132 0.0000000000
113252  -50.287  30.005  -6.879 0.0000000000
111288  -51.973  27.498  -6.541 0.0000000000
111287  -51.558  27.907  -6.397 0.0000000000
111278  -52.067  27.169  -5.424 0.0000000000
108966  -52.113  24.790  -7.292 0.0000000000
108210  -52.370  23.589  -7.115 0.0000000000
107464  -53.118  22.452  -5.759 0.0000000000
108193  -52.703  23.471  -6.081 0.0000000000
108182  -52.979  23.192  -5.032 0.0000000000
108173  -52.776  23.512  -4.054 0.0000000000
108174  -53.229  22.728  -4.386 0.0000000000
106685  -54.313  20.997  -2.860 0.0000000000
106676  -54.399  21.205  -2.089 0.0000000000
107435  -54.362  21.676  -1.799 0.0000000000
105986  -54.355  20.979  -1.645 0.0000000000
105976  -53.700  20.693  -1.108 0.0000000000
105984  -53.424  20.459  -1.989 0.0000000000
106674  -51.898  20.870  -2.676 0.0000000000
106673  -51.244  21.613  -2.280 0.0000000000
107425  -50.923  22.156  -1.365 0.0000000000
106696  -50.325  21.327  -6.038 0.0000000000
107455  -50.651  21.424  -5.182 0.0000000000
108171  -49.222  23.757  -3.946 0.0000000000
108164  -49.681  23.156  -3.381 0.0000000000
105850  -49.651  20.910  14.013 0.0000000000
106518  -51.562  21.477  15.362 0.0000000000
106517  -50.906  21.002  15.237 0.0000000000
105830  -52.365  20.768  15.981 0.0000000000
106519  -52.474  21.527  15.549 0.0000000000
105839  -53.612  20.848  15.131 0.0000000000
106520  -53.210  21.544  15.276 0.0000000000
107270  -52.666  22.888  13.556 0.0000000000
107996  -52.766  22.971  13.279 0.0000000000
107280  -53.432  22.300  12.806 0.0000000000
119217  -42.124  39.654  -0.670 0.0000000000
119216  -41.099  39.624  -0.679 0.0000000000
119228  -42.547  39.074  -1.227 0.0000000000
118587  -41.847  38.254  -1.914 0.0000000000
120473  -44.967  41.521  0.966 0.0000000000
119865  -44.845  40.288  0.181 0.0000000000
118591  -45.810  39.093  -1.631 0.0000000000
119230  -44.701  39.284  -1.041 0.0000000000
118596  -44.635  38.392  -2.293 0.0000000000
117921  -44.954  37.980  -2.885 0.0000000000
117219  -45.067  36.815  -3.941 0.0000000000
117927  -45.641  37.647  -3.355 0.0000000000
117934  -47.829  37.591  -4.221 0.0000000000
117933  -46.812  37.332  -4.050 0.0000000000
117226  -47.140  36.517  -4.808 0.0000000000
116589  -47.599  35.423  -5.556 0.0000000000
117232  -48.024  36.301  -5.319 0.0000000000
118604  -49.267  38.979  -3.697 0.0000000000
118613  -49.900  38.870  -4.400 0.0000000000
116593  -51.601  36.060  -5.780 0.0000000000
117234  -50.348  36.804  -5.441 0.0000000000
116595  -50.592  35.400  -5.682 0.0000000000
116042  -50.102  35.199  -5.750 0.0000000000
115426  -50.811  33.490  -6.395 0.0000000000
115427  -51.756  33.455  -6.785 0.0000000000
115451  -52.355  32.466  -8.010 0.0000000000
114689  -52.407  32.005  -7.840 0.0000000000
113966  -52.586  31.137  -8.703 0.0000000000
113277  -52.683  30.347  -8.326 0.0000000000
113291  -52.730  30.227  -9.024 0.0000000000
114706  -49.394  32.475  -8.627 0.0000000000
114707  -50.613  32.433  -8.759 0.0000000000
113963  -49.959  31.455  -8.836 0.0000000000
111310  -49.649  27.507  -8.629 0.0000000000
111965  -50.214  28.522  -8.939 0.0000000000
111311  -50.696  27.487  -9.145 0.0000000000
111320  -51.509  27.756  -9.493 0.0000000000
109785  -50.559  25.156  -8.875 0.0000000000
109784  -49.509  25.561  -8.810 0.0000000000
108984  -48.433  23.639  -9.873 0.0000000000
108985  -49.464  23.917  -9.353 0.0000000000
108233  -48.700  22.932  -10.000 0.0000000000
107501  -48.962  22.357  -10.186 0.0000000000
108244  -48.299  22.851  -10.389 0.0000000000
108243  -47.923  22.902  -10.814 0.0000000000
109001  -47.657  23.880  -11.658 0.0000000000
109007  -47.710  24.349  -12.754 0.0000000000
111994  -47.657  28.178  -11.247 0.0000000000
110350  -45.527  25.562  10.497 0.0000000000
110352  -47.384  25.945  9.892 0.0000000000
110339  -47.086  25.749  10.677 0.0000000000
109555  -48.492  25.174  11.589 0.0000000000
110328  -48.698  26.001  11.323 0.0000000000
111133  -48.778  27.184  7.692 0.0000000000
110390  -48.118  26.548  8.169 0.0000000000
111097  -50.403  27.078  10.202 0.0000000000
110342  -50.051  26.723  10.857 0.0000000000
110329  -49.648  26.246  11.392 0.0000000000
110330  -50.520  26.325  11.416 0.0000000000
109558  -51.012  25.803  11.890 0.0000000000
110331  -51.237  26.293  11.329 0.0000000000
109571  -52.637  25.808  10.514 0.0000000000
109559  -51.874  25.636  11.577 0.0000000000
108034  -53.033  24.211  11.599 0.0000000000
108779  -53.090  25.169  10.715 0.0000000000
116003  -46.650  34.062  0.825 0.0000000000
115980  -47.158  34.223  2.057 0.0000000000
112562  -49.425  29.048  -5.513 0.0000000000
112549  -48.846  29.518  -5.085 0.0000000000
112550  -49.672  28.893  -4.620 0.0000000000
112526  -50.981  29.523  -2.939 0.0000000000
113217  -49.483  29.877  -3.378 0.0000000000
113886  -50.691  31.146  -2.067 0.0000000000
111238  -51.201  28.014  -1.834 0.0000000000
111893  -51.197  28.685  -1.474 0.0000000000
113851  -51.436  31.718  -0.130 0.0000000000
113185  -51.452  30.825  -0.722 0.0000000000
113859  -51.484  31.540  -0.902 0.0000000000
114626  -50.597  32.242  -1.165 0.0000000000
114615  -50.845  32.626  -0.561 0.0000000000
115381  -49.689  33.407  -0.063 0.0000000000
115368  -51.172  33.226  0.803 0.0000000000
114585  -51.227  32.838  3.016 0.0000000000
115316  -51.138  33.457  2.613 0.0000000000
115315  -50.608  33.388  2.848 0.0000000000
115313  -49.339  33.026  3.004 0.0000000000
114583  -49.768  32.579  3.130 0.0000000000
113836  -49.460  31.836  3.208 0.0000000000
113837  -50.379  31.866  3.412 0.0000000000
112478  -51.799  29.695  4.967 0.0000000000
113133  -51.390  30.202  4.992 0.0000000000
112464  -51.543  29.740  5.647 0.0000000000
112465  -52.139  29.352  5.758 0.0000000000
110426  -52.621  26.560  3.609 0.0000000000
111177  -52.033  27.750  4.078 0.0000000000
110409  -52.804  26.773  4.472 0.0000000000
110398  -53.325  26.331  6.484 0.0000000000
111162  -52.962  27.055  5.880 0.0000000000
111154  -52.797  27.237  6.723 0.0000000000
111153  -52.545  28.084  6.924 0.0000000000
111137  -52.633  27.418  7.382 0.0000000000
110392  -52.614  27.218  8.080 0.0000000000
108790  -54.228  24.815  8.523 0.0000000000
108781  -54.257  23.806  10.139 0.0000000000
108041  -54.443  23.195  9.827 0.0000000000
106587  -52.996  21.747  8.946 0.0000000000
107364  -54.367  23.227  5.384 0.0000000000
107348  -54.167  23.025  6.049 0.0000000000
108055  -53.013  22.848  7.069 0.0000000000
107331  -51.934  22.581  7.759 0.0000000000
107319  -51.538  21.866  8.247 0.0000000000
107318  -50.825  21.598  8.078 0.0000000000
106584  -50.704  21.199  8.107 0.0000000000
106604  -49.136  22.009  7.027 0.0000000000
106594  -49.253  21.334  7.191 0.0000000000
106593  -48.916  21.198  6.952 0.0000000000
105922  -48.515  20.441  6.523 0.0000000000
106603  -48.574  21.394  6.703 0.0000000000
106651  -53.106  21.754  0.567 0.0000000000
106643  -53.274  21.920  1.002 0.0000000000
107411  -52.716  22.016  0.731 0.0000000000
107400  -51.341  23.021  1.412 0.0000000000
107401  -51.824  22.837  1.725 0.0000000000
108122  -51.714  23.275  2.552 0.0000000000
108113  -50.758  24.136  3.583 0.0000000000
108874  -48.487  24.743  1.653 0.0000000000
108875  -49.210  24.456  1.868 0.0000000000
108842  -48.722  24.507  4.497 0.0000000000
108858  -49.403  24.514  3.792 0.0000000000
108843  -49.475  24.350  4.538 0.0000000000
108844  -50.148  24.173  4.733 0.0000000000
108819  -49.545  24.090  5.179 0.0000000000
108083  -48.990  23.755  5.649 0.0000000000
107360  -46.953  22.209  5.456 0.0000000000
107361  -47.800  22.642  5.934 0.0000000000
105871  -54.175  20.642  13.435 0.0000000000
105169  -54.976  19.304  10.736 0.0000000000
106741  -50.055  21.275  -10.251 0.0000000000
106742  -50.714  20.955  -9.961 0.0000000000
106755  -50.177  20.549  -10.268 0.0000000000
106061  -50.405  20.135  -9.708 0.0000000000
106049  -49.873  19.967  -9.213 0.0000000000
106716  -49.809  20.651  -7.970 0.0000000000
106728  -49.442  20.307  -8.740 0.0000000000
112486  -49.371  30.182  3.843 0.0000000000
116038  -46.131  34.069  -5.233 0.0000000000
114658  -46.653  32.573  -5.360 0.0000000000
113913  -47.221  30.956  -5.040 0.0000000000
108151  -53.207  23.440  -1.104 0.0000000000
108891  -52.930  23.838  -0.596 0.0000000000
108143  -53.374  23.504  -0.675 0.0000000000
108884  -53.716  23.743  0.479 0.0000000000
109691  -53.190  24.498  0.966 0.0000000000
109682  -53.383  24.764  1.740 0.0000000000
108869  -54.167  23.714  2.187 0.0000000000
108116  -54.269  23.461  3.328 0.0000000000
107395  -53.968  23.013  2.403 0.0000000000
112587  -52.498  29.457  -7.859 0.0000000000
112586  -51.716  29.462  -7.306 0.0000000000
111956  -52.119  28.471  -7.310 0.0000000000
106718  -52.864  21.344  -7.325 0.0000000000
107478  -52.748  22.452  -6.805 0.0000000000
107465  -53.449  21.632  -5.702 0.0000000000
107457  -53.454  22.199  -4.947 0.0000000000
107450  -53.743  22.104  -3.926 0.0000000000
106692  -54.040  21.297  -4.319 0.0000000000
106012  -54.068  20.324  -3.788 0.0000000000
106003  -54.073  20.504  -3.179 0.0000000000
105991  -53.208  20.245  -2.943 0.0000000000
106683  -51.901  20.608  -3.552 0.0000000000
106682  -51.296  21.200  -3.562 0.0000000000
105820  -49.973  19.721  16.450 0.0000000000
106532  -50.053  21.677  13.601 0.0000000000
106533  -50.792  22.314  13.723 0.0000000000
106526  -51.574  22.204  14.588 0.0000000000
107262  -51.893  22.851  13.999 0.0000000000
107989  -52.032  23.303  13.638 0.0000000000
108738  -51.957  24.001  13.097 0.0000000000
119863  -42.764  40.274  -0.123 0.0000000000
119867  -46.746  40.574  0.098 0.0000000000
119866  -45.854  40.396  0.231 0.0000000000
119221  -46.247  40.053  -0.411 0.0000000000
119236  -46.282  39.280  -1.489 0.0000000000
118601  -46.315  38.182  -3.003 0.0000000000
118602  -47.032  38.479  -2.858 0.0000000000
117929  -47.484  38.086  -3.493 0.0000000000
118634  -50.298  38.899  -5.921 0.0000000000
117945  -50.483  37.709  -5.536 0.0000000000
117946  -51.275  37.184  -5.924 0.0000000000
117236  -51.803  36.530  -5.993 0.0000000000
116597  -52.030  35.540  -6.255 0.0000000000
116049  -52.262  34.390  -6.880 0.0000000000
115450  -52.000  33.082  -8.185 0.0000000000
112595  -48.782  29.551  -8.581 0.0000000000
111309  -48.655  27.683  -8.571 0.0000000000
110592  -48.926  26.379  -8.671 0.0000000000
109783  -49.003  25.656  -8.799 0.0000000000
109796  -47.962  24.414  -10.022 0.0000000000
108994  -47.896  23.591  -10.560 0.0000000000
111823  -43.863  27.712  5.801 0.0000000000
110395  -43.979  26.802  6.809 0.0000000000
110396  -44.562  26.600  7.089 0.0000000000
110371  -46.612  25.847  8.991 0.0000000000
110372  -47.749  26.138  8.957 0.0000000000
111134  -49.927  27.887  7.523 0.0000000000
111106  -50.594  27.398  9.377 0.0000000000
111098  -51.179  27.275  10.120 0.0000000000
111099  -51.823  27.276  9.876 0.0000000000
110355  -52.404  26.799  9.823 0.0000000000
109585  -52.737  26.190  9.832 0.0000000000
115377  -45.766  33.109  -0.114 0.0000000000
115364  -47.110  33.768  0.452 0.0000000000
115365  -48.054  33.952  0.482 0.0000000000
111916  -50.534  28.360  -4.538 0.0000000000
112551  -50.169  28.791  -4.147 0.0000000000
111909  -51.151  28.383  -3.903 0.0000000000
112539  -51.399  28.715  -3.292 0.0000000000
112527  -51.522  29.073  -2.576 0.0000000000
111223  -50.567  28.111  -0.289 0.0000000000
111884  -50.840  29.028  -0.762 0.0000000000
111878  -50.481  28.903  0.348 0.0000000000
113175  -50.892  30.476  0.553 0.0000000000
113848  -51.395  31.884  0.770 0.0000000000
114601  -51.427  32.718  1.244 0.0000000000
113845  -51.394  31.937  1.762 0.0000000000
113839  -51.311  31.952  2.747 0.0000000000
113155  -50.864  31.091  3.816 0.0000000000
113156  -51.125  30.902  3.475 0.0000000000
112487  -51.486  29.882  4.113 0.0000000000
111854  -51.729  29.307  4.474 0.0000000000
111168  -53.044  26.766  5.175 0.0000000000
109600  -54.306  24.813  8.216 0.0000000000
108044  -54.678  23.288  8.841 0.0000000000
108088  -53.467  23.116  5.660 0.0000000000
108069  -53.676  23.002  6.125 0.0000000000
108053  -51.517  23.012  7.039 0.0000000000
107345  -50.664  23.019  6.847 0.0000000000
107344  -49.750  22.680  6.887 0.0000000000
107418  -51.631  21.973  -0.640 0.0000000000
107410  -52.037  22.256  0.527 0.0000000000
108128  -50.940  23.393  1.630 0.0000000000
108817  -48.326  24.264  4.966 0.0000000000
108082  -48.069  23.760  5.451 0.0000000000
108104  -47.443  23.821  5.176 0.0000000000
106627  -45.044  21.449  4.271 0.0000000000
105132  -53.383  19.496  14.383 0.0000000000
109786  -51.431  25.621  -8.699 0.0000000000
108975  -51.729  25.108  -8.080 0.0000000000
106729  -51.806  21.246  -8.826 0.0000000000
106730  -52.377  20.839  -8.111 0.0000000000
106052  -52.259  20.139  -7.924 0.0000000000
105315  -52.695  19.694  -6.883 0.0000000000
106027  -51.849  19.602  -6.434 0.0000000000
106018  -52.017  19.625  -5.518 0.0000000000
106017  -51.276  20.000  -6.036 0.0000000000
107463  -49.587  22.175  -6.614 0.0000000000
105848  -47.459  19.710  13.953 0.0000000000
105869  -48.025  20.564  13.015 0.0000000000
106544  -48.955  21.525  12.812 0.0000000000
106567  -47.530  22.252  11.640 0.0000000000
107276  -48.306  22.194  11.967 0.0000000000
107277  -49.119  22.978  12.199 0.0000000000
108008  -49.857  23.826  12.320 0.0000000000
120475  -46.486  41.828  0.470 0.0000000000
120476  -47.034  41.616  0.102 0.0000000000
120490  -47.318  41.468  -0.330 0.0000000000
120531  -47.798  40.911  -1.402 0.0000000000
116053  -50.308  34.678  -8.118 0.0000000000
113962  -48.813  31.412  -8.691 0.0000000000
113274  -48.368  30.448  -8.693 0.0000000000
112594  -47.811  29.553  -8.928 0.0000000000
111971  -47.585  28.504  -9.329 0.0000000000
112622  -47.296  29.290  -10.733 0.0000000000
111825  -48.526  28.011  5.884 0.0000000000
111152  -49.767  28.275  6.707 0.0000000000
111809  -50.382  28.525  7.009 0.0000000000
111829  -51.174  29.089  6.955 0.0000000000
113867  -46.185  31.485  -1.946 0.0000000000
113868  -47.166  31.473  -1.731 0.0000000000
109734  -52.165  25.723  -3.648 0.0000000000
110521  -51.985  26.643  -3.210 0.0000000000
109724  -51.782  25.706  -3.304 0.0000000000
110508  -50.976  26.866  -1.954 0.0000000000
108890  -52.012  24.379  -1.125 0.0000000000
110495  -50.858  26.387  -0.573 0.0000000000
110477  -50.676  27.206  0.104 0.0000000000
111208  -50.876  27.157  1.011 0.0000000000
111195  -50.913  27.787  1.895 0.0000000000
111185  -51.520  27.848  3.156 0.0000000000
110442  -51.737  26.902  2.443 0.0000000000
110427  -53.309  25.921  3.921 0.0000000000
109669  -53.621  24.997  2.521 0.0000000000
109655  -53.840  25.180  3.359 0.0000000000
109634  -53.985  25.309  4.240 0.0000000000
108803  -55.033  23.658  6.220 0.0000000000
108822  -55.012  23.662  5.557 0.0000000000
107365  -54.656  23.407  5.483 0.0000000000
107381  -54.198  23.221  4.456 0.0000000000
108107  -52.775  23.370  4.650 0.0000000000
108106  -51.694  23.749  4.425 0.0000000000
108140  -49.213  24.007  0.119 0.0000000000
108881  -48.737  24.483  0.702 0.0000000000
108864  -47.669  25.141  2.297 0.0000000000
109654  -46.638  25.137  3.373 0.0000000000
108855  -46.309  24.872  3.828 0.0000000000
108839  -45.741  24.200  4.247 0.0000000000
113936  -48.967  31.440  -6.531 0.0000000000
113251  -49.639  30.434  -6.741 0.0000000000
112574  -49.762  29.401  -6.382 0.0000000000
111941  -49.904  28.720  -5.787 0.0000000000
111943  -51.176  28.385  -6.525 0.0000000000
111928  -50.786  28.133  -5.884 0.0000000000
111276  -50.799  27.987  -5.308 0.0000000000
111270  -51.695  27.532  -4.816 0.0000000000
111271  -52.242  27.315  -4.412 0.0000000000
110536  -52.644  26.618  -4.024 0.0000000000
109775  -52.152  25.862  -7.570 0.0000000000
109764  -52.315  25.675  -6.668 0.0000000000
109755  -52.557  25.585  -5.722 0.0000000000
109745  -52.670  25.583  -4.802 0.0000000000
109735  -52.472  25.586  -4.097 0.0000000000
108915  -52.239  24.622  -3.648 0.0000000000
108165  -52.691  23.425  -3.075 0.0000000000
107442  -53.852  22.135  -2.943 0.0000000000
108159  -53.376  22.746  -2.473 0.0000000000
107427  -54.115  22.607  -0.903 0.0000000000
107428  -54.408  22.011  -1.155 0.0000000000
106653  -54.267  21.949  0.345 0.0000000000
106659  -54.024  21.181  -0.362 0.0000000000
106658  -53.190  21.209  -0.461 0.0000000000
106666  -52.081  21.273  -1.372 0.0000000000
107424  -50.242  22.753  -0.894 0.0000000000
106698  -51.493  20.303  -5.171 0.0000000000
106690  -51.138  21.029  -4.705 0.0000000000
107448  -50.205  22.487  -3.891 0.0000000000
105828  -50.317  20.409  15.706 0.0000000000
105838  -50.422  20.869  14.920 0.0000000000
105829  -51.090  20.759  15.711 0.0000000000
105821  -50.941  20.247  16.303 0.0000000000
105105  -52.599  20.136  15.754 0.0000000000
105131  -52.874  19.408  14.500 0.0000000000
105117  -53.545  20.025  14.986 0.0000000000
105840  -53.891  20.447  14.690 0.0000000000
105851  -53.851  20.957  14.323 0.0000000000
107258  -53.248  21.899  14.907 0.0000000000
106534  -53.557  21.672  14.039 0.0000000000
105870  -53.818  21.210  13.783 0.0000000000
106546  -53.668  21.608  13.263 0.0000000000
106568  -53.757  21.849  12.525 0.0000000000
107303  -53.652  22.488  11.984 0.0000000000
119220  -45.283  39.852  -0.405 0.0000000000
119219  -44.243  39.739  -0.472 0.0000000000
119229  -43.638  39.171  -1.120 0.0000000000
118595  -43.570  38.193  -2.310 0.0000000000
117925  -43.435  37.119  -3.499 0.0000000000
117218  -43.957  36.297  -4.099 0.0000000000
117224  -44.840  36.020  -4.357 0.0000000000
117932  -46.098  37.289  -3.832 0.0000000000
117225  -45.880  36.522  -4.337 0.0000000000
116035  -46.360  35.077  -5.253 0.0000000000
116039  -46.739  34.511  -5.472 0.0000000000
116045  -48.399  33.809  -6.160 0.0000000000
119248  -48.260  39.893  -2.424 0.0000000000
117935  -48.901  38.034  -4.408 0.0000000000
117228  -48.939  37.435  -4.868 0.0000000000
117944  -49.912  37.597  -5.091 0.0000000000
117233  -49.192  36.852  -5.298 0.0000000000
116590  -48.698  35.663  -5.650 0.0000000000
116046  -49.082  34.104  -6.152 0.0000000000
114674  -49.996  32.501  -6.601 0.0000000000
113948  -51.216  31.107  -7.253 0.0000000000
114676  -51.835  32.618  -7.190 0.0000000000
113949  -52.004  31.481  -7.538 0.0000000000
113264  -52.237  30.429  -7.746 0.0000000000
112598  -52.855  29.428  -8.568 0.0000000000
111322  -52.596  27.533  -9.037 0.0000000000
115449  -51.214  33.256  -8.482 0.0000000000
114708  -51.634  32.330  -8.740 0.0000000000
113983  -51.907  30.899  -9.313 0.0000000000
113276  -50.396  30.460  -9.041 0.0000000000
113289  -51.353  30.341  -9.375 0.0000000000
113290  -52.166  30.226  -9.432 0.0000000000
111973  -52.027  28.553  -9.648 0.0000000000
111321  -52.225  27.725  -9.465 0.0000000000
110595  -51.842  26.547  -8.939 0.0000000000
108973  -50.786  24.510  -8.894 0.0000000000
108986  -50.515  24.118  -9.065 0.0000000000
109798  -49.853  24.738  -8.982 0.0000000000
108235  -50.111  23.028  -9.544 0.0000000000
107502  -49.729  22.179  -10.031 0.0000000000
106753  -48.800  20.975  -10.644 0.0000000000
108250  -47.686  22.933  -11.365 0.0000000000
110619  -47.897  26.063  -11.984 0.0000000000
109553  -46.353  25.090  11.444 0.0000000000
110338  -46.235  25.588  10.837 0.0000000000
110326  -46.782  25.443  11.168 0.0000000000
109554  -47.302  25.134  11.497 0.0000000000
109534  -48.913  25.022  11.641 0.0000000000
109536  -49.945  25.120  11.950 0.0000000000
110353  -48.386  26.296  9.823 0.0000000000
110374  -49.377  26.860  9.050 0.0000000000
110354  -49.223  26.663  9.716 0.0000000000
110341  -49.099  26.500  10.637 0.0000000000
108756  -51.243  24.360  12.740 0.0000000000
108757  -52.040  24.512  12.513 0.0000000000
108011  -52.722  23.945  12.148 0.0000000000
107308  -53.912  22.817  11.182 0.0000000000
115329  -46.487  33.615  2.301 0.0000000000
114594  -46.955  32.887  2.720 0.0000000000
113843  -47.471  32.522  2.828 0.0000000000
113926  -48.374  30.865  -6.093 0.0000000000
113229  -47.423  30.647  -4.353 0.0000000000
112537  -49.871  29.226  -3.858 0.0000000000
113216  -48.340  30.199  -3.624 0.0000000000
113200  -48.072  30.680  -2.822 0.0000000000
113884  -48.660  31.106  -2.159 0.0000000000
113870  -49.203  31.794  -1.494 0.0000000000
111901  -51.883  28.356  -2.763 0.0000000000
113203  -51.245  30.475  -2.122 0.0000000000
111885  -51.312  29.302  -1.384 0.0000000000
112518  -51.448  29.927  -1.611 0.0000000000
113872  -50.956  31.656  -1.593 0.0000000000
114625  -49.803  32.284  -1.174 0.0000000000
114613  -49.182  32.609  -0.692 0.0000000000
115380  -48.632  33.340  -0.040 0.0000000000
115366  -49.124  34.081  0.526 0.0000000000
116006  -49.431  34.600  1.196 0.0000000000
115349  -51.264  33.578  1.492 0.0000000000
115993  -50.310  34.498  1.699 0.0000000000
115982  -49.264  34.359  2.310 0.0000000000
115331  -48.853  33.496  2.798 0.0000000000
114596  -48.581  33.054  2.987 0.0000000000
113835  -48.327  32.020  2.980 0.0000000000
113153  -49.018  30.959  3.260 0.0000000000
113144  -50.922  30.556  4.576 0.0000000000
112477  -50.699  30.269  4.947 0.0000000000
112463  -50.749  29.765  5.524 0.0000000000
112448  -51.326  29.352  6.519 0.0000000000
111811  -51.560  28.943  7.186 0.0000000000
111176  -51.673  28.103  3.742 0.0000000000
111862  -51.849  28.413  4.283 0.0000000000
111855  -52.031  28.731  4.753 0.0000000000
111846  -52.375  28.697  5.603 0.0000000000
111830  -52.388  28.782  6.371 0.0000000000
111812  -52.169  28.719  7.180 0.0000000000
111804  -52.146  28.228  7.713 0.0000000000
111118  -52.188  27.794  8.266 0.0000000000
110375  -52.574  27.117  8.940 0.0000000000
109586  -53.236  25.646  9.596 0.0000000000
108780  -53.634  24.537  10.462 0.0000000000
107309  -54.186  22.357  10.463 0.0000000000
106577  -53.094  21.109  9.379 0.0000000000
106576  -52.651  20.941  9.203 0.0000000000
107335  -54.659  23.326  6.461 0.0000000000
107334  -54.471  23.120  7.079 0.0000000000
107333  -53.848  22.772  7.523 0.0000000000
107320  -52.516  22.124  8.408 0.0000000000
105908  -51.421  20.440  8.465 0.0000000000
105907  -50.715  20.709  8.107 0.0000000000
105915  -50.188  20.264  7.617 0.0000000000
105914  -49.527  20.592  7.257 0.0000000000
106645  -54.049  21.917  1.033 0.0000000000
107393  -52.644  23.009  2.689 0.0000000000
108134  -49.658  23.963  0.907 0.0000000000
108866  -49.534  24.470  2.832 0.0000000000
108105  -50.853  24.103  4.230 0.0000000000
108084  -49.795  23.780  5.680 0.0000000000
108064  -49.288  23.305  6.262 0.0000000000
107342  -48.066  21.899  6.303 0.0000000000
105097  -52.107  20.302  16.154 0.0000000000
105113  -47.439  19.198  14.885 0.0000000000
105118  -53.998  20.120  14.534 0.0000000000
105275  -53.194  19.664  -4.162 0.0000000000
105284  -53.476  19.673  -4.587 0.0000000000
105291  -52.753  19.491  -5.250 0.0000000000
105303  -52.386  19.440  -5.939 0.0000000000
105305  -53.438  19.853  -6.107 0.0000000000
105314  -52.379  19.525  -6.585 0.0000000000
105819  -49.561  19.487  16.496 0.0000000000
105831  -53.015  20.902  15.682 0.0000000000
105852  -54.083  20.362  14.243 0.0000000000
105977  -54.235  20.962  -1.101 0.0000000000
105978  -54.397  21.207  -1.207 0.0000000000
105985  -54.004  20.635  -1.787 0.0000000000
105990  -52.502  20.383  -3.224 0.0000000000
105992  -53.797  20.402  -2.654 0.0000000000
106001  -53.004  19.852  -3.892 0.0000000000
106002  -53.713  19.994  -3.703 0.0000000000
106010  -52.578  19.737  -4.570 0.0000000000
106019  -52.340  19.663  -5.034 0.0000000000
106028  -53.209  19.846  -6.713 0.0000000000
106041  -52.842  20.224  -7.362 0.0000000000
106073  -49.786  20.180  -10.252 0.0000000000
106512  -51.942  21.093  15.924 0.0000000000
106524  -50.165  21.073  14.357 0.0000000000
106644  -53.559  21.888  1.025 0.0000000000
106650  -52.609  21.927  0.419 0.0000000000
106668  -54.423  21.420  -1.423 0.0000000000
106675  -54.241  21.595  -2.487 0.0000000000
106693  -54.236  20.748  -3.688 0.0000000000
106699  -53.817  21.085  -5.247 0.0000000000
106707  -53.542  20.912  -6.069 0.0000000000
106719  -53.264  20.735  -6.797 0.0000000000
107257  -52.837  22.101  14.937 0.0000000000
107261  -51.345  22.506  13.948 0.0000000000
107264  -53.187  22.125  14.422 0.0000000000
107269  -51.518  23.024  13.658 0.0000000000
107279  -50.595  23.167  13.079 0.0000000000
107346  -53.411  22.833  7.068 0.0000000000
107379  -53.222  23.259  4.438 0.0000000000
107426  -51.504  21.760  -1.233 0.0000000000
107456  -53.183  22.615  -5.249 0.0000000000
107511  -47.931  22.310  -10.944 0.0000000000
107513  -49.303  21.517  -10.416 0.0000000000
107990  -52.203  23.076  13.754 0.0000000000
108033  -48.590  24.036  11.620 0.0000000000
108057  -54.824  23.469  6.316 0.0000000000
108068  -53.148  23.021  6.453 0.0000000000
108070  -54.814  23.489  5.792 0.0000000000
108089  -54.559  23.372  5.040 0.0000000000
108090  -54.781  23.492  5.291 0.0000000000
108108  -53.224  23.231  5.174 0.0000000000
108110  -54.719  23.477  4.955 0.0000000000
108123  -52.233  23.206  2.890 0.0000000000
108129  -51.510  23.152  1.955 0.0000000000
108144  -53.854  23.247  -0.353 0.0000000000
108145  -54.239  23.027  -0.020 0.0000000000
108152  -53.613  22.918  -1.447 0.0000000000
108236  -51.033  23.034  -9.205 0.0000000000
108737  -51.728  24.142  12.945 0.0000000000
108753  -48.991  24.734  11.667 0.0000000000
108754  -49.611  24.554  11.944 0.0000000000
108771  -47.749  24.560  11.546 0.0000000000
108772  -48.506  24.446  11.602 0.0000000000
108774  -53.240  24.338  11.273 0.0000000000
108859  -50.168  24.300  3.857 0.0000000000
108876  -53.750  24.078  1.256 0.0000000000
108882  -49.036  24.445  1.254 0.0000000000
108883  -52.972  24.198  0.217 0.0000000000
108892  -53.411  23.749  -0.048 0.0000000000
108899  -52.415  23.862  -1.574 0.0000000000
108914  -51.965  25.283  -3.492 0.0000000000
108983  -48.027  23.859  -10.095 0.0000000000
109535  -49.241  25.061  11.713 0.0000000000
109537  -50.696  25.168  12.273 0.0000000000
109787  -52.031  26.129  -8.354 0.0000000000
110356  -52.795  26.469  9.388 0.0000000000
110391  -48.683  26.798  8.318 0.0000000000
110507  -50.863  27.625  -1.526 0.0000000000
110535  -52.412  26.179  -3.735 0.0000000000
110605  -51.261  27.202  -9.320 0.0000000000
110606  -51.716  27.107  -9.337 0.0000000000
110607  -52.230  27.100  -9.205 0.0000000000
111105  -49.879  27.037  9.543 0.0000000000
111114  -49.081  26.940  8.513 0.0000000000
111146  -43.394  27.158  6.495 0.0000000000
111194  -50.623  28.131  1.470 0.0000000000
111237  -50.801  28.171  -1.201 0.0000000000
111269  -51.131  27.795  -4.914 0.0000000000
111810  -50.979  28.792  7.263 0.0000000000
111845  -49.558  28.715  5.746 0.0000000000
111870  -50.687  29.232  2.080 0.0000000000
111876  -50.739  28.402  2.041 0.0000000000
111902  -52.031  28.112  -3.200 0.0000000000
111908  -50.795  28.497  -4.009 0.0000000000
111915  -50.017  28.571  -4.735 0.0000000000
111917  -51.411  27.940  -4.336 0.0000000000
111927  -50.341  28.317  -5.488 0.0000000000
111942  -50.415  28.640  -6.222 0.0000000000
111955  -51.603  28.656  -7.021 0.0000000000
111962  -47.857  28.663  -8.901 0.0000000000
111964  -49.235  28.579  -8.533 0.0000000000
111974  -52.743  28.507  -9.049 0.0000000000
112439  -51.596  29.212  6.889 0.0000000000
112440  -51.833  29.181  6.886 0.0000000000
112446  -50.119  29.078  5.916 0.0000000000
112461  -49.220  28.924  4.978 0.0000000000
112511  -50.754  29.804  -0.058 0.0000000000
112536  -49.002  29.544  -4.170 0.0000000000
112540  -51.809  28.497  -3.110 0.0000000000
112561  -48.965  29.689  -5.926 0.0000000000
112573  -49.219  29.923  -6.412 0.0000000000
112576  -51.327  28.940  -6.974 0.0000000000
112585  -51.293  29.908  -7.173 0.0000000000
112597  -50.734  29.481  -9.274 0.0000000000
112607  -51.656  29.442  -9.570 0.0000000000
112608  -52.455  29.409  -9.418 0.0000000000
113143  -50.501  30.446  4.537 0.0000000000
113158  -50.841  30.169  1.966 0.0000000000
113166  -51.101  31.149  1.171 0.0000000000
113176  -51.276  31.117  0.215 0.0000000000
113184  -51.125  30.471  -0.210 0.0000000000
113190  -51.477  30.858  -1.398 0.0000000000
113199  -47.296  30.848  -2.859 0.0000000000
113215  -47.455  30.635  -3.442 0.0000000000
113218  -50.295  29.568  -3.297 0.0000000000
113240  -48.299  30.316  -5.584 0.0000000000
113261  -50.389  30.620  -7.011 0.0000000000
113262  -50.921  30.335  -7.113 0.0000000000
113305  -46.950  30.440  -10.263 0.0000000000
113844  -47.743  32.343  2.888 0.0000000000
113857  -48.561  32.109  -1.049 0.0000000000
113858  -49.071  32.196  -1.096 0.0000000000
113869  -48.148  31.581  -1.608 0.0000000000
113871  -50.215  31.750  -1.648 0.0000000000
113887  -51.159  31.194  -1.851 0.0000000000
113935  -48.345  31.966  -6.356 0.0000000000
113939  -51.929  32.114  -7.345 0.0000000000
113984  -52.450  30.834  -9.151 0.0000000000
113985  -52.692  30.777  -9.018 0.0000000000
114581  -48.405  32.543  3.024 0.0000000000
114584  -50.544  32.684  3.167 0.0000000000
114595  -48.072  32.836  2.928 0.0000000000
114604  -50.995  33.030  0.135 0.0000000000
114616  -51.286  32.269  -0.381 0.0000000000
114624  -49.325  32.234  -1.123 0.0000000000
114627  -51.211  32.018  -1.078 0.0000000000
114675  -51.120  32.576  -6.796 0.0000000000
114688  -52.162  32.346  -7.546 0.0000000000
114709  -52.259  32.076  -8.509 0.0000000000
114710  -52.458  31.802  -8.232 0.0000000000
115314  -49.861  33.194  2.921 0.0000000000
115333  -50.674  34.004  2.407 0.0000000000
115334  -51.200  33.726  2.159 0.0000000000
115348  -50.851  34.181  1.796 0.0000000000
115362  -45.558  33.626  0.489 0.0000000000
115363  -46.302  33.627  0.415 0.0000000000
115382  -50.469  33.215  -0.085 0.0000000000
115413  -46.277  33.444  -5.249 0.0000000000
115424  -48.643  33.300  -6.297 0.0000000000
115436  -50.139  34.127  -8.306 0.0000000000
115438  -52.336  32.516  -7.725 0.0000000000
115983  -50.093  34.436  2.235 0.0000000000
115984  -50.530  34.380  2.077 0.0000000000
115991  -48.795  34.747  1.756 0.0000000000
115992  -49.679  34.735  1.805 0.0000000000
116004  -47.459  34.349  0.928 0.0000000000
116005  -48.433  34.570  1.035 0.0000000000
116007  -49.998  34.574  1.376 0.0000000000
116041  -49.386  34.983  -5.870 0.0000000000
116047  -50.360  34.550  -5.990 0.0000000000
116060  -50.391  34.115  -8.315 0.0000000000
116061  -50.902  34.063  -8.300 0.0000000000
116586  -46.199  35.629  -4.949 0.0000000000
116592  -50.947  36.032  -5.520 0.0000000000
116596  -51.309  35.348  -5.827 0.0000000000
117231  -47.369  35.976  -5.301 0.0000000000
117246  -51.360  36.378  -7.223 0.0000000000
117247  -51.776  36.318  -6.940 0.0000000000
117926  -44.496  37.308  -3.497 0.0000000000
117930  -48.361  38.358  -3.715 0.0000000000
117937  -50.142  38.221  -4.860 0.0000000000
117943  -49.347  37.632  -4.844 0.0000000000
117967  -50.902  37.092  -7.030 0.0000000000
118588  -43.053  38.550  -1.742 0.0000000000
118590  -45.173  38.924  -1.655 0.0000000000
118612  -49.479  38.549  -4.265 0.0000000000
118614  -50.303  38.662  -4.955 0.0000000000
119222  -46.981  40.233  -0.456 0.0000000000
119232  -46.678  39.719  -0.937 0.0000000000
119304  -49.910  39.504  -5.782 0.0000000000
119852  -45.396  40.951  0.690 0.0000000000
119854  -47.015  41.214  0.267 0.0000000000
119855  -47.292  41.301  -0.028 0.0000000000
120510  -47.677  41.147  -0.877 0.0000000000
120530  -47.594  41.208  -1.302 0.0000000000
