#!ascii label  , from subject sub-THP0005 vox2ras=TkReg
1350
67598  -39.107  -17.920  33.609 0.0000000000
78234  -53.974  -8.601  25.901 0.0000000000
73441  -44.871  -12.335  29.508 0.0000000000
49625  -14.299  -33.218  50.884 0.0000000000
68634  -32.491  -16.767  35.966 0.0000000000
48469  -28.575  -33.217  52.165 0.0000000000
56795  -33.553  -25.934  50.986 0.0000000000
65020  -34.746  -19.786  44.583 0.0000000000
69638  -33.984  -16.498  42.994 0.0000000000
53195  -20.285  -28.995  45.601 0.0000000000
51895  -25.066  -30.648  52.221 0.0000000000
51997  -25.149  -30.595  46.410 0.0000000000
54416  -33.761  -28.965  45.691 0.0000000000
59286  -35.941  -24.884  45.616 0.0000000000
71928  -38.496  -13.923  39.622 0.0000000000
71960  -41.768  -13.711  38.264 0.0000000000
74731  -49.920  -11.532  27.469 0.0000000000
70864  -41.708  -15.160  31.568 0.0000000000
77142  -52.253  -9.418  20.502 0.0000000000
46179  -11.182  -35.943  51.780 0.0000000000
70746  -35.757  -14.698  40.714 0.0000000000
69740  -35.496  -16.488  35.113 0.0000000000
52027  -29.756  -30.883  45.659 0.0000000000
51912  -32.255  -30.656  51.825 0.0000000000
73342  -45.502  -11.815  35.442 0.0000000000
83760  -59.087  -3.552  18.366 0.0000000000
63867  -34.901  -20.799  42.182 0.0000000000
65068  -34.340  -19.152  40.937 0.0000000000
52020  -22.611  -30.180  45.912 0.0000000000
56935  -35.115  -26.327  42.956 0.0000000000
60370  -34.969  -23.586  43.051 0.0000000000
61460  -35.041  -22.369  45.375 0.0000000000
68597  -38.358  -16.666  37.560 0.0000000000
69671  -40.200  -15.616  39.598 0.0000000000
69711  -40.606  -16.090  36.755 0.0000000000
75932  -52.295  -10.289  26.651 0.0000000000
74704  -53.908  -11.509  29.668 0.0000000000
78255  -56.162  -8.352  25.613 0.0000000000
47379  -13.582  -34.797  47.424 0.0000000000
47339  -12.991  -34.821  50.696 0.0000000000
68569  -33.299  -16.954  39.234 0.0000000000
70728  -34.907  -15.489  42.313 0.0000000000
69680  -34.681  -15.761  38.274 0.0000000000
70784  -35.847  -14.864  37.430 0.0000000000
69722  -34.084  -15.992  35.476 0.0000000000
50738  -26.600  -31.551  52.198 0.0000000000
49548  -26.609  -32.254  55.160 0.0000000000
48418  -28.391  -33.463  54.619 0.0000000000
49579  -30.348  -32.756  54.027 0.0000000000
52076  -27.315  -30.769  43.451 0.0000000000
52099  -29.939  -30.695  42.911 0.0000000000
55631  -34.339  -27.705  48.185 0.0000000000
53156  -32.829  -29.386  48.277 0.0000000000
54330  -32.721  -28.637  50.992 0.0000000000
54285  -31.964  -29.088  53.673 0.0000000000
51971  -17.760  -30.669  47.296 0.0000000000
54325  -18.829  -28.633  50.435 0.0000000000
54280  -18.072  -28.222  53.691 0.0000000000
73421  -43.595  -12.939  30.376 0.0000000000
72022  -43.637  -13.434  33.252 0.0000000000
73393  -45.241  -12.053  32.529 0.0000000000
82657  -60.924  -4.189  17.160 0.0000000000
49571  -13.594  -32.790  53.759 0.0000000000
66190  -33.890  -18.262  47.196 0.0000000000
69593  -33.716  -15.840  46.843 0.0000000000
66242  -34.282  -18.147  43.758 0.0000000000
66275  -33.448  -18.389  40.206 0.0000000000
53141  -20.809  -29.146  49.221 0.0000000000
53115  -22.437  -29.691  51.943 0.0000000000
53155  -22.316  -29.887  49.091 0.0000000000
51940  -24.694  -30.661  49.305 0.0000000000
50788  -26.753  -31.134  49.196 0.0000000000
53244  -32.556  -29.753  42.941 0.0000000000
54466  -33.904  -28.424  42.444 0.0000000000
55667  -35.639  -27.030  45.848 0.0000000000
59254  -35.582  -24.909  48.899 0.0000000000
61442  -35.058  -22.471  48.771 0.0000000000
63811  -34.531  -20.567  47.462 0.0000000000
54423  -19.003  -29.272  44.789 0.0000000000
75703  -38.088  -11.493  42.053 0.0000000000
75649  -40.453  -9.955  44.343 0.0000000000
73207  -40.258  -12.627  42.838 0.0000000000
73232  -42.310  -12.216  41.721 0.0000000000
73444  -47.599  -12.253  28.473 0.0000000000
74655  -47.730  -11.381  31.569 0.0000000000
74681  -50.854  -11.693  30.451 0.0000000000
41739  -7.912  -38.896  55.371 0.0000000000
68683  -40.440  -16.739  32.429 0.0000000000
70928  -42.043  -14.106  28.762 0.0000000000
73498  -44.925  -12.482  26.604 0.0000000000
74744  -47.319  -12.088  25.822 0.0000000000
75940  -49.411  -10.522  25.087 0.0000000000
77081  -51.993  -8.949  24.367 0.0000000000
78299  -53.560  -8.863  23.234 0.0000000000
78295  -50.538  -8.891  21.925 0.0000000000
48410  -12.071  -34.221  54.165 0.0000000000
47282  -10.423  -34.981  54.458 0.0000000000
45069  -8.389  -36.629  54.631 0.0000000000
75620  -36.788  -10.691  46.270 0.0000000000
70690  -34.631  -14.430  45.358 0.0000000000
71880  -35.862  -13.682  44.231 0.0000000000
73205  -36.764  -12.434  42.596 0.0000000000
71943  -36.812  -13.503  39.008 0.0000000000
69710  -36.858  -15.731  36.719 0.0000000000
67578  -36.899  -18.229  34.281 0.0000000000
51841  -25.237  -30.370  55.339 0.0000000000
51999  -27.146  -30.824  46.541 0.0000000000
50806  -28.841  -31.848  48.674 0.0000000000
53199  -31.847  -30.396  46.125 0.0000000000
51960  -31.143  -31.223  48.215 0.0000000000
50758  -30.929  -32.375  51.542 0.0000000000
50702  -31.259  -31.493  54.457 0.0000000000
49681  -15.095  -33.494  47.678 0.0000000000
49683  -16.580  -32.425  47.152 0.0000000000
50767  -15.752  -31.633  50.381 0.0000000000
70811  -42.174  -14.674  34.636 0.0000000000
71972  -43.743  -13.206  36.224 0.0000000000
73296  -45.780  -11.686  38.334 0.0000000000
75817  -47.918  -10.293  34.197 0.0000000000
77097  -55.942  -9.540  23.846 0.0000000000
78300  -57.448  -8.663  22.168 0.0000000000
79472  -58.229  -6.390  21.395 0.0000000000
80559  -57.565  -6.231  18.156 0.0000000000
80541  -60.376  -6.193  20.459 0.0000000000
62614  -34.778  -21.663  40.861 0.0000000000
63902  -34.509  -20.568  40.087 0.0000000000
62645  -34.352  -21.338  39.065 0.0000000000
59340  -34.604  -24.226  40.611 0.0000000000
60381  -34.682  -23.377  41.023 0.0000000000
61480  -34.907  -22.569  42.427 0.0000000000
67559  -38.307  -17.872  35.389 0.0000000000
68619  -39.772  -16.783  36.872 0.0000000000
68656  -39.668  -17.240  35.240 0.0000000000
77057  -53.297  -9.550  26.701 0.0000000000
75919  -54.027  -10.098  28.347 0.0000000000
77048  -55.340  -8.598  28.097 0.0000000000
78217  -55.889  -7.744  27.762 0.0000000000
78254  -55.308  -8.074  25.576 0.0000000000
48492  -14.214  -34.095  48.880 0.0000000000
47366  -13.065  -35.042  48.887 0.0000000000
48463  -13.751  -33.768  51.268 0.0000000000
68595  -32.909  -17.109  37.799 0.0000000000
69679  -33.892  -16.428  38.747 0.0000000000
69690  -34.073  -16.252  37.606 0.0000000000
69691  -34.724  -15.665  37.230 0.0000000000
69721  -33.254  -16.246  35.686 0.0000000000
55554  -20.478  -28.298  53.245 0.0000000000
49595  -27.734  -32.800  52.226 0.0000000000
49577  -27.316  -32.729  53.066 0.0000000000
48434  -28.370  -33.406  53.645 0.0000000000
48435  -29.184  -33.356  53.952 0.0000000000
49597  -29.825  -33.139  53.096 0.0000000000
56825  -34.194  -26.517  49.513 0.0000000000
55615  -33.275  -28.009  49.708 0.0000000000
56811  -33.363  -26.848  50.558 0.0000000000
55581  -32.457  -27.709  51.885 0.0000000000
54340  -19.133  -28.711  49.318 0.0000000000
54313  -19.351  -28.480  51.381 0.0000000000
55564  -19.712  -28.123  52.950 0.0000000000
76787  -37.947  -9.267  47.213 0.0000000000
73422  -44.343  -12.505  30.459 0.0000000000
73406  -44.565  -12.529  31.410 0.0000000000
74676  -45.606  -11.966  31.131 0.0000000000
66207  -34.263  -18.824  45.870 0.0000000000
66223  -34.132  -18.065  45.129 0.0000000000
66224  -34.506  -18.898  44.827 0.0000000000
65067  -33.802  -18.690  40.498 0.0000000000
65075  -32.891  -18.940  39.135 0.0000000000
67492  -32.957  -18.063  39.473 0.0000000000
53167  -20.551  -29.340  47.069 0.0000000000
53154  -21.547  -29.577  48.542 0.0000000000
53168  -21.401  -29.693  47.401 0.0000000000
51996  -24.056  -30.517  46.440 0.0000000000
51972  -23.544  -30.433  47.583 0.0000000000
51973  -24.573  -30.575  47.440 0.0000000000
51926  -26.121  -30.932  49.643 0.0000000000
51957  -25.935  -30.730  48.237 0.0000000000
53260  -33.375  -28.852  42.033 0.0000000000
58195  -35.522  -25.469  43.901 0.0000000000
56918  -35.558  -26.403  43.917 0.0000000000
58159  -36.083  -25.811  46.063 0.0000000000
56855  -35.659  -26.375  47.633 0.0000000000
59268  -36.134  -25.151  47.506 0.0000000000
60331  -35.727  -24.249  48.590 0.0000000000
60338  -35.609  -23.226  46.983 0.0000000000
63841  -34.770  -20.614  45.239 0.0000000000
62580  -34.800  -21.488  46.966 0.0000000000
63828  -34.660  -20.555  46.332 0.0000000000
64978  -34.024  -19.087  47.818 0.0000000000
54424  -19.537  -28.861  44.323 0.0000000000
74530  -38.498  -12.640  40.384 0.0000000000
74493  -38.994  -12.003  42.136 0.0000000000
71915  -39.175  -13.908  40.952 0.0000000000
70760  -40.778  -14.958  39.281 0.0000000000
70750  -41.157  -14.088  40.838 0.0000000000
71930  -42.029  -13.035  39.630 0.0000000000
73256  -43.071  -11.871  40.248 0.0000000000
71947  -42.344  -13.094  38.754 0.0000000000
74716  -49.111  -11.893  28.247 0.0000000000
74700  -49.341  -11.883  29.379 0.0000000000
74701  -50.490  -11.814  29.453 0.0000000000
74685  -55.163  -11.253  30.919 0.0000000000
73524  -46.092  -12.356  25.461 0.0000000000
73540  -45.957  -12.054  24.703 0.0000000000
75950  -47.840  -10.528  23.943 0.0000000000
77091  -49.095  -9.832  23.605 0.0000000000
77079  -50.053  -9.973  24.434 0.0000000000
77092  -50.252  -9.310  23.429 0.0000000000
78281  -50.893  -8.872  22.797 0.0000000000
46195  -12.128  -36.029  49.898 0.0000000000
45110  -10.528  -36.581  51.668 0.0000000000
50678  -13.141  -31.962  55.437 0.0000000000
49570  -13.037  -33.096  54.260 0.0000000000
49542  -12.427  -32.762  55.853 0.0000000000
48396  -10.738  -34.306  55.974 0.0000000000
47260  -10.366  -34.617  56.271 0.0000000000
46146  -9.268  -35.834  54.825 0.0000000000
46128  -9.602  -35.852  56.164 0.0000000000
45047  -9.400  -36.529  56.007 0.0000000000
68524  -33.741  -16.557  44.051 0.0000000000
70672  -34.002  -15.141  46.525 0.0000000000
70708  -34.198  -15.101  44.226 0.0000000000
70736  -35.647  -14.750  41.804 0.0000000000
70729  -35.544  -14.621  42.888 0.0000000000
71900  -36.170  -14.009  42.409 0.0000000000
73190  -36.650  -12.388  43.543 0.0000000000
71901  -36.544  -13.226  41.994 0.0000000000
73251  -36.913  -12.492  40.762 0.0000000000
71927  -36.597  -13.205  40.058 0.0000000000
69708  -35.350  -15.660  36.123 0.0000000000
70801  -36.298  -15.102  36.983 0.0000000000
69725  -36.134  -16.407  35.667 0.0000000000
68636  -36.810  -17.130  35.761 0.0000000000
68655  -35.794  -17.013  34.980 0.0000000000
51907  -23.478  -30.292  51.882 0.0000000000
53084  -24.175  -29.990  53.938 0.0000000000
51877  -24.910  -30.484  53.529 0.0000000000
52051  -28.548  -30.797  44.627 0.0000000000
52050  -27.581  -30.725  44.524 0.0000000000
52025  -27.861  -30.849  45.599 0.0000000000
51977  -27.881  -31.230  47.792 0.0000000000
50845  -28.993  -31.381  47.196 0.0000000000
53215  -33.179  -29.488  44.802 0.0000000000
53228  -31.768  -30.262  44.549 0.0000000000
53201  -32.980  -29.606  45.758 0.0000000000
51944  -32.408  -30.322  49.430 0.0000000000
51961  -31.715  -30.943  48.570 0.0000000000
51943  -31.942  -31.111  49.718 0.0000000000
50793  -31.316  -31.732  49.844 0.0000000000
51911  -31.942  -31.274  51.645 0.0000000000
49599  -31.254  -32.063  52.842 0.0000000000
51898  -31.986  -30.504  52.811 0.0000000000
61427  -34.269  -22.377  50.658 0.0000000000
50825  -17.310  -31.510  47.299 0.0000000000
51952  -16.915  -31.305  48.646 0.0000000000
50785  -16.235  -31.825  49.334 0.0000000000
55540  -18.011  -27.801  55.081 0.0000000000
69768  -41.417  -15.581  32.145 0.0000000000
69742  -41.120  -15.933  34.110 0.0000000000
70833  -42.091  -14.811  33.096 0.0000000000
72003  -44.306  -12.874  34.279 0.0000000000
71984  -43.947  -13.180  35.196 0.0000000000
73322  -44.809  -12.494  36.050 0.0000000000
73306  -44.952  -12.351  37.351 0.0000000000
73323  -45.597  -11.895  36.568 0.0000000000
74633  -49.490  -10.966  32.372 0.0000000000
74632  -48.141  -10.805  32.739 0.0000000000
75819  -49.616  -10.288  33.904 0.0000000000
77110  -53.332  -9.074  22.453 0.0000000000
77096  -54.811  -9.015  23.985 0.0000000000
77127  -54.277  -9.826  21.629 0.0000000000
77129  -56.460  -9.776  21.458 0.0000000000
78313  -57.216  -8.312  21.254 0.0000000000
79465  -58.432  -6.763  22.124 0.0000000000
79471  -57.632  -6.942  21.097 0.0000000000
82656  -58.230  -4.169  17.026 0.0000000000
81580  -57.690  -5.636  17.494 0.0000000000
81574  -58.312  -4.851  18.647 0.0000000000
81560  -58.599  -5.094  19.573 0.0000000000
82636  -59.728  -4.569  19.372 0.0000000000
81575  -60.719  -5.071  18.671 0.0000000000
79519  -60.445  -6.719  16.909 0.0000000000
63855  -34.904  -20.727  43.202 0.0000000000
65037  -34.592  -19.022  43.056 0.0000000000
65069  -34.717  -19.983  41.367 0.0000000000
63901  -34.116  -20.107  39.650 0.0000000000
53183  -22.089  -30.016  46.544 0.0000000000
58229  -34.652  -25.113  41.338 0.0000000000
59317  -35.077  -24.952  42.874 0.0000000000
60364  -35.317  -23.912  44.292 0.0000000000
60346  -35.444  -23.183  45.867 0.0000000000
60363  -35.051  -23.242  43.955 0.0000000000
62595  -34.935  -21.575  43.809 0.0000000000
69681  -38.497  -15.517  38.858 0.0000000000
69661  -39.193  -15.288  40.174 0.0000000000
68584  -39.526  -16.392  38.495 0.0000000000
69694  -40.650  -15.668  37.828 0.0000000000
70788  -40.983  -15.062  37.593 0.0000000000
75916  -51.816  -11.014  27.210 0.0000000000
74718  -51.247  -11.705  28.530 0.0000000000
75900  -53.073  -10.972  28.304 0.0000000000
75881  -54.328  -10.868  29.229 0.0000000000
78256  -57.506  -8.620  25.510 0.0000000000
46210  -12.633  -35.561  49.370 0.0000000000
46180  -12.020  -35.559  51.262 0.0000000000
69657  -34.064  -16.823  41.044 0.0000000000
69646  -34.238  -16.184  42.458 0.0000000000
69658  -34.178  -16.579  40.610 0.0000000000
69659  -34.752  -16.122  40.361 0.0000000000
70745  -35.352  -15.408  39.999 0.0000000000
70758  -35.774  -14.513  39.657 0.0000000000
70769  -35.304  -15.125  37.860 0.0000000000
69707  -34.826  -15.692  36.300 0.0000000000
69723  -34.814  -15.983  35.442 0.0000000000
51896  -25.994  -30.917  51.678 0.0000000000
51861  -25.830  -30.984  54.050 0.0000000000
50718  -26.524  -31.811  53.398 0.0000000000
48404  -27.594  -33.341  55.187 0.0000000000
48420  -29.884  -33.279  54.954 0.0000000000
52078  -29.239  -30.756  43.732 0.0000000000
52052  -29.474  -30.778  44.731 0.0000000000
54382  -34.246  -28.312  47.053 0.0000000000
53171  -33.061  -29.323  47.372 0.0000000000
54363  -33.623  -28.336  48.570 0.0000000000
54346  -33.041  -28.631  49.822 0.0000000000
53117  -32.543  -29.617  51.412 0.0000000000
53102  -32.224  -29.612  52.657 0.0000000000
54301  -32.116  -28.638  52.993 0.0000000000
53193  -18.393  -30.317  45.445 0.0000000000
53165  -18.278  -29.642  47.357 0.0000000000
54338  -17.671  -29.326  49.992 0.0000000000
54311  -17.348  -29.041  51.496 0.0000000000
54312  -18.322  -28.600  51.505 0.0000000000
72064  -42.684  -14.049  30.776 0.0000000000
70850  -42.972  -13.961  32.297 0.0000000000
72044  -43.570  -13.378  32.293 0.0000000000
73378  -44.749  -12.464  33.402 0.0000000000
73379  -45.378  -11.907  33.467 0.0000000000
77151  -52.504  -9.708  19.551 0.0000000000
77144  -54.438  -10.100  20.480 0.0000000000
77152  -53.563  -10.002  19.414 0.0000000000
83774  -58.572  -3.304  16.307 0.0000000000
83769  -59.357  -2.977  17.862 0.0000000000
86007  -59.243  -1.925  16.449 0.0000000000
84877  -60.655  -2.378  16.093 0.0000000000
50749  -14.846  -31.863  51.658 0.0000000000
49607  -14.366  -32.660  51.676 0.0000000000
69576  -33.648  -16.010  48.626 0.0000000000
67386  -33.739  -17.374  46.691 0.0000000000
67416  -33.881  -17.273  44.500 0.0000000000
67437  -33.936  -17.165  43.350 0.0000000000
66256  -34.296  -18.313  42.482 0.0000000000
66255  -34.059  -17.893  41.924 0.0000000000
67465  -33.941  -17.598  41.455 0.0000000000
67479  -33.396  -17.828  40.255 0.0000000000
67507  -32.910  -17.289  38.640 0.0000000000
54327  -20.809  -28.891  50.767 0.0000000000
53114  -21.799  -29.372  51.658 0.0000000000
53128  -21.533  -29.374  50.686 0.0000000000
51922  -22.702  -30.065  50.414 0.0000000000
51923  -23.330  -30.315  50.768 0.0000000000
53169  -22.425  -30.072  47.788 0.0000000000
51939  -23.756  -30.464  49.573 0.0000000000
51924  -24.414  -30.614  50.369 0.0000000000
51910  -26.058  -30.931  50.599 0.0000000000
50772  -26.770  -31.303  50.084 0.0000000000
50773  -27.548  -31.917  50.493 0.0000000000
53245  -33.352  -29.152  42.685 0.0000000000
54431  -33.909  -28.886  44.514 0.0000000000
55713  -35.002  -27.243  43.126 0.0000000000
55682  -35.118  -27.712  44.824 0.0000000000
54417  -34.553  -28.342  45.258 0.0000000000
56870  -35.288  -27.308  46.802 0.0000000000
56840  -34.975  -26.603  48.468 0.0000000000
58088  -34.647  -25.572  49.763 0.0000000000
59245  -33.956  -24.387  51.099 0.0000000000
59246  -34.648  -24.661  50.218 0.0000000000
60316  -34.521  -23.454  50.523 0.0000000000
62546  -34.470  -21.904  50.119 0.0000000000
61454  -35.115  -22.370  46.440 0.0000000000
62574  -34.727  -21.487  48.138 0.0000000000
63772  -34.281  -20.796  49.367 0.0000000000
63792  -34.062  -19.890  48.964 0.0000000000
54408  -18.977  -29.200  45.933 0.0000000000
75666  -37.902  -10.405  43.336 0.0000000000
75689  -38.989  -10.856  42.916 0.0000000000
74449  -40.324  -11.524  43.433 0.0000000000
74450  -41.294  -11.546  43.401 0.0000000000
70737  -39.881  -14.303  41.396 0.0000000000
73208  -41.204  -12.584  42.755 0.0000000000
73443  -46.996  -12.266  28.863 0.0000000000
74697  -46.240  -12.066  30.033 0.0000000000
74679  -48.505  -11.733  30.454 0.0000000000
74656  -48.946  -11.381  31.510 0.0000000000
74634  -50.643  -11.116  32.313 0.0000000000
74682  -51.977  -11.764  30.498 0.0000000000
74659  -52.385  -11.607  31.481 0.0000000000
67612  -38.510  -18.266  31.804 0.0000000000
68682  -39.855  -17.353  33.030 0.0000000000
68694  -39.846  -17.311  31.918 0.0000000000
68695  -40.365  -16.702  31.355 0.0000000000
69799  -41.324  -15.570  30.270 0.0000000000
70904  -41.814  -15.011  29.793 0.0000000000
72082  -42.572  -13.943  29.855 0.0000000000
73439  -43.246  -12.927  29.447 0.0000000000
73458  -44.323  -12.406  28.574 0.0000000000
73459  -45.306  -12.459  28.474 0.0000000000
73478  -46.589  -12.559  27.228 0.0000000000
73479  -47.467  -12.367  27.053 0.0000000000
74746  -48.777  -11.326  26.139 0.0000000000
74776  -47.373  -11.043  24.344 0.0000000000
74762  -48.116  -11.064  25.244 0.0000000000
75929  -49.586  -10.848  25.781 0.0000000000
75942  -51.125  -10.364  25.758 0.0000000000
77067  -52.106  -9.635  25.570 0.0000000000
78251  -52.812  -8.741  24.822 0.0000000000
78270  -54.201  -8.486  24.573 0.0000000000
78268  -52.660  -8.613  23.981 0.0000000000
78297  -52.240  -8.775  22.526 0.0000000000
77125  -51.869  -9.077  21.086 0.0000000000
77150  -51.602  -9.292  19.571 0.0000000000
48446  -13.658  -33.372  52.391 0.0000000000
47307  -12.681  -34.551  52.381 0.0000000000
47293  -11.706  -34.846  53.352 0.0000000000
48397  -11.530  -33.898  55.530 0.0000000000
47283  -11.253  -34.603  54.397 0.0000000000
46159  -11.046  -35.419  53.121 0.0000000000
45084  -9.582  -36.284  53.303 0.0000000000
45083  -8.929  -36.523  53.683 0.0000000000
43909  -7.874  -37.167  53.995 0.0000000000
43899  -7.749  -37.451  55.024 0.0000000000
75636  -37.474  -9.981  45.548 0.0000000000
71812  -35.074  -13.314  46.889 0.0000000000
70720  -34.839  -14.901  43.447 0.0000000000
70691  -35.182  -13.965  45.126 0.0000000000
73167  -36.232  -12.559  45.506 0.0000000000
74436  -36.779  -11.582  44.163 0.0000000000
75647  -37.150  -10.839  43.732 0.0000000000
75686  -37.441  -11.501  42.211 0.0000000000
74528  -37.791  -12.286  40.191 0.0000000000
73291  -38.064  -13.201  39.119 0.0000000000
70771  -36.596  -13.989  38.363 0.0000000000
71959  -37.271  -14.186  38.029 0.0000000000
70787  -37.759  -14.946  38.098 0.0000000000
68596  -37.608  -16.276  37.173 0.0000000000
67538  -37.674  -17.475  36.029 0.0000000000
67579  -38.094  -18.331  34.224 0.0000000000
68652  -32.529  -16.540  34.821 0.0000000000
69737  -33.342  -16.207  34.491 0.0000000000
69752  -33.702  -16.446  33.789 0.0000000000
69753  -34.214  -16.538  33.971 0.0000000000
68668  -34.795  -17.136  33.772 0.0000000000
66388  -35.879  -18.282  33.236 0.0000000000
66389  -36.677  -18.571  33.286 0.0000000000
66409  -37.709  -18.686  32.086 0.0000000000
50684  -26.170  -31.563  55.590 0.0000000000
52047  -24.433  -30.375  44.153 0.0000000000
52049  -26.582  -30.623  44.419 0.0000000000
51998  -26.170  -30.643  46.441 0.0000000000
51976  -27.311  -31.000  47.510 0.0000000000
50805  -27.944  -31.481  48.629 0.0000000000
49653  -28.706  -32.504  50.184 0.0000000000
52100  -30.827  -30.499  43.132 0.0000000000
52080  -30.993  -30.514  44.164 0.0000000000
52028  -30.571  -30.772  45.771 0.0000000000
53170  -32.510  -29.907  47.170 0.0000000000
52004  -31.545  -30.585  46.723 0.0000000000
50847  -30.140  -31.269  47.108 0.0000000000
50807  -29.824  -31.897  48.720 0.0000000000
50792  -30.309  -32.334  49.927 0.0000000000
49636  -29.829  -32.854  50.966 0.0000000000
49598  -30.641  -32.622  52.941 0.0000000000
50701  -30.865  -32.124  54.362 0.0000000000
48506  -14.129  -34.312  47.900 0.0000000000
48493  -14.769  -33.463  49.171 0.0000000000
49705  -16.481  -32.700  45.399 0.0000000000
49695  -15.911  -33.096  45.963 0.0000000000
49682  -15.883  -32.931  47.396 0.0000000000
49665  -15.801  -32.681  48.700 0.0000000000
50783  -15.326  -32.368  50.144 0.0000000000
51919  -15.340  -31.420  51.332 0.0000000000
54279  -16.904  -28.925  53.436 0.0000000000
68657  -40.369  -16.672  34.745 0.0000000000
69712  -41.238  -15.296  36.231 0.0000000000
70789  -41.567  -14.432  37.237 0.0000000000
70822  -42.874  -14.120  34.078 0.0000000000
70804  -42.433  -14.113  36.211 0.0000000000
71961  -42.407  -13.474  37.572 0.0000000000
73294  -43.952  -12.449  38.223 0.0000000000
74654  -46.628  -11.542  31.600 0.0000000000
74616  -46.099  -11.344  33.604 0.0000000000
74607  -46.751  -10.759  35.156 0.0000000000
78271  -54.979  -8.420  24.753 0.0000000000
77070  -56.446  -8.880  25.305 0.0000000000
78273  -57.741  -9.020  24.251 0.0000000000
77128  -55.395  -10.096  21.645 0.0000000000
77114  -57.099  -9.369  22.452 0.0000000000
78288  -58.096  -8.449  23.811 0.0000000000
79456  -58.480  -7.848  23.310 0.0000000000
80511  -59.203  -7.044  22.788 0.0000000000
79489  -57.317  -6.887  18.727 0.0000000000
80538  -57.820  -6.139  20.272 0.0000000000
81537  -59.476  -5.782  20.822 0.0000000000
81582  -60.916  -5.052  17.722 0.0000000000
61492  -34.691  -22.529  40.500 0.0000000000
62628  -34.627  -21.711  40.018 0.0000000000
60388  -34.632  -23.382  40.070 0.0000000000
67580  -39.072  -17.825  34.748 0.0000000000
67560  -39.057  -17.649  35.704 0.0000000000
77058  -54.321  -8.751  26.760 0.0000000000
78216  -55.062  -8.262  27.231 0.0000000000
78235  -54.805  -8.081  26.208 0.0000000000
78236  -55.855  -7.604  26.614 0.0000000000
48478  -14.170  -33.614  50.031 0.0000000000
69689  -33.536  -16.684  38.031 0.0000000000
69705  -33.268  -16.635  36.903 0.0000000000
54282  -21.010  -28.588  52.915 0.0000000000
49596  -28.232  -33.082  52.170 0.0000000000
48453  -28.250  -33.253  52.707 0.0000000000
48470  -28.765  -33.324  52.439 0.0000000000
48454  -28.961  -33.399  52.961 0.0000000000
49616  -29.237  -33.256  51.970 0.0000000000
56812  -33.680  -26.301  50.416 0.0000000000
55598  -33.586  -26.955  50.046 0.0000000000
56794  -33.169  -26.576  51.325 0.0000000000
58055  -33.048  -26.129  52.011 0.0000000000
54296  -19.832  -28.346  52.220 0.0000000000
73423  -45.321  -12.146  30.553 0.0000000000
65004  -34.573  -19.688  45.618 0.0000000000
65085  -32.922  -19.561  38.876 0.0000000000
65076  -33.317  -18.983  39.665 0.0000000000
53182  -21.184  -29.613  46.284 0.0000000000
51974  -25.553  -30.648  47.378 0.0000000000
59295  -35.623  -24.751  44.556 0.0000000000
58178  -35.876  -25.788  44.893 0.0000000000
59276  -36.106  -24.987  46.684 0.0000000000
60339  -35.934  -24.268  47.512 0.0000000000
60347  -35.818  -24.075  46.319 0.0000000000
64990  -34.336  -19.518  46.838 0.0000000000
54410  -20.080  -28.824  45.027 0.0000000000
54394  -19.877  -28.933  45.881 0.0000000000
73275  -38.447  -13.065  39.859 0.0000000000
73252  -38.815  -12.937  40.776 0.0000000000
71914  -38.759  -13.691  40.263 0.0000000000
70775  -41.324  -14.335  38.679 0.0000000000
71946  -41.719  -13.652  39.240 0.0000000000
74717  -50.191  -11.744  28.426 0.0000000000
74662  -55.372  -11.425  31.980 0.0000000000
73539  -45.251  -12.149  24.825 0.0000000000
77108  -49.256  -9.410  22.457 0.0000000000
77109  -50.123  -9.067  22.491 0.0000000000
45126  -11.425  -36.477  50.266 0.0000000000
45111  -11.167  -36.323  51.108 0.0000000000
45125  -10.607  -37.006  50.556 0.0000000000
49555  -12.859  -32.779  55.005 0.0000000000
50668  -12.767  -31.907  56.235 0.0000000000
47259  -9.758  -35.128  55.969 0.0000000000
46116  -10.325  -35.526  56.634 0.0000000000
68542  -33.843  -16.634  43.409 0.0000000000
69623  -33.791  -15.815  44.660 0.0000000000
69639  -33.902  -16.145  43.362 0.0000000000
71912  -36.175  -13.981  41.373 0.0000000000
71913  -36.508  -13.183  41.018 0.0000000000
71926  -36.156  -13.879  40.371 0.0000000000
69724  -35.447  -16.020  35.516 0.0000000000
69709  -35.977  -15.588  36.214 0.0000000000
69741  -35.793  -16.594  35.266 0.0000000000
51908  -24.246  -30.542  51.502 0.0000000000
51894  -24.049  -30.370  52.679 0.0000000000
52026  -28.844  -30.924  45.641 0.0000000000
52001  -29.255  -31.141  46.476 0.0000000000
51928  -32.379  -30.469  50.581 0.0000000000
51927  -31.827  -31.339  50.878 0.0000000000
50760  -31.972  -31.230  52.090 0.0000000000
61426  -33.805  -22.027  51.287 0.0000000000
53112  -16.709  -29.786  51.356 0.0000000000
69755  -41.576  -15.441  33.081 0.0000000000
70848  -41.854  -14.969  32.274 0.0000000000
73341  -45.031  -12.230  35.060 0.0000000000
71985  -44.538  -12.684  35.106 0.0000000000
75835  -50.086  -10.669  33.151 0.0000000000
75834  -49.052  -10.551  33.259 0.0000000000
77126  -52.977  -9.205  21.755 0.0000000000
77111  -53.926  -9.164  22.896 0.0000000000
78329  -57.152  -7.858  20.131 0.0000000000
82652  -58.463  -4.103  18.091 0.0000000000
81581  -57.984  -4.842  17.766 0.0000000000
82644  -58.813  -4.329  18.978 0.0000000000
82645  -59.492  -4.016  18.933 0.0000000000
65054  -34.792  -19.883  42.566 0.0000000000
63914  -34.220  -20.713  39.383 0.0000000000
58244  -34.459  -25.096  40.115 0.0000000000
59327  -34.692  -24.118  41.491 0.0000000000
59316  -34.893  -24.420  42.458 0.0000000000
59306  -35.187  -24.507  43.449 0.0000000000
60371  -35.114  -23.817  43.693 0.0000000000
62607  -34.903  -21.689  41.838 0.0000000000
62601  -34.952  -21.641  42.814 0.0000000000
68583  -38.698  -16.314  38.384 0.0000000000
68598  -39.248  -16.793  37.729 0.0000000000
68599  -40.065  -16.395  37.733 0.0000000000
75917  -52.543  -10.829  27.630 0.0000000000
75903  -55.125  -10.170  29.431 0.0000000000
75866  -55.398  -10.685  30.422 0.0000000000
75883  -55.490  -10.249  29.971 0.0000000000
78237  -56.914  -7.955  26.374 0.0000000000
79434  -57.912  -8.020  26.176 0.0000000000
78238  -57.503  -8.012  26.236 0.0000000000
47354  -13.079  -34.941  49.861 0.0000000000
46196  -12.628  -35.385  50.357 0.0000000000
46181  -12.622  -35.127  50.956 0.0000000000
68561  -33.605  -16.992  40.159 0.0000000000
68562  -33.874  -16.678  40.008 0.0000000000
69667  -34.133  -16.427  39.764 0.0000000000
69668  -34.700  -15.927  39.332 0.0000000000
70757  -35.290  -15.148  38.923 0.0000000000
69706  -34.055  -16.069  36.506 0.0000000000
50719  -26.958  -32.307  53.143 0.0000000000
48417  -27.692  -33.299  54.243 0.0000000000
49562  -27.215  -32.865  53.857 0.0000000000
48436  -29.686  -33.223  54.392 0.0000000000
52098  -29.020  -30.780  42.683 0.0000000000
52079  -30.138  -30.666  43.913 0.0000000000
55647  -34.305  -28.100  47.499 0.0000000000
54381  -33.799  -28.578  47.577 0.0000000000
55597  -33.138  -27.605  50.462 0.0000000000
53131  -32.730  -29.543  50.241 0.0000000000
54316  -32.369  -28.811  52.008 0.0000000000
55566  -32.343  -27.495  53.081 0.0000000000
53180  -18.645  -29.467  46.561 0.0000000000
53179  -18.309  -30.065  46.402 0.0000000000
54339  -18.306  -28.900  49.670 0.0000000000
54324  -17.934  -28.842  50.618 0.0000000000
55553  -19.765  -27.897  53.692 0.0000000000
55563  -19.195  -27.931  53.303 0.0000000000
72065  -43.204  -13.538  31.273 0.0000000000
73407  -45.163  -12.150  31.623 0.0000000000
73392  -44.578  -12.610  32.444 0.0000000000
84875  -59.086  -2.412  16.797 0.0000000000
84881  -58.868  -2.168  15.721 0.0000000000
50730  -14.515  -31.878  52.436 0.0000000000
51832  -13.524  -31.163  55.676 0.0000000000
67363  -33.632  -17.399  48.672 0.0000000000
67376  -33.705  -17.418  47.708 0.0000000000
67400  -33.831  -17.303  45.637 0.0000000000
65053  -34.546  -19.065  41.971 0.0000000000
66266  -33.786  -18.112  40.937 0.0000000000
68557  -33.884  -17.191  41.130 0.0000000000
67506  -32.592  -17.952  38.637 0.0000000000
53127  -20.967  -29.089  50.088 0.0000000000
53143  -22.230  -29.820  50.100 0.0000000000
51938  -22.890  -30.201  49.777 0.0000000000
51995  -23.000  -30.331  46.593 0.0000000000
51955  -24.120  -30.542  48.492 0.0000000000
51909  -25.188  -30.747  51.064 0.0000000000
51925  -25.332  -30.779  50.006 0.0000000000
51942  -26.218  -30.894  48.892 0.0000000000
50789  -27.417  -31.510  49.473 0.0000000000
54448  -33.976  -28.738  43.455 0.0000000000
56955  -34.602  -26.321  41.760 0.0000000000
55730  -34.748  -27.009  42.364 0.0000000000
55683  -35.585  -27.150  45.232 0.0000000000
55698  -35.483  -27.131  44.382 0.0000000000
55666  -35.189  -27.579  46.006 0.0000000000
55648  -34.775  -27.738  47.151 0.0000000000
58123  -35.901  -25.703  47.898 0.0000000000
56841  -35.569  -26.109  48.175 0.0000000000
58107  -35.056  -25.895  49.078 0.0000000000
56826  -34.727  -26.160  49.222 0.0000000000
58089  -35.229  -25.367  49.184 0.0000000000
58072  -34.410  -25.210  50.167 0.0000000000
59253  -35.227  -24.776  49.505 0.0000000000
60330  -35.571  -23.342  48.168 0.0000000000
60322  -35.287  -23.701  49.429 0.0000000000
61437  -34.780  -22.539  49.859 0.0000000000
63793  -34.323  -20.503  48.663 0.0000000000
63771  -34.039  -20.248  49.691 0.0000000000
64989  -34.064  -18.903  47.115 0.0000000000
66177  -33.816  -18.220  48.260 0.0000000000
54357  -19.916  -29.016  47.698 0.0000000000
75687  -37.810  -11.186  42.475 0.0000000000
75667  -38.827  -10.384  43.360 0.0000000000
75688  -38.432  -11.157  42.543 0.0000000000
73206  -39.507  -12.272  42.553 0.0000000000
74448  -39.659  -11.677  43.024 0.0000000000
73192  -39.961  -12.082  43.080 0.0000000000
73193  -40.621  -12.128  43.189 0.0000000000
69662  -39.777  -15.409  40.245 0.0000000000
70748  -39.498  -14.889  40.734 0.0000000000
70749  -40.475  -14.882  40.540 0.0000000000
71916  -41.454  -13.461  41.264 0.0000000000
70739  -41.078  -13.830  41.404 0.0000000000
73231  -41.698  -12.870  41.908 0.0000000000
73209  -41.988  -12.253  42.436 0.0000000000
74494  -42.822  -11.526  41.555 0.0000000000
74513  -43.099  -11.561  40.893 0.0000000000
74699  -47.988  -12.051  29.212 0.0000000000
74680  -49.709  -11.694  30.448 0.0000000000
74657  -50.142  -11.436  31.426 0.0000000000
74658  -51.279  -11.491  31.414 0.0000000000
74703  -52.704  -11.808  29.588 0.0000000000
74702  -51.601  -11.825  29.500 0.0000000000
42771  -7.373  -38.398  54.712 0.0000000000
42770  -7.003  -38.545  54.119 0.0000000000
41747  -7.368  -39.455  54.734 0.0000000000
68708  -40.279  -16.644  30.294 0.0000000000
69781  -40.844  -16.123  30.792 0.0000000000
69798  -40.772  -16.057  29.757 0.0000000000
70905  -42.153  -14.366  29.430 0.0000000000
73456  -42.717  -12.926  28.623 0.0000000000
73457  -43.441  -12.505  28.625 0.0000000000
73476  -44.649  -12.464  27.586 0.0000000000
73477  -45.627  -12.569  27.430 0.0000000000
73525  -46.835  -12.169  25.527 0.0000000000
73500  -46.864  -12.419  26.250 0.0000000000
73501  -47.580  -12.160  26.346 0.0000000000
74729  -48.185  -11.976  26.729 0.0000000000
74745  -47.881  -11.719  25.915 0.0000000000
75951  -48.485  -10.351  24.211 0.0000000000
74777  -48.081  -10.653  24.555 0.0000000000
75939  -48.708  -10.579  24.843 0.0000000000
74763  -48.928  -10.853  25.434 0.0000000000
75930  -50.423  -10.847  26.115 0.0000000000
75941  -50.213  -10.387  25.236 0.0000000000
77080  -51.087  -9.423  24.436 0.0000000000
77066  -50.837  -9.981  25.061 0.0000000000
77068  -53.169  -8.939  25.601 0.0000000000
77094  -52.045  -8.730  23.652 0.0000000000
78296  -51.428  -8.800  22.203 0.0000000000
78282  -51.740  -8.717  23.012 0.0000000000
78310  -52.041  -8.912  21.814 0.0000000000
45124  -10.021  -37.195  51.137 0.0000000000
49590  -13.990  -32.651  52.816 0.0000000000
48427  -13.572  -33.173  53.093 0.0000000000
48411  -12.502  -33.544  54.642 0.0000000000
48426  -12.928  -33.799  53.345 0.0000000000
48425  -12.301  -34.382  53.494 0.0000000000
47294  -12.365  -34.529  53.003 0.0000000000
49541  -11.871  -33.082  56.403 0.0000000000
47270  -10.327  -34.689  55.457 0.0000000000
47271  -10.846  -34.505  54.971 0.0000000000
47292  -10.939  -35.109  53.773 0.0000000000
46158  -10.260  -35.699  53.512 0.0000000000
46145  -8.897  -36.244  55.310 0.0000000000
45070  -9.007  -36.250  54.295 0.0000000000
45082  -8.356  -36.910  53.708 0.0000000000
43900  -7.786  -37.118  54.597 0.0000000000
45058  -8.034  -36.935  55.219 0.0000000000
43874  -10.198  -36.461  56.411 0.0000000000
75621  -37.414  -9.771  46.734 0.0000000000
69583  -33.686  -15.895  47.821 0.0000000000
70689  -34.071  -15.090  45.472 0.0000000000
70673  -34.407  -14.514  46.312 0.0000000000
71811  -34.639  -13.768  47.047 0.0000000000
71829  -34.760  -14.046  46.178 0.0000000000
69647  -34.480  -16.049  42.066 0.0000000000
70719  -34.370  -15.604  43.059 0.0000000000
70721  -35.446  -14.286  43.827 0.0000000000
70710  -35.415  -13.997  44.516 0.0000000000
71851  -35.506  -13.473  45.746 0.0000000000
71852  -35.938  -13.175  45.389 0.0000000000
73150  -35.987  -12.564  46.225 0.0000000000
71871  -36.157  -13.130  44.761 0.0000000000
74447  -36.893  -11.634  43.155 0.0000000000
75665  -37.304  -11.121  42.803 0.0000000000
74468  -37.046  -11.787  42.300 0.0000000000
73273  -37.231  -12.636  39.854 0.0000000000
74510  -37.499  -12.084  40.714 0.0000000000
73274  -37.909  -12.655  39.635 0.0000000000
73290  -37.509  -13.079  39.196 0.0000000000
70770  -35.970  -14.272  38.505 0.0000000000
70802  -36.816  -14.958  37.191 0.0000000000
70785  -36.640  -14.467  37.770 0.0000000000
70786  -37.325  -14.945  37.630 0.0000000000
70772  -37.745  -14.377  38.233 0.0000000000
69693  -37.934  -15.666  37.981 0.0000000000
69692  -37.434  -15.630  37.354 0.0000000000
67557  -36.501  -17.578  35.051 0.0000000000
67558  -37.376  -17.841  35.166 0.0000000000
68666  -32.587  -16.455  33.855 0.0000000000
69766  -33.858  -16.622  33.456 0.0000000000
68681  -34.703  -17.393  33.174 0.0000000000
67611  -34.921  -17.672  32.963 0.0000000000
67594  -35.174  -17.650  33.399 0.0000000000
66406  -35.174  -18.092  32.724 0.0000000000
66390  -37.494  -18.715  32.989 0.0000000000
53097  -21.998  -29.362  52.336 0.0000000000
53098  -22.484  -29.599  52.796 0.0000000000
53085  -24.710  -30.108  54.387 0.0000000000
50700  -26.322  -31.609  54.625 0.0000000000
52024  -26.863  -30.691  45.487 0.0000000000
51975  -26.477  -30.767  47.407 0.0000000000
50826  -28.529  -31.459  47.816 0.0000000000
50790  -28.262  -31.989  49.680 0.0000000000
50791  -29.220  -32.306  49.518 0.0000000000
53243  -31.702  -30.189  43.495 0.0000000000
53213  -31.817  -30.349  45.439 0.0000000000
52054  -31.136  -30.561  45.107 0.0000000000
52053  -30.340  -30.686  44.878 0.0000000000
52029  -31.297  -30.608  45.944 0.0000000000
51981  -32.548  -29.814  47.751 0.0000000000
51980  -31.990  -30.360  47.542 0.0000000000
51979  -31.103  -30.980  47.557 0.0000000000
51978  -30.494  -31.137  47.092 0.0000000000
50829  -30.851  -31.307  48.059 0.0000000000
50828  -30.297  -31.432  47.759 0.0000000000
50808  -30.898  -31.606  48.745 0.0000000000
50776  -31.075  -32.037  50.821 0.0000000000
50775  -30.530  -32.556  51.008 0.0000000000
49617  -30.338  -32.846  51.940 0.0000000000
49618  -30.993  -32.406  52.211 0.0000000000
50721  -31.225  -31.580  53.668 0.0000000000
54300  -31.990  -29.100  53.399 0.0000000000
53086  -31.913  -29.672  53.469 0.0000000000
53073  -31.788  -29.809  54.093 0.0000000000
48507  -14.682  -33.768  48.238 0.0000000000
51994  -18.016  -30.853  46.033 0.0000000000
50857  -17.631  -31.559  45.435 0.0000000000
50844  -17.534  -31.499  46.490 0.0000000000
50843  -17.021  -32.069  46.873 0.0000000000
49696  -16.540  -32.608  46.459 0.0000000000
50802  -16.073  -32.189  49.065 0.0000000000
49645  -15.781  -32.427  49.287 0.0000000000
49644  -15.329  -32.785  49.507 0.0000000000
50766  -15.328  -31.945  50.730 0.0000000000
54294  -17.747  -28.681  52.530 0.0000000000
54293  -17.012  -29.139  52.431 0.0000000000
76821  -40.147  -9.258  45.010 0.0000000000
68670  -40.487  -16.731  33.566 0.0000000000
69743  -41.787  -15.113  33.963 0.0000000000
69728  -41.544  -15.309  35.037 0.0000000000
70803  -41.932  -14.681  35.759 0.0000000000
70835  -43.183  -13.840  33.129 0.0000000000
70834  -42.674  -14.339  33.122 0.0000000000
70823  -43.315  -13.732  33.690 0.0000000000
71983  -43.200  -13.710  35.503 0.0000000000
71971  -42.917  -13.616  36.630 0.0000000000
71962  -43.360  -13.089  37.282 0.0000000000
71948  -43.015  -12.941  38.135 0.0000000000
73295  -45.154  -11.845  38.578 0.0000000000
74678  -47.309  -11.759  30.549 0.0000000000
74618  -47.833  -10.538  33.562 0.0000000000
74631  -46.898  -11.151  32.634 0.0000000000
74617  -47.066  -10.714  33.885 0.0000000000
75816  -47.348  -10.433  34.761 0.0000000000
78286  -54.491  -8.662  24.306 0.0000000000
77112  -55.091  -9.691  22.822 0.0000000000
77084  -56.764  -9.273  24.664 0.0000000000
77098  -57.050  -9.550  23.569 0.0000000000
75981  -54.904  -10.201  21.078 0.0000000000
77145  -55.422  -10.098  20.575 0.0000000000
77130  -57.137  -9.138  21.644 0.0000000000
78287  -57.818  -8.640  23.105 0.0000000000
79455  -58.031  -8.046  22.943 0.0000000000
80520  -59.228  -6.428  21.993 0.0000000000
80521  -59.740  -6.864  22.172 0.0000000000
79502  -57.269  -7.014  17.814 0.0000000000
79482  -57.388  -6.880  19.777 0.0000000000
80546  -57.788  -5.925  19.243 0.0000000000
81548  -59.756  -5.519  20.394 0.0000000000
81547  -59.112  -5.435  20.453 0.0000000000
80540  -59.970  -5.858  20.647 0.0000000000
80530  -60.261  -6.840  21.498 0.0000000000
79483  -60.544  -7.244  20.789 0.0000000000
84864  -60.552  -3.026  17.733 0.0000000000
82653  -60.727  -4.196  18.023 0.0000000000
63884  -34.824  -20.930  41.270 0.0000000000
60376  -34.784  -23.438  41.991 0.0000000000
61486  -34.796  -22.548  41.446 0.0000000000
67539  -38.501  -17.538  36.208 0.0000000000
68618  -38.939  -17.278  36.894 0.0000000000
67540  -39.020  -17.511  36.276 0.0000000000
68637  -39.464  -17.223  36.157 0.0000000000
68638  -40.167  -16.717  35.886 0.0000000000
77056  -52.575  -9.824  26.302 0.0000000000
77046  -53.693  -9.692  27.473 0.0000000000
77047  -54.376  -9.400  27.912 0.0000000000
78195  -55.982  -8.355  28.488 0.0000000000
79408  -56.204  -7.403  27.750 0.0000000000
79410  -57.420  -7.427  27.715 0.0000000000
79422  -56.237  -7.367  27.446 0.0000000000
47367  -13.643  -34.687  48.410 0.0000000000
47355  -13.638  -34.479  49.423 0.0000000000
47340  -13.505  -34.352  50.402 0.0000000000
47323  -13.316  -34.425  51.086 0.0000000000
68570  -33.690  -16.696  39.495 0.0000000000
68581  -33.349  -16.807  38.590 0.0000000000
55543  -20.499  -28.024  54.204 0.0000000000
50739  -27.054  -32.236  52.589 0.0000000000
48452  -27.734  -33.041  52.827 0.0000000000
48433  -27.724  -33.189  53.374 0.0000000000
48419  -29.115  -33.473  54.926 0.0000000000
49578  -29.790  -33.168  53.885 0.0000000000
56839  -34.291  -27.093  48.865 0.0000000000
55616  -33.725  -27.571  49.332 0.0000000000
56776  -32.734  -26.657  52.368 0.0000000000
55565  -20.163  -28.302  52.686 0.0000000000
73405  -43.887  -12.938  31.318 0.0000000000
66191  -34.081  -18.724  46.634 0.0000000000
66206  -33.961  -18.092  46.186 0.0000000000
65077  -34.007  -19.550  39.923 0.0000000000
66274  -33.109  -18.409  39.644 0.0000000000
67478  -33.142  -18.098  39.800 0.0000000000
66284  -32.717  -18.567  38.940 0.0000000000
53153  -20.683  -29.306  48.129 0.0000000000
51956  -25.060  -30.665  48.321 0.0000000000
51941  -25.549  -30.782  49.067 0.0000000000
56936  -35.403  -25.918  43.474 0.0000000000
56899  -35.755  -26.628  44.785 0.0000000000
56883  -35.863  -26.550  45.564 0.0000000000
56871  -35.744  -26.745  46.573 0.0000000000
58141  -36.049  -25.819  47.077 0.0000000000
59262  -36.022  -24.993  48.250 0.0000000000
60323  -35.498  -24.400  49.126 0.0000000000
62591  -34.888  -21.521  44.815 0.0000000000
62586  -34.856  -21.489  45.862 0.0000000000
64979  -34.261  -19.875  47.844 0.0000000000
54409  -19.440  -29.021  45.392 0.0000000000
54375  -19.868  -29.017  46.727 0.0000000000
74512  -38.455  -12.338  40.842 0.0000000000
74492  -38.474  -11.837  41.799 0.0000000000
73229  -38.703  -12.378  41.240 0.0000000000
73230  -39.102  -12.571  41.671 0.0000000000
71902  -39.538  -13.404  41.718 0.0000000000
70761  -41.253  -14.297  39.838 0.0000000000
71929  -41.681  -13.461  40.307 0.0000000000
73254  -41.966  -12.831  41.039 0.0000000000
73255  -42.572  -12.184  40.769 0.0000000000
73276  -42.112  -12.750  40.269 0.0000000000
73277  -42.631  -12.458  39.692 0.0000000000
73278  -43.566  -12.010  39.507 0.0000000000
74715  -48.124  -12.190  27.837 0.0000000000
74684  -54.163  -11.744  30.797 0.0000000000
74683  -53.103  -11.847  30.593 0.0000000000
74661  -54.498  -11.666  31.801 0.0000000000
79446  -59.554  -8.091  24.184 0.0000000000
72125  -42.116  -13.555  28.424 0.0000000000
73523  -45.139  -12.396  25.672 0.0000000000
73499  -45.893  -12.577  26.428 0.0000000000
74760  -46.523  -12.007  25.018 0.0000000000
75963  -48.292  -10.152  23.501 0.0000000000
75952  -49.222  -10.197  24.393 0.0000000000
75953  -49.744  -10.297  24.778 0.0000000000
77078  -49.463  -9.995  24.152 0.0000000000
77093  -51.333  -8.959  23.628 0.0000000000
45109  -9.694  -37.039  51.883 0.0000000000
50693  -13.248  -32.300  54.887 0.0000000000
49556  -13.303  -32.583  54.509 0.0000000000
48398  -12.357  -33.266  55.307 0.0000000000
48387  -11.490  -33.614  56.682 0.0000000000
47281  -9.816  -35.169  54.876 0.0000000000
47269  -9.620  -35.254  55.377 0.0000000000
46137  -9.362  -35.763  55.607 0.0000000000
45059  -8.554  -36.722  55.489 0.0000000000
46127  -9.285  -36.357  55.922 0.0000000000
45034  -9.945  -36.240  56.390 0.0000000000
69606  -33.782  -15.794  45.802 0.0000000000
70735  -35.272  -15.544  41.117 0.0000000000
71888  -36.038  -13.875  43.388 0.0000000000
71881  -36.337  -13.139  43.910 0.0000000000
71889  -36.523  -13.214  42.979 0.0000000000
73228  -36.835  -12.474  41.676 0.0000000000
70800  -35.662  -15.297  36.691 0.0000000000
69726  -36.756  -16.474  36.150 0.0000000000
68635  -36.269  -17.049  35.407 0.0000000000
53116  -23.002  -29.970  52.277 0.0000000000
53099  -23.293  -29.956  52.994 0.0000000000
53100  -23.842  -30.095  53.359 0.0000000000
51876  -24.243  -30.256  53.385 0.0000000000
51860  -25.256  -30.433  54.610 0.0000000000
49540  -26.919  -32.872  55.619 0.0000000000
49539  -26.352  -32.259  55.970 0.0000000000
52077  -28.296  -30.773  43.581 0.0000000000
52000  -28.217  -31.107  46.813 0.0000000000
50827  -29.354  -31.609  47.858 0.0000000000
53229  -32.501  -29.866  44.087 0.0000000000
53214  -32.427  -29.942  45.083 0.0000000000
53200  -32.338  -30.062  45.927 0.0000000000
53144  -32.766  -29.472  49.170 0.0000000000
51962  -32.395  -30.075  48.440 0.0000000000
50809  -31.507  -31.412  49.183 0.0000000000
50759  -31.544  -31.820  51.835 0.0000000000
50740  -31.689  -31.284  52.729 0.0000000000
51897  -31.622  -30.823  53.328 0.0000000000
51953  -17.364  -30.675  48.472 0.0000000000
51970  -17.238  -31.227  47.917 0.0000000000
50824  -16.726  -31.964  47.820 0.0000000000
50823  -16.223  -32.341  48.374 0.0000000000
50803  -16.468  -31.826  48.819 0.0000000000
51936  -16.518  -31.286  49.606 0.0000000000
51935  -16.005  -31.400  50.164 0.0000000000
51920  -15.806  -31.191  50.776 0.0000000000
55541  -18.886  -27.634  54.872 0.0000000000
55551  -18.349  -27.859  54.421 0.0000000000
69754  -41.016  -16.109  32.863 0.0000000000
72002  -43.574  -13.519  34.275 0.0000000000
71973  -44.251  -12.901  35.763 0.0000000000
73321  -44.241  -12.862  36.234 0.0000000000
73305  -44.183  -12.785  36.900 0.0000000000
73307  -45.720  -11.847  37.679 0.0000000000
75833  -48.320  -10.466  33.530 0.0000000000
75818  -48.754  -10.207  34.000 0.0000000000
77095  -54.248  -8.971  23.563 0.0000000000
78312  -56.900  -9.183  20.958 0.0000000000
79464  -57.795  -7.808  22.341 0.0000000000
81594  -57.710  -5.332  16.142 0.0000000000
81586  -57.811  -5.052  16.785 0.0000000000
81573  -57.894  -5.465  18.392 0.0000000000
81559  -58.143  -5.331  18.975 0.0000000000
81561  -59.469  -4.920  19.948 0.0000000000
81562  -60.200  -5.238  19.693 0.0000000000
83775  -60.798  -3.307  16.630 0.0000000000
81587  -60.857  -5.108  16.727 0.0000000000
80572  -60.537  -6.023  16.349 0.0000000000
65038  -34.823  -19.842  43.600 0.0000000000
65078  -34.455  -19.761  40.566 0.0000000000
53196  -20.841  -29.196  45.306 0.0000000000
52021  -23.389  -30.290  45.256 0.0000000000
52022  -24.735  -30.498  45.336 0.0000000000
56981  -34.320  -26.139  40.511 0.0000000000
58212  -34.937  -25.434  42.426 0.0000000000
58213  -35.224  -25.439  43.177 0.0000000000
60356  -35.604  -23.985  45.246 0.0000000000
60355  -35.232  -23.184  44.856 0.0000000000
61466  -34.980  -22.404  44.375 0.0000000000
61473  -34.970  -22.503  43.407 0.0000000000
63847  -34.882  -20.669  44.213 0.0000000000
70759  -38.484  -14.716  39.291 0.0000000000
70747  -38.837  -14.663  40.162 0.0000000000
69669  -38.854  -15.377  39.690 0.0000000000
68571  -39.074  -16.040  39.143 0.0000000000
68572  -39.778  -16.013  39.119 0.0000000000
68585  -40.168  -16.050  38.518 0.0000000000
68573  -40.166  -15.834  39.010 0.0000000000
69682  -40.490  -15.540  38.753 0.0000000000
70774  -40.923  -14.975  38.221 0.0000000000
74732  -50.990  -11.436  27.520 0.0000000000
74733  -51.819  -11.400  27.845 0.0000000000
74719  -52.343  -11.546  28.563 0.0000000000
74720  -53.191  -11.404  28.922 0.0000000000
75918  -53.447  -10.176  27.791 0.0000000000
75901  -53.796  -10.756  28.722 0.0000000000
74705  -54.572  -11.418  30.275 0.0000000000
79435  -58.493  -8.285  25.665 0.0000000000
78257  -58.372  -8.447  25.081 0.0000000000
46209  -12.074  -36.109  48.819 0.0000000000
69651  -34.197  -16.735  41.834 0.0000000000
69645  -34.091  -16.567  42.643 0.0000000000
69652  -34.364  -16.480  41.582 0.0000000000
69653  -34.674  -16.148  41.379 0.0000000000
70783  -35.275  -15.281  36.967 0.0000000000
70799  -35.286  -15.471  36.525 0.0000000000
69739  -34.838  -16.382  34.694 0.0000000000
51878  -25.909  -30.941  52.856 0.0000000000
49561  -26.772  -32.321  54.225 0.0000000000
49576  -26.956  -32.416  53.537 0.0000000000
49549  -27.096  -32.876  54.733 0.0000000000
54399  -33.859  -28.751  46.699 0.0000000000
53186  -33.348  -29.271  46.521 0.0000000000
53172  -33.524  -28.996  47.042 0.0000000000
54380  -33.257  -28.875  48.122 0.0000000000
54347  -33.336  -28.271  49.254 0.0000000000
54362  -33.109  -28.817  48.860 0.0000000000
53101  -32.046  -29.213  53.178 0.0000000000
54286  -32.192  -28.425  53.715 0.0000000000
54372  -18.223  -29.355  48.200 0.0000000000
53152  -17.796  -29.931  48.300 0.0000000000
53126  -17.164  -29.715  50.480 0.0000000000
53113  -17.142  -29.406  51.006 0.0000000000
54323  -17.441  -29.231  50.717 0.0000000000
54281  -18.743  -27.969  53.376 0.0000000000
54295  -18.849  -28.222  52.602 0.0000000000
55552  -18.939  -27.750  53.964 0.0000000000
70865  -42.208  -14.630  31.384 0.0000000000
70849  -42.425  -14.479  32.305 0.0000000000
70866  -42.710  -14.135  31.614 0.0000000000
73391  -44.115  -12.895  32.038 0.0000000000
72045  -43.986  -13.040  32.693 0.0000000000
72023  -44.129  -12.987  33.395 0.0000000000
73361  -44.888  -12.315  34.289 0.0000000000
73362  -45.471  -11.791  34.425 0.0000000000
77143  -53.316  -9.778  20.564 0.0000000000
77153  -54.705  -9.983  19.390 0.0000000000
82662  -58.003  -4.595  15.668 0.0000000000
83768  -58.808  -3.251  17.450 0.0000000000
84870  -59.291  -2.654  17.390 0.0000000000
84876  -59.449  -2.354  17.164 0.0000000000
85995  -60.015  -2.177  17.086 0.0000000000
86008  -59.556  -1.359  15.890 0.0000000000
86001  -60.130  -1.929  16.481 0.0000000000
49608  -14.834  -32.302  51.146 0.0000000000
50679  -13.594  -31.482  55.154 0.0000000000
68486  -33.628  -16.615  47.243 0.0000000000
68497  -33.707  -16.560  46.219 0.0000000000
68510  -33.733  -16.525  45.135 0.0000000000
66243  -34.603  -19.117  43.965 0.0000000000
66267  -34.144  -18.441  41.436 0.0000000000
67452  -34.143  -17.725  42.791 0.0000000000
67451  -34.079  -17.333  42.504 0.0000000000
68552  -34.093  -17.059  42.094 0.0000000000
67493  -33.043  -17.491  39.425 0.0000000000
54315  -21.109  -28.889  51.528 0.0000000000
53142  -21.568  -29.483  49.622 0.0000000000
53129  -22.414  -29.826  51.020 0.0000000000
51954  -23.156  -30.316  48.720 0.0000000000
50756  -26.704  -31.465  51.100 0.0000000000
50757  -27.290  -32.140  51.569 0.0000000000
49614  -27.831  -32.577  51.422 0.0000000000
49615  -28.378  -32.961  51.632 0.0000000000
53259  -32.717  -29.385  41.599 0.0000000000
53230  -33.303  -29.396  43.732 0.0000000000
54467  -34.452  -27.695  42.439 0.0000000000
55714  -35.335  -27.052  43.731 0.0000000000
55697  -35.014  -27.572  43.915 0.0000000000
54449  -34.567  -28.050  43.237 0.0000000000
54432  -34.569  -28.258  44.191 0.0000000000
54400  -34.422  -28.307  46.313 0.0000000000
55632  -34.844  -27.276  47.811 0.0000000000
56854  -35.253  -27.033  47.424 0.0000000000
58087  -34.101  -25.945  50.044 0.0000000000
58071  -33.991  -25.413  50.511 0.0000000000
62545  -34.117  -21.287  50.455 0.0000000000
61448  -35.131  -22.402  47.577 0.0000000000
62562  -34.546  -21.476  49.400 0.0000000000
64969  -34.095  -19.694  48.464 0.0000000000
64968  -33.859  -19.098  49.066 0.0000000000
53209  -18.683  -30.023  44.675 0.0000000000
53194  -18.702  -29.682  45.653 0.0000000000
54392  -18.888  -29.121  46.805 0.0000000000
54393  -19.347  -28.995  46.335 0.0000000000
54374  -19.282  -28.936  47.234 0.0000000000
54326  -20.029  -28.746  50.169 0.0000000000
76840  -38.576  -9.812  44.110 0.0000000000
74470  -39.036  -11.444  42.545 0.0000000000
75668  -39.651  -10.798  43.506 0.0000000000
75669  -40.847  -10.752  43.913 0.0000000000
71903  -40.225  -13.652  41.954 0.0000000000
70738  -40.629  -14.095  41.400 0.0000000000
71904  -41.005  -13.470  41.957 0.0000000000
71892  -40.513  -13.134  42.427 0.0000000000
74451  -42.115  -11.100  43.204 0.0000000000
73442  -45.983  -12.227  29.457 0.0000000000
74698  -46.796  -12.053  29.804 0.0000000000
75836  -51.182  -10.748  33.183 0.0000000000
74635  -51.758  -11.202  32.342 0.0000000000
42779  -7.182  -38.115  53.896 0.0000000000
67597  -38.342  -18.449  32.963 0.0000000000
67613  -39.156  -17.844  32.456 0.0000000000
69767  -40.935  -16.164  31.808 0.0000000000
69782  -41.348  -15.618  31.232 0.0000000000
70884  -41.795  -15.098  30.769 0.0000000000
69816  -41.247  -15.449  29.254 0.0000000000
70885  -42.255  -14.546  30.334 0.0000000000
72083  -43.025  -13.460  30.178 0.0000000000
72126  -42.450  -13.343  28.791 0.0000000000
72104  -42.727  -13.375  29.340 0.0000000000
73440  -43.938  -12.494  29.518 0.0000000000
73475  -43.708  -12.339  27.693 0.0000000000
73460  -46.306  -12.474  28.243 0.0000000000
73461  -47.209  -12.422  27.958 0.0000000000
74730  -48.986  -11.694  27.172 0.0000000000
74775  -46.431  -11.646  24.257 0.0000000000
74761  -47.233  -11.700  25.155 0.0000000000
74747  -49.712  -11.251  26.586 0.0000000000
74748  -50.486  -11.214  26.838 0.0000000000
75931  -51.298  -10.841  26.568 0.0000000000
75943  -51.718  -10.289  26.132 0.0000000000
78253  -54.494  -8.225  25.302 0.0000000000
78252  -53.672  -8.461  25.059 0.0000000000
78269  -53.437  -8.533  24.274 0.0000000000
78284  -53.216  -8.687  23.529 0.0000000000
78283  -52.504  -8.696  23.233 0.0000000000
78298  -53.061  -8.885  22.719 0.0000000000
78311  -52.597  -8.902  22.194 0.0000000000
77141  -51.394  -9.059  20.425 0.0000000000
48462  -13.315  -34.288  51.498 0.0000000000
48445  -13.233  -34.116  52.081 0.0000000000
47322  -12.838  -34.742  51.490 0.0000000000
47321  -12.418  -34.958  51.882 0.0000000000
47306  -12.110  -34.976  52.381 0.0000000000
46168  -11.496  -35.469  52.415 0.0000000000
49533  -12.323  -32.442  56.687 0.0000000000
46167  -10.758  -35.911  52.512 0.0000000000
45098  -10.031  -36.413  52.615 0.0000000000
46157  -9.448  -35.977  53.976 0.0000000000
43908  -7.505  -37.617  54.339 0.0000000000
42762  -7.973  -38.007  55.408 0.0000000000
43890  -8.631  -36.938  55.684 0.0000000000
43880  -8.538  -37.429  55.619 0.0000000000
75606  -37.467  -9.585  47.464 0.0000000000
70641  -33.804  -15.149  48.532 0.0000000000
70657  -33.879  -15.181  47.486 0.0000000000
70709  -34.935  -14.452  44.422 0.0000000000
71850  -35.034  -13.907  45.762 0.0000000000
71830  -35.104  -13.587  46.381 0.0000000000
74406  -36.248  -11.879  46.406 0.0000000000
73179  -36.496  -12.412  44.525 0.0000000000
74421  -36.636  -11.653  45.286 0.0000000000
75635  -37.061  -10.788  44.876 0.0000000000
75702  -37.714  -11.584  41.955 0.0000000000
74490  -37.316  -11.920  41.554 0.0000000000
74491  -37.861  -11.796  41.456 0.0000000000
74529  -38.219  -12.427  40.228 0.0000000000
73292  -38.309  -13.510  39.340 0.0000000000
71942  -36.224  -13.822  39.498 0.0000000000
71958  -36.975  -13.893  38.304 0.0000000000
71944  -37.536  -13.657  38.597 0.0000000000
71945  -38.186  -13.978  38.885 0.0000000000
70773  -38.106  -14.850  38.541 0.0000000000
68617  -38.000  -17.122  36.812 0.0000000000
68616  -37.251  -16.726  36.468 0.0000000000
69738  -34.194  -16.203  34.611 0.0000000000
68653  -34.767  -16.578  34.446 0.0000000000
68680  -34.126  -16.907  33.108 0.0000000000
68654  -35.058  -16.770  34.487 0.0000000000
67576  -35.406  -17.396  34.148 0.0000000000
67595  -35.719  -17.887  33.711 0.0000000000
67596  -36.255  -18.186  33.791 0.0000000000
66407  -35.947  -18.672  32.532 0.0000000000
66370  -37.416  -18.522  33.668 0.0000000000
66371  -37.859  -18.559  33.478 0.0000000000
54298  -21.425  -28.932  52.412 0.0000000000
54284  -22.102  -29.244  53.503 0.0000000000
53083  -23.474  -29.799  53.758 0.0000000000
51842  -25.780  -30.883  55.200 0.0000000000
51958  -26.765  -30.961  48.319 0.0000000000
51959  -27.426  -31.169  48.202 0.0000000000
50774  -28.056  -32.196  50.265 0.0000000000
49652  -28.292  -32.316  50.203 0.0000000000
49635  -28.953  -32.882  50.918 0.0000000000
53185  -32.751  -29.758  46.563 0.0000000000
53184  -32.164  -30.189  46.664 0.0000000000
52003  -30.845  -30.861  46.590 0.0000000000
52002  -30.101  -31.079  46.526 0.0000000000
50846  -29.682  -31.341  47.135 0.0000000000
49654  -29.414  -32.666  50.257 0.0000000000
49580  -30.890  -32.261  53.508 0.0000000000
53087  -32.015  -29.995  53.132 0.0000000000
51880  -31.794  -30.285  53.369 0.0000000000
51879  -31.554  -30.602  53.910 0.0000000000
48479  -14.774  -33.159  49.812 0.0000000000
48537  -15.258  -33.535  46.235 0.0000000000
49664  -15.292  -33.219  48.464 0.0000000000
49626  -14.804  -32.755  50.498 0.0000000000
54268  -17.889  -28.038  54.472 0.0000000000
68669  -39.817  -17.343  34.168 0.0000000000
69727  -40.825  -15.987  35.461 0.0000000000
70821  -42.316  -14.610  33.785 0.0000000000
72001  -43.052  -13.880  34.759 0.0000000000
70812  -42.624  -14.220  35.166 0.0000000000
70790  -42.289  -13.871  36.896 0.0000000000
73293  -43.081  -12.584  38.853 0.0000000000
73279  -44.370  -11.835  39.161 0.0000000000
74677  -46.199  -11.890  30.683 0.0000000000
74653  -45.771  -11.797  31.680 0.0000000000
74630  -45.959  -11.567  32.573 0.0000000000
74606  -46.106  -11.223  34.718 0.0000000000
74593  -46.157  -11.284  35.857 0.0000000000
74577  -46.401  -11.342  37.076 0.0000000000
78272  -55.517  -8.349  25.205 0.0000000000
77083  -55.729  -8.844  24.863 0.0000000000
77069  -56.103  -8.693  25.301 0.0000000000
77113  -56.232  -9.912  22.681 0.0000000000
78274  -58.277  -8.484  24.440 0.0000000000
79445  -58.899  -8.169  24.518 0.0000000000
80503  -59.324  -7.649  23.630 0.0000000000
80504  -59.661  -7.750  23.671 0.0000000000
80512  -59.846  -7.465  23.127 0.0000000000
80513  -60.271  -7.657  22.923 0.0000000000
78340  -57.123  -7.741  19.060 0.0000000000
80527  -58.118  -6.132  20.951 0.0000000000
80547  -58.109  -5.668  19.909 0.0000000000
80539  -58.438  -5.733  20.414 0.0000000000
80528  -58.841  -5.957  21.265 0.0000000000
80529  -59.756  -6.142  21.253 0.0000000000
83761  -59.853  -3.300  18.264 0.0000000000
80566  -60.806  -5.929  17.299 0.0000000000
42756  -8.370  -37.715  55.563 0.0000000000
43889  -8.310  -37.288  55.526 0.0000000000
43917  -7.575  -37.666  53.647 0.0000000000
45046  -8.953  -36.675  55.777 0.0000000000
45068  -7.850  -36.952  54.908 0.0000000000
46136  -9.133  -36.317  55.730 0.0000000000
46147  -9.816  -35.498  54.322 0.0000000000
49633  -27.694  -32.302  51.041 0.0000000000
49634  -28.162  -32.506  50.741 0.0000000000
50720  -30.836  -32.175  53.927 0.0000000000
50741  -32.022  -30.924  52.380 0.0000000000
50748  -14.547  -32.115  51.917 0.0000000000
50784  -15.820  -31.982  49.807 0.0000000000
50804  -27.255  -31.243  48.765 0.0000000000
51893  -23.437  -30.190  52.464 0.0000000000
51921  -16.235  -31.023  50.303 0.0000000000
53130  -22.924  -30.040  51.578 0.0000000000
53166  -18.625  -29.312  47.098 0.0000000000
54299  -21.891  -29.186  52.867 0.0000000000
55555  -21.011  -28.520  53.318 0.0000000000
56917  -35.291  -26.771  43.421 0.0000000000
58108  -35.545  -25.677  48.609 0.0000000000
59305  -34.982  -24.178  42.998 0.0000000000
62561  -34.250  -20.948  49.731 0.0000000000
66387  -35.498  -17.983  33.270 0.0000000000
66405  -34.802  -17.950  32.471 0.0000000000
67436  -33.998  -17.107  42.934 0.0000000000
67577  -36.070  -17.768  34.365 0.0000000000
67610  -34.560  -17.635  32.586 0.0000000000
68541  -33.970  -16.800  42.922 0.0000000000
68582  -33.524  -16.702  39.028 0.0000000000
68667  -34.588  -16.693  34.126 0.0000000000
69660  -38.925  -15.160  40.057 0.0000000000
69670  -39.472  -15.696  39.708 0.0000000000
69678  -33.580  -16.641  38.483 0.0000000000
69695  -40.972  -15.287  37.122 0.0000000000
70727  -34.466  -15.851  42.491 0.0000000000
71870  -35.699  -13.591  44.968 0.0000000000
71890  -39.504  -12.830  42.086 0.0000000000
71891  -39.874  -13.056  42.356 0.0000000000
72103  -42.364  -13.781  29.098 0.0000000000
73166  -35.882  -12.971  45.909 0.0000000000
73191  -39.687  -12.008  42.897 0.0000000000
73253  -39.171  -13.202  41.275 0.0000000000
73424  -45.941  -12.060  30.177 0.0000000000
74469  -38.612  -11.491  42.304 0.0000000000
74471  -41.893  -11.850  42.969 0.0000000000
74511  -38.062  -12.054  40.818 0.0000000000
75704  -38.308  -11.521  42.167 0.0000000000
75882  -54.872  -10.826  29.827 0.0000000000
75964  -48.774  -10.117  23.940 0.0000000000
75982  -55.255  -10.220  21.072 0.0000000000
75988  -54.953  -10.212  20.719 0.0000000000
75989  -55.145  -10.225  20.849 0.0000000000
77065  -50.389  -10.138  24.901 0.0000000000
77082  -55.144  -8.723  24.553 0.0000000000
78218  -56.280  -7.832  28.229 0.0000000000
78285  -54.008  -8.721  23.772 0.0000000000
79409  -56.592  -7.450  27.977 0.0000000000
81538  -59.753  -5.847  20.761 0.0000000000
81549  -60.081  -5.708  20.303 0.0000000000
82634  -58.855  -4.624  19.356 0.0000000000
82635  -59.160  -4.526  19.427 0.0000000000
82646  -60.202  -4.238  18.737 0.0000000000
83762  -60.463  -3.443  18.079 0.0000000000
83770  -60.722  -3.415  17.527 0.0000000000
84863  -60.283  -2.902  17.831 0.0000000000
84871  -59.812  -2.514  17.480 0.0000000000
84872  -60.404  -2.666  17.158 0.0000000000
84882  -59.175  -1.542  15.410 0.0000000000
85994  -59.817  -2.214  17.160 0.0000000000
85999  -59.296  -2.078  16.726 0.0000000000
86000  -59.606  -2.039  16.852 0.0000000000
