#!ascii label  , from subject sub-THP0005 vox2ras=TkReg
1416
66208  -37.852  -18.514  45.416 0.0000000000
48455  -34.920  -33.305  52.185 0.0000000000
66313  -47.608  -18.018  37.607 0.0000000000
62722  -39.665  -21.435  36.299 0.0000000000
65024  -45.578  -19.295  44.537 0.0000000000
58074  -39.162  -24.781  49.759 0.0000000000
48585  -43.405  -33.220  43.944 0.0000000000
57047  -42.188  -26.701  36.620 0.0000000000
46171  -25.956  -35.051  52.740 0.0000000000
72008  -52.517  -12.977  34.365 0.0000000000
47417  -32.817  -34.433  45.030 0.0000000000
63885  -38.993  -20.898  41.242 0.0000000000
62635  -43.079  -21.313  40.447 0.0000000000
67440  -40.718  -17.229  43.667 0.0000000000
63773  -39.617  -21.346  49.036 0.0000000000
56904  -43.103  -26.868  44.367 0.0000000000
58230  -38.824  -25.225  41.898 0.0000000000
59369  -39.284  -24.868  36.454 0.0000000000
72129  -53.450  -13.657  28.477 0.0000000000
46188  -31.148  -35.735  52.098 0.0000000000
46258  -29.109  -34.982  47.271 0.0000000000
49672  -33.482  -32.586  48.455 0.0000000000
67458  -48.517  -17.828  42.559 0.0000000000
53119  -37.864  -29.571  50.861 0.0000000000
50834  -39.208  -31.090  47.833 0.0000000000
51989  -43.900  -29.673  47.139 0.0000000000
53262  -42.581  -29.478  41.336 0.0000000000
49593  -22.632  -32.460  52.559 0.0000000000
70711  -44.153  -14.382  44.993 0.0000000000
70751  -44.010  -14.789  40.136 0.0000000000
73298  -49.270  -11.375  37.953 0.0000000000
69731  -45.222  -15.176  34.962 0.0000000000
69819  -47.202  -15.502  29.497 0.0000000000
47396  -25.579  -35.087  45.832 0.0000000000
49732  -37.528  -32.733  43.497 0.0000000000
63848  -37.988  -20.119  43.437 0.0000000000
66258  -39.671  -18.954  42.508 0.0000000000
67438  -38.597  -17.493  43.726 0.0000000000
64980  -38.488  -19.487  47.531 0.0000000000
60358  -39.307  -23.772  46.110 0.0000000000
62596  -38.128  -21.597  44.516 0.0000000000
60382  -38.324  -23.381  41.533 0.0000000000
67563  -49.335  -17.839  36.102 0.0000000000
66355  -47.431  -18.528  35.594 0.0000000000
47313  -33.139  -34.708  52.671 0.0000000000
47348  -32.734  -34.057  50.351 0.0000000000
48501  -34.706  -32.997  50.101 0.0000000000
62751  -41.688  -21.409  34.819 0.0000000000
63874  -44.456  -20.220  42.427 0.0000000000
63903  -45.166  -21.020  40.781 0.0000000000
63876  -46.317  -20.286  42.599 0.0000000000
65062  -48.943  -19.749  42.217 0.0000000000
65007  -47.233  -18.680  44.802 0.0000000000
55617  -38.653  -27.105  49.727 0.0000000000
53146  -40.435  -29.719  49.260 0.0000000000
55650  -41.288  -27.635  47.675 0.0000000000
56985  -43.018  -26.661  40.254 0.0000000000
55752  -45.128  -27.454  41.648 0.0000000000
54564  -43.234  -28.145  38.085 0.0000000000
61545  -38.540  -22.426  35.957 0.0000000000
70730  -43.674  -14.322  42.629 0.0000000000
71974  -46.988  -13.535  36.937 0.0000000000
72004  -48.194  -13.520  34.448 0.0000000000
69770  -45.537  -15.379  32.014 0.0000000000
70869  -48.707  -14.334  31.697 0.0000000000
72157  -50.518  -13.737  25.903 0.0000000000
47311  -24.596  -34.087  53.022 0.0000000000
47369  -23.860  -34.007  49.072 0.0000000000
47359  -25.446  -34.952  49.171 0.0000000000
47415  -31.083  -34.249  45.621 0.0000000000
46294  -29.502  -35.307  44.645 0.0000000000
45191  -32.162  -36.140  44.435 0.0000000000
52060  -41.431  -30.753  44.512 0.0000000000
52031  -37.859  -30.536  45.129 0.0000000000
49735  -40.777  -32.990  43.943 0.0000000000
62661  -39.385  -21.440  38.985 0.0000000000
62678  -41.251  -21.167  37.831 0.0000000000
62618  -40.896  -20.804  40.763 0.0000000000
65058  -42.210  -19.659  42.530 0.0000000000
66227  -42.987  -17.992  44.615 0.0000000000
61438  -39.873  -22.816  49.443 0.0000000000
58124  -41.739  -25.499  47.464 0.0000000000
58143  -41.083  -25.158  46.301 0.0000000000
56938  -40.536  -26.919  42.724 0.0000000000
57018  -40.640  -26.342  38.978 0.0000000000
58289  -40.898  -25.847  36.483 0.0000000000
58267  -38.973  -25.202  38.787 0.0000000000
60400  -38.486  -23.455  38.448 0.0000000000
72069  -53.428  -14.060  31.345 0.0000000000
72087  -56.362  -12.797  31.478 0.0000000000
45117  -28.296  -36.381  52.200 0.0000000000
46215  -28.105  -36.006  49.786 0.0000000000
46233  -30.141  -35.175  49.637 0.0000000000
48512  -30.653  -33.901  48.028 0.0000000000
49707  -32.737  -32.853  45.692 0.0000000000
62680  -43.186  -21.574  37.698 0.0000000000
66270  -50.600  -18.248  41.279 0.0000000000
67496  -47.600  -17.607  40.222 0.0000000000
50744  -36.781  -31.307  51.575 0.0000000000
49659  -37.300  -32.126  50.272 0.0000000000
50795  -39.486  -31.105  49.647 0.0000000000
50837  -41.957  -30.752  47.557 0.0000000000
50877  -43.808  -31.275  44.552 0.0000000000
55685  -45.096  -27.898  45.574 0.0000000000
53232  -44.684  -29.519  43.572 0.0000000000
50900  -43.018  -31.544  42.668 0.0000000000
70674  -37.596  -14.378  47.519 0.0000000000
50724  -34.942  -31.456  52.975 0.0000000000
56796  -36.497  -26.931  51.735 0.0000000000
58057  -37.260  -25.145  51.381 0.0000000000
71853  -38.960  -13.452  46.279 0.0000000000
69596  -41.899  -14.714  46.606 0.0000000000
68501  -43.728  -16.588  46.746 0.0000000000
71837  -43.742  -13.246  46.885 0.0000000000
68503  -45.178  -16.664  46.438 0.0000000000
67443  -45.455  -16.939  44.106 0.0000000000
67467  -44.806  -17.461  41.933 0.0000000000
66285  -44.221  -18.126  38.877 0.0000000000
71932  -46.903  -13.292  39.506 0.0000000000
69697  -44.276  -15.538  37.365 0.0000000000
66309  -43.909  -18.217  36.695 0.0000000000
66391  -43.333  -18.123  33.558 0.0000000000
70931  -50.355  -14.425  28.610 0.0000000000
49651  -21.809  -32.572  49.892 0.0000000000
47456  -25.035  -34.569  42.445 0.0000000000
46256  -27.794  -35.600  46.251 0.0000000000
46306  -28.396  -35.232  43.414 0.0000000000
50812  -35.840  -31.793  48.240 0.0000000000
50859  -35.609  -31.255  45.336 0.0000000000
48564  -35.142  -33.750  44.684 0.0000000000
47445  -37.582  -34.872  43.694 0.0000000000
65005  -37.929  -19.743  44.914 0.0000000000
66225  -37.964  -18.493  44.132 0.0000000000
67417  -37.973  -17.408  44.665 0.0000000000
64991  -38.209  -19.571  46.287 0.0000000000
63829  -38.331  -20.697  45.930 0.0000000000
63842  -38.116  -20.846  44.982 0.0000000000
63849  -37.932  -20.553  43.991 0.0000000000
67511  -49.286  -17.204  38.776 0.0000000000
67543  -48.661  -17.906  36.857 0.0000000000
66356  -48.623  -18.253  35.679 0.0000000000
66334  -47.773  -18.205  36.651 0.0000000000
47302  -34.291  -33.739  52.512 0.0000000000
47331  -33.795  -33.956  51.233 0.0000000000
48472  -34.937  -33.318  51.439 0.0000000000
62759  -39.910  -21.497  34.285 0.0000000000
62750  -40.671  -21.330  35.011 0.0000000000
65044  -45.205  -19.608  43.669 0.0000000000
63875  -45.390  -20.301  42.406 0.0000000000
65045  -46.124  -19.705  43.920 0.0000000000
65046  -46.965  -19.747  44.037 0.0000000000
65025  -46.406  -19.364  44.589 0.0000000000
58090  -38.810  -25.882  49.646 0.0000000000
55633  -39.787  -27.954  48.807 0.0000000000
56843  -40.655  -26.477  48.085 0.0000000000
57021  -43.140  -26.681  38.331 0.0000000000
57022  -43.669  -27.251  38.441 0.0000000000
55807  -42.615  -27.687  36.978 0.0000000000
54562  -41.914  -28.410  37.350 0.0000000000
62748  -39.002  -21.771  35.726 0.0000000000
61565  -38.735  -22.256  34.656 0.0000000000
61566  -39.332  -21.700  34.442 0.0000000000
71988  -48.821  -13.132  35.291 0.0000000000
72006  -50.316  -13.294  34.242 0.0000000000
72046  -48.865  -13.893  32.740 0.0000000000
72048  -50.335  -13.976  32.457 0.0000000000
47312  -25.095  -34.507  52.552 0.0000000000
47345  -25.425  -34.876  50.393 0.0000000000
46184  -26.288  -35.424  51.272 0.0000000000
47416  -31.940  -34.417  45.273 0.0000000000
46279  -31.575  -35.046  45.126 0.0000000000
46280  -32.426  -35.317  44.967 0.0000000000
45183  -33.090  -36.274  45.067 0.0000000000
46281  -33.510  -35.455  45.243 0.0000000000
50876  -42.912  -31.770  44.489 0.0000000000
50874  -41.087  -31.203  44.112 0.0000000000
48583  -42.217  -33.666  44.438 0.0000000000
62647  -39.182  -21.452  39.678 0.0000000000
62648  -39.906  -21.174  39.574 0.0000000000
62617  -40.020  -20.793  40.696 0.0000000000
66245  -40.086  -18.096  42.833 0.0000000000
65057  -41.261  -19.567  42.309 0.0000000000
66246  -41.212  -18.188  43.204 0.0000000000
65041  -42.696  -19.156  43.233 0.0000000000
66226  -42.286  -17.647  44.308 0.0000000000
62563  -40.084  -22.293  49.051 0.0000000000
60332  -41.221  -23.483  48.080 0.0000000000
60340  -40.443  -23.239  47.357 0.0000000000
58196  -38.732  -24.681  44.093 0.0000000000
56900  -39.689  -25.730  44.681 0.0000000000
58231  -39.257  -26.060  42.181 0.0000000000
56983  -41.006  -26.711  40.637 0.0000000000
58246  -39.318  -25.979  41.239 0.0000000000
58268  -39.752  -25.775  38.575 0.0000000000
58245  -38.850  -25.229  40.614 0.0000000000
62615  -38.653  -21.561  41.250 0.0000000000
61502  -38.395  -22.647  40.011 0.0000000000
62646  -38.688  -21.954  39.780 0.0000000000
62675  -38.883  -21.859  38.485 0.0000000000
45107  -29.647  -36.346  52.666 0.0000000000
45131  -29.459  -35.998  50.671 0.0000000000
46202  -30.140  -35.768  50.874 0.0000000000
48499  -32.842  -33.420  49.417 0.0000000000
48498  -32.127  -33.604  49.016 0.0000000000
48514  -32.530  -33.052  48.325 0.0000000000
48531  -31.810  -33.176  47.138 0.0000000000
49698  -33.029  -32.446  46.527 0.0000000000
62651  -42.553  -21.440  39.564 0.0000000000
62679  -42.195  -21.418  37.745 0.0000000000
62652  -43.536  -21.483  39.656 0.0000000000
63904  -46.201  -20.702  40.844 0.0000000000
62667  -44.990  -21.291  38.718 0.0000000000
63927  -46.475  -20.670  38.678 0.0000000000
66251  -49.089  -18.821  43.017 0.0000000000
65063  -49.740  -19.065  42.296 0.0000000000
67460  -49.780  -17.994  41.964 0.0000000000
67485  -49.244  -17.244  40.769 0.0000000000
67471  -48.822  -17.499  41.679 0.0000000000
51901  -37.112  -30.452  51.482 0.0000000000
50777  -37.768  -31.515  50.748 0.0000000000
51929  -38.788  -30.347  50.362 0.0000000000
53159  -42.345  -29.581  48.113 0.0000000000
51963  -41.767  -30.385  48.511 0.0000000000
51987  -42.887  -30.349  47.296 0.0000000000
52011  -42.947  -30.409  46.364 0.0000000000
52038  -44.579  -30.402  45.696 0.0000000000
58145  -42.933  -26.230  45.976 0.0000000000
56859  -42.954  -26.651  46.514 0.0000000000
56905  -44.268  -26.944  44.328 0.0000000000
54508  -43.811  -28.461  40.563 0.0000000000
54469  -44.924  -28.614  42.850 0.0000000000
53247  -43.739  -29.602  42.484 0.0000000000
52102  -43.797  -30.626  43.271 0.0000000000
58288  -40.074  -25.341  35.951 0.0000000000
56797  -36.910  -26.327  51.487 0.0000000000
62532  -38.417  -21.623  50.418 0.0000000000
70675  -37.851  -14.217  46.690 0.0000000000
71816  -41.240  -13.254  47.160 0.0000000000
70645  -42.139  -13.614  47.424 0.0000000000
68500  -43.042  -16.093  46.566 0.0000000000
70662  -42.956  -14.155  47.644 0.0000000000
71856  -44.049  -13.408  46.233 0.0000000000
69613  -44.677  -15.301  46.444 0.0000000000
69628  -44.699  -15.393  45.490 0.0000000000
68532  -45.989  -16.883  45.197 0.0000000000
68530  -44.942  -16.086  44.831 0.0000000000
70740  -44.095  -14.239  41.402 0.0000000000
68553  -43.737  -16.259  42.823 0.0000000000
67480  -43.790  -17.278  41.193 0.0000000000
67481  -44.520  -17.855  40.697 0.0000000000
68574  -43.350  -16.707  39.256 0.0000000000
71933  -47.632  -12.796  39.050 0.0000000000
70805  -45.804  -14.646  35.698 0.0000000000
70792  -45.462  -14.783  36.988 0.0000000000
69714  -44.180  -15.643  36.414 0.0000000000
68600  -43.377  -16.667  37.400 0.0000000000
68639  -43.130  -16.980  35.640 0.0000000000
67561  -43.343  -17.773  35.057 0.0000000000
68659  -43.702  -16.246  34.358 0.0000000000
69785  -46.345  -15.221  31.280 0.0000000000
68697  -44.156  -16.338  31.276 0.0000000000
68711  -44.828  -16.218  30.117 0.0000000000
72084  -53.734  -14.171  30.106 0.0000000000
70891  -51.848  -14.420  30.170 0.0000000000
70910  -52.236  -14.281  29.267 0.0000000000
47383  -24.666  -34.528  47.334 0.0000000000
47382  -23.805  -34.012  47.868 0.0000000000
47395  -24.740  -34.620  46.134 0.0000000000
47429  -24.719  -34.457  44.111 0.0000000000
47430  -25.728  -34.895  44.216 0.0000000000
46245  -28.508  -35.457  47.826 0.0000000000
46244  -27.803  -35.716  47.351 0.0000000000
46257  -28.560  -35.351  46.689 0.0000000000
46293  -28.556  -35.334  44.441 0.0000000000
44012  -30.795  -37.501  42.853 0.0000000000
50814  -38.451  -31.644  48.907 0.0000000000
49675  -36.288  -32.175  49.196 0.0000000000
50833  -37.747  -30.902  47.350 0.0000000000
52081  -37.669  -31.301  43.717 0.0000000000
50860  -36.315  -30.979  44.876 0.0000000000
50872  -36.592  -31.525  44.008 0.0000000000
49718  -35.258  -32.361  44.452 0.0000000000
49719  -35.981  -32.471  44.089 0.0000000000
47421  -36.366  -35.049  45.339 0.0000000000
63868  -38.792  -20.500  41.893 0.0000000000
63886  -39.535  -20.608  41.216 0.0000000000
65040  -38.467  -19.706  42.778 0.0000000000
66244  -38.775  -18.537  43.021 0.0000000000
68544  -39.753  -16.771  43.739 0.0000000000
63813  -39.258  -21.070  47.729 0.0000000000
61456  -39.616  -22.551  47.040 0.0000000000
62587  -38.879  -21.735  46.610 0.0000000000
61467  -38.378  -22.545  45.044 0.0000000000
60372  -38.326  -23.260  43.569 0.0000000000
59328  -38.478  -24.202  42.220 0.0000000000
61481  -38.225  -22.405  42.993 0.0000000000
62608  -38.293  -21.482  42.411 0.0000000000
66395  -46.640  -18.979  33.778 0.0000000000
46189  -32.135  -35.285  52.172 0.0000000000
46204  -31.616  -35.363  51.530 0.0000000000
47330  -32.778  -34.711  51.689 0.0000000000
48484  -33.397  -33.568  50.067 0.0000000000
49655  -34.076  -32.639  48.955 0.0000000000
62621  -43.461  -21.030  41.212 0.0000000000
62636  -44.090  -21.194  40.713 0.0000000000
63892  -44.697  -20.735  41.614 0.0000000000
63893  -45.810  -20.624  41.727 0.0000000000
63894  -47.012  -20.474  41.932 0.0000000000
63895  -48.223  -20.194  41.618 0.0000000000
63878  -47.933  -19.970  42.707 0.0000000000
63862  -47.948  -19.673  43.337 0.0000000000
66232  -48.144  -18.397  43.839 0.0000000000
54318  -38.074  -28.729  50.591 0.0000000000
53133  -39.066  -29.607  50.133 0.0000000000
54348  -39.829  -28.810  49.248 0.0000000000
54366  -41.592  -28.764  48.078 0.0000000000
54384  -42.808  -28.475  47.381 0.0000000000
56941  -43.650  -26.811  42.206 0.0000000000
56924  -44.399  -26.895  43.020 0.0000000000
56960  -43.863  -26.689  41.101 0.0000000000
54545  -44.018  -28.054  39.276 0.0000000000
54524  -42.881  -28.559  39.343 0.0000000000
53297  -41.717  -28.895  39.143 0.0000000000
53318  -41.561  -28.750  38.448 0.0000000000
60415  -38.421  -23.327  36.434 0.0000000000
60450  -38.545  -23.304  34.552 0.0000000000
73194  -44.966  -12.054  43.895 0.0000000000
71882  -43.904  -13.759  43.676 0.0000000000
71894  -44.764  -12.678  42.965 0.0000000000
71906  -44.934  -13.251  41.809 0.0000000000
70741  -44.855  -13.724  41.167 0.0000000000
73310  -50.301  -11.438  37.274 0.0000000000
73308  -48.210  -12.557  37.524 0.0000000000
73325  -48.703  -12.641  36.610 0.0000000000
71987  -47.770  -13.403  35.451 0.0000000000
70813  -46.063  -14.687  34.617 0.0000000000
69744  -44.681  -15.567  33.981 0.0000000000
70837  -46.636  -14.563  33.077 0.0000000000
70867  -47.316  -14.626  31.865 0.0000000000
69803  -48.051  -15.015  30.472 0.0000000000
73481  -53.954  -13.059  27.584 0.0000000000
72127  -51.983  -13.830  27.814 0.0000000000
72159  -52.237  -13.214  26.605 0.0000000000
48431  -23.626  -33.134  53.118 0.0000000000
48467  -23.461  -33.327  51.526 0.0000000000
47343  -23.940  -33.775  51.112 0.0000000000
47358  -24.673  -34.395  49.686 0.0000000000
47371  -25.447  -35.008  47.995 0.0000000000
47413  -29.828  -34.356  46.352 0.0000000000
46277  -29.541  -34.790  45.874 0.0000000000
46278  -30.713  -34.882  45.268 0.0000000000
46296  -31.381  -35.581  44.535 0.0000000000
45197  -31.363  -36.156  43.651 0.0000000000
42925  -31.903  -37.620  43.594 0.0000000000
43996  -32.879  -37.108  44.629 0.0000000000
52008  -40.264  -30.377  46.145 0.0000000000
52006  -38.189  -30.562  46.156 0.0000000000
52058  -39.365  -30.605  44.416 0.0000000000
50890  -39.573  -31.665  43.668 0.0000000000
49733  -38.478  -32.762  43.376 0.0000000000
62693  -39.616  -21.448  37.273 0.0000000000
62694  -40.466  -21.266  37.032 0.0000000000
62677  -40.330  -21.212  37.975 0.0000000000
62649  -40.754  -21.124  39.527 0.0000000000
62619  -41.740  -21.009  40.941 0.0000000000
63887  -40.426  -20.458  41.210 0.0000000000
63888  -41.321  -20.557  41.380 0.0000000000
63889  -42.184  -20.685  41.581 0.0000000000
65059  -43.097  -19.762  42.758 0.0000000000
65042  -43.561  -19.322  43.446 0.0000000000
66228  -43.968  -18.312  45.124 0.0000000000
60318  -39.477  -23.500  49.745 0.0000000000
58093  -40.933  -24.993  48.680 0.0000000000
60326  -41.468  -24.215  48.376 0.0000000000
59270  -41.953  -25.177  47.070 0.0000000000
58163  -42.362  -26.118  45.773 0.0000000000
59277  -39.923  -24.321  46.273 0.0000000000
56884  -40.931  -26.149  45.331 0.0000000000
55715  -41.957  -27.212  43.186 0.0000000000
56958  -41.768  -26.939  41.513 0.0000000000
57004  -42.215  -26.565  39.439 0.0000000000
57030  -41.812  -26.309  37.948 0.0000000000
58290  -41.685  -26.235  36.933 0.0000000000
58277  -41.004  -26.095  37.668 0.0000000000
58276  -40.028  -25.493  37.091 0.0000000000
59362  -39.171  -24.988  37.521 0.0000000000
59350  -38.536  -24.391  39.992 0.0000000000
59354  -38.624  -24.468  38.895 0.0000000000
59368  -38.713  -24.194  36.935 0.0000000000
61526  -38.536  -22.521  37.005 0.0000000000
62692  -38.924  -21.858  37.586 0.0000000000
72050  -52.742  -13.718  32.542 0.0000000000
72051  -53.995  -13.637  32.693 0.0000000000
72070  -54.818  -13.728  31.871 0.0000000000
72108  -55.356  -13.506  30.122 0.0000000000
72131  -55.079  -13.371  29.199 0.0000000000
73482  -54.988  -12.762  27.636 0.0000000000
46173  -27.646  -36.141  52.367 0.0000000000
46200  -27.107  -35.881  50.392 0.0000000000
45141  -28.425  -36.197  50.680 0.0000000000
46216  -29.021  -35.808  49.694 0.0000000000
47372  -29.595  -34.944  48.536 0.0000000000
47360  -30.781  -34.833  49.960 0.0000000000
47373  -30.294  -34.583  48.778 0.0000000000
47386  -30.081  -34.220  47.636 0.0000000000
48543  -30.633  -33.732  46.769 0.0000000000
48560  -31.600  -33.783  45.651 0.0000000000
48562  -33.192  -33.429  45.069 0.0000000000
62695  -41.411  -21.310  36.863 0.0000000000
62696  -42.401  -21.469  36.750 0.0000000000
62666  -43.921  -21.574  38.700 0.0000000000
67498  -49.763  -17.027  39.782 0.0000000000
67509  -47.683  -17.697  39.388 0.0000000000
49619  -36.099  -32.219  51.684 0.0000000000
48488  -36.038  -32.633  51.152 0.0000000000
49639  -37.348  -31.887  50.861 0.0000000000
49677  -37.920  -31.872  49.828 0.0000000000
50815  -39.909  -31.384  48.649 0.0000000000
51946  -40.458  -30.532  49.338 0.0000000000
50816  -40.955  -31.243  48.395 0.0000000000
50835  -40.346  -31.139  47.779 0.0000000000
52009  -41.231  -30.309  46.167 0.0000000000
52062  -43.184  -30.953  44.834 0.0000000000
49723  -43.311  -32.588  44.324 0.0000000000
56857  -41.409  -26.386  47.532 0.0000000000
55652  -43.267  -27.543  46.792 0.0000000000
54401  -44.770  -28.534  46.252 0.0000000000
55717  -45.413  -27.707  43.433 0.0000000000
54433  -45.524  -28.289  44.235 0.0000000000
52064  -45.231  -29.891  45.348 0.0000000000
50878  -44.475  -30.829  44.446 0.0000000000
50893  -44.123  -31.216  43.894 0.0000000000
58313  -41.203  -26.433  35.098 0.0000000000
66192  -37.802  -17.782  47.323 0.0000000000
68498  -37.597  -16.336  46.444 0.0000000000
48415  -23.805  -32.982  53.909 0.0000000000
46162  -26.788  -35.473  53.719 0.0000000000
45092  -28.090  -36.133  53.842 0.0000000000
45093  -28.670  -36.287  53.700 0.0000000000
46166  -32.268  -35.061  53.627 0.0000000000
47301  -33.780  -34.109  53.128 0.0000000000
48438  -34.574  -33.185  53.015 0.0000000000
49583  -35.248  -32.151  52.665 0.0000000000
50742  -35.565  -31.388  52.498 0.0000000000
51900  -36.463  -30.487  51.893 0.0000000000
53105  -36.691  -29.551  51.732 0.0000000000
54303  -36.297  -28.609  52.026 0.0000000000
54304  -36.885  -28.488  51.541 0.0000000000
55599  -37.585  -27.289  50.725 0.0000000000
56814  -37.738  -26.322  50.645 0.0000000000
58073  -38.588  -25.286  50.091 0.0000000000
59247  -38.993  -24.237  49.989 0.0000000000
61428  -38.584  -22.541  50.289 0.0000000000
62547  -38.987  -21.757  49.937 0.0000000000
66179  -38.192  -18.281  48.098 0.0000000000
68511  -37.792  -15.855  45.808 0.0000000000
69624  -38.705  -15.634  44.889 0.0000000000
69610  -40.304  -14.787  45.261 0.0000000000
73135  -39.393  -12.241  47.346 0.0000000000
70694  -40.770  -14.156  46.084 0.0000000000
69627  -41.522  -15.925  45.098 0.0000000000
68529  -42.480  -16.586  45.402 0.0000000000
67403  -43.645  -17.271  45.983 0.0000000000
66210  -44.671  -17.992  46.024 0.0000000000
69587  -44.038  -15.160  47.402 0.0000000000
68502  -44.468  -16.398  46.909 0.0000000000
66211  -45.783  -18.255  45.717 0.0000000000
66212  -46.715  -18.216  45.258 0.0000000000
67424  -47.133  -17.712  44.358 0.0000000000
67445  -47.321  -17.659  43.527 0.0000000000
68546  -43.906  -15.814  43.645 0.0000000000
67455  -45.655  -17.355  42.986 0.0000000000
67469  -46.996  -17.588  41.964 0.0000000000
67482  -46.515  -17.696  41.352 0.0000000000
66287  -46.125  -18.122  39.412 0.0000000000
66299  -45.960  -18.192  38.311 0.0000000000
71919  -46.953  -12.844  40.365 0.0000000000
70753  -45.906  -13.736  40.150 0.0000000000
71963  -47.006  -13.486  37.859 0.0000000000
70777  -45.646  -14.464  38.233 0.0000000000
69673  -43.943  -15.395  39.066 0.0000000000
68586  -43.362  -16.758  38.197 0.0000000000
66297  -44.028  -18.176  37.791 0.0000000000
66311  -45.757  -18.318  37.259 0.0000000000
66332  -45.568  -18.475  36.247 0.0000000000
66374  -45.089  -18.750  34.347 0.0000000000
66393  -44.726  -19.015  33.320 0.0000000000
68672  -43.806  -16.119  33.275 0.0000000000
67614  -43.305  -17.661  32.280 0.0000000000
65175  -44.233  -19.103  31.961 0.0000000000
72067  -51.099  -14.095  31.756 0.0000000000
70889  -50.009  -14.516  30.603 0.0000000000
70929  -48.686  -14.954  29.385 0.0000000000
70947  -50.386  -14.205  27.449 0.0000000000
70945  -48.674  -14.969  28.368 0.0000000000
69837  -47.207  -15.775  28.397 0.0000000000
48497  -23.228  -33.439  49.629 0.0000000000
46214  -27.100  -35.733  49.170 0.0000000000
46228  -26.210  -35.482  47.452 0.0000000000
46242  -26.230  -35.462  46.387 0.0000000000
46276  -28.611  -35.284  45.527 0.0000000000
46275  -27.754  -35.422  45.201 0.0000000000
46273  -26.252  -35.203  44.628 0.0000000000
47444  -26.811  -34.953  43.011 0.0000000000
49657  -35.596  -32.696  49.918 0.0000000000
49674  -35.291  -32.270  48.890 0.0000000000
50811  -34.924  -31.929  48.082 0.0000000000
50851  -37.482  -30.676  46.359 0.0000000000
50849  -35.445  -31.260  46.343 0.0000000000
50848  -34.498  -31.676  46.501 0.0000000000
49708  -33.736  -32.328  45.621 0.0000000000
48563  -34.216  -33.362  44.818 0.0000000000
47418  -33.781  -34.414  45.012 0.0000000000
48594  -40.203  -33.783  43.750 0.0000000000
48593  -39.136  -33.753  43.393 0.0000000000
48581  -37.095  -34.074  43.858 0.0000000000
47432  -36.159  -34.189  44.589 0.0000000000
47420  -35.797  -34.543  45.097 0.0000000000
46282  -34.390  -35.254  45.469 0.0000000000
67401  -37.762  -17.488  45.777 0.0000000000
66193  -37.907  -18.380  46.742 0.0000000000
67521  -48.208  -17.843  37.680 0.0000000000
67522  -49.002  -17.513  37.769 0.0000000000
67542  -48.050  -18.000  37.192 0.0000000000
62749  -39.614  -21.448  35.177 0.0000000000
62723  -40.554  -21.282  36.025 0.0000000000
65023  -44.702  -19.092  44.419 0.0000000000
66230  -45.895  -18.946  45.085 0.0000000000
58091  -39.485  -25.407  49.314 0.0000000000
56842  -39.703  -26.791  48.733 0.0000000000
58109  -40.190  -25.806  48.646 0.0000000000
57031  -42.331  -26.496  37.575 0.0000000000
57032  -42.938  -27.135  37.438 0.0000000000
73364  -51.786  -12.658  35.078 0.0000000000
71990  -50.694  -13.007  34.885 0.0000000000
72007  -51.345  -13.134  34.366 0.0000000000
72026  -49.821  -13.605  33.413 0.0000000000
72027  -50.899  -13.563  33.418 0.0000000000
47328  -25.280  -34.724  51.612 0.0000000000
49722  -42.542  -32.810  44.520 0.0000000000
48584  -42.817  -33.586  44.208 0.0000000000
62630  -38.934  -21.500  40.357 0.0000000000
62631  -39.597  -21.126  40.211 0.0000000000
62616  -39.239  -21.045  40.797 0.0000000000
67441  -41.655  -17.673  43.795 0.0000000000
62575  -40.105  -22.079  48.484 0.0000000000
61443  -40.383  -22.439  48.317 0.0000000000
61449  -40.323  -22.505  47.893 0.0000000000
58214  -38.682  -24.898  43.027 0.0000000000
58197  -38.985  -25.328  43.799 0.0000000000
62629  -38.581  -22.038  40.461 0.0000000000
45108  -30.425  -36.090  52.493 0.0000000000
45119  -29.850  -36.192  51.618 0.0000000000
46187  -30.519  -35.875  51.506 0.0000000000
48515  -33.139  -32.986  48.946 0.0000000000
49671  -32.930  -32.603  47.913 0.0000000000
49688  -32.609  -32.689  47.294 0.0000000000
49689  -33.265  -32.368  47.483 0.0000000000
63916  -46.436  -20.676  39.827 0.0000000000
63926  -45.796  -20.883  39.084 0.0000000000
66261  -48.995  -18.190  42.638 0.0000000000
66262  -49.405  -18.489  42.544 0.0000000000
67459  -49.244  -17.881  42.210 0.0000000000
51913  -37.684  -30.370  51.070 0.0000000000
51914  -38.217  -30.353  50.727 0.0000000000
53160  -42.854  -29.871  47.861 0.0000000000
51965  -43.099  -30.045  47.652 0.0000000000
51988  -43.632  -30.016  47.220 0.0000000000
52012  -43.741  -30.287  46.502 0.0000000000
52013  -44.413  -29.848  46.673 0.0000000000
56887  -43.470  -26.598  45.281 0.0000000000
54486  -43.371  -28.859  41.102 0.0000000000
54487  -43.997  -28.708  41.532 0.0000000000
53263  -43.432  -29.163  41.616 0.0000000000
59384  -39.311  -24.770  35.420 0.0000000000
70646  -42.479  -13.710  47.532 0.0000000000
71872  -44.110  -13.396  45.326 0.0000000000
73168  -44.073  -12.468  45.640 0.0000000000
70696  -44.365  -14.386  45.965 0.0000000000
69663  -43.475  -15.436  40.886 0.0000000000
68558  -43.453  -16.335  41.639 0.0000000000
68563  -43.386  -16.539  40.431 0.0000000000
69672  -43.539  -15.678  39.700 0.0000000000
74547  -48.992  -10.877  38.269 0.0000000000
73281  -48.476  -11.483  38.852 0.0000000000
69715  -44.914  -15.182  36.031 0.0000000000
69729  -43.549  -16.239  36.019 0.0000000000
69730  -44.228  -15.764  35.286 0.0000000000
68640  -43.518  -16.434  35.202 0.0000000000
69801  -46.341  -15.573  30.165 0.0000000000
69784  -45.321  -15.755  30.862 0.0000000000
69800  -45.585  -16.047  29.764 0.0000000000
69818  -46.276  -16.081  29.001 0.0000000000
70911  -53.100  -14.208  29.517 0.0000000000
72105  -52.932  -14.019  28.834 0.0000000000
47411  -25.052  -34.752  45.073 0.0000000000
47412  -25.744  -35.133  45.037 0.0000000000
44040  -30.561  -36.927  42.501 0.0000000000
50813  -36.993  -31.613  48.472 0.0000000000
51982  -38.837  -30.669  46.954 0.0000000000
50888  -37.856  -31.875  43.486 0.0000000000
50873  -37.315  -31.481  43.740 0.0000000000
50887  -37.163  -32.023  43.579 0.0000000000
49731  -36.733  -32.619  43.719 0.0000000000
63857  -38.141  -20.507  43.008 0.0000000000
67439  -39.465  -17.446  43.303 0.0000000000
68525  -38.884  -16.452  44.218 0.0000000000
64981  -39.068  -20.414  48.054 0.0000000000
62581  -39.171  -21.410  47.300 0.0000000000
63812  -38.740  -20.631  47.103 0.0000000000
62592  -38.386  -21.660  45.527 0.0000000000
60365  -38.448  -23.375  44.547 0.0000000000
61474  -38.191  -22.456  44.026 0.0000000000
62602  -38.111  -21.502  43.488 0.0000000000
67545  -50.960  -16.724  37.009 0.0000000000
66376  -47.051  -18.769  34.635 0.0000000000
46190  -32.663  -34.964  52.400 0.0000000000
48471  -34.443  -33.559  51.103 0.0000000000
47349  -33.518  -33.796  50.541 0.0000000000
48485  -34.086  -33.468  50.488 0.0000000000
48500  -33.787  -33.017  49.494 0.0000000000
49656  -34.644  -32.648  49.329 0.0000000000
63891  -43.869  -20.669  41.783 0.0000000000
62622  -44.035  -20.928  41.348 0.0000000000
63877  -47.087  -20.162  42.842 0.0000000000
65026  -47.192  -19.254  44.526 0.0000000000
65047  -47.736  -19.519  43.866 0.0000000000
65028  -48.406  -18.791  43.670 0.0000000000
65027  -47.923  -18.893  44.222 0.0000000000
55600  -38.305  -27.639  50.232 0.0000000000
55601  -38.865  -28.254  49.984 0.0000000000
55618  -39.144  -27.754  49.491 0.0000000000
55634  -40.454  -27.729  48.201 0.0000000000
55635  -41.008  -28.274  48.065 0.0000000000
54367  -42.322  -28.867  47.794 0.0000000000
54383  -42.051  -28.265  47.605 0.0000000000
56959  -42.831  -26.842  41.327 0.0000000000
56986  -43.893  -26.711  40.042 0.0000000000
55796  -43.550  -27.781  38.235 0.0000000000
57023  -44.070  -27.415  38.880 0.0000000000
54544  -43.522  -28.223  38.793 0.0000000000
54525  -43.606  -28.330  39.702 0.0000000000
54543  -42.859  -28.462  38.444 0.0000000000
54523  -42.403  -28.665  38.878 0.0000000000
60432  -38.436  -23.251  35.384 0.0000000000
73233  -46.166  -12.160  42.141 0.0000000000
71895  -45.560  -12.549  42.281 0.0000000000
71907  -45.984  -12.834  41.567 0.0000000000
71917  -45.410  -13.468  41.142 0.0000000000
73327  -51.136  -11.903  36.579 0.0000000000
74579  -51.966  -11.166  36.820 0.0000000000
73311  -51.366  -11.319  36.998 0.0000000000
73309  -49.133  -12.042  37.461 0.0000000000
73326  -49.928  -12.184  36.595 0.0000000000
70815  -47.534  -13.682  34.822 0.0000000000
70814  -46.847  -14.038  35.168 0.0000000000
70826  -47.424  -13.866  34.242 0.0000000000
70825  -46.743  -14.318  34.020 0.0000000000
70838  -47.422  -14.050  33.308 0.0000000000
70854  -49.107  -14.053  32.274 0.0000000000
70853  -48.225  -14.033  32.585 0.0000000000
70886  -47.550  -14.762  31.407 0.0000000000
70887  -48.180  -14.733  31.030 0.0000000000
73503  -53.100  -12.871  26.612 0.0000000000
72160  -52.869  -13.181  27.136 0.0000000000
48451  -23.959  -33.640  52.667 0.0000000000
48468  -23.790  -33.604  52.026 0.0000000000
47327  -24.353  -34.098  51.932 0.0000000000
47344  -24.616  -34.277  50.812 0.0000000000
47414  -30.238  -34.280  45.919 0.0000000000
46297  -31.894  -35.531  44.786 0.0000000000
45190  -31.678  -35.941  44.210 0.0000000000
45198  -32.037  -36.531  43.921 0.0000000000
45184  -33.844  -36.469  45.681 0.0000000000
52034  -40.830  -30.260  45.220 0.0000000000
52033  -39.801  -30.328  45.224 0.0000000000
52059  -40.423  -30.715  44.333 0.0000000000
50892  -41.242  -32.526  44.131 0.0000000000
50891  -40.568  -31.803  43.889 0.0000000000
50889  -38.796  -31.834  43.492 0.0000000000
49734  -39.664  -32.648  43.559 0.0000000000
62676  -39.519  -21.453  38.182 0.0000000000
62662  -40.148  -21.209  38.834 0.0000000000
62632  -40.424  -21.011  40.177 0.0000000000
62633  -41.281  -21.115  40.228 0.0000000000
65055  -39.313  -19.636  42.223 0.0000000000
63869  -39.836  -20.048  41.638 0.0000000000
65056  -40.274  -19.494  42.109 0.0000000000
63870  -40.834  -20.047  41.747 0.0000000000
63871  -41.749  -20.162  41.960 0.0000000000
63872  -42.631  -20.256  42.169 0.0000000000
66248  -43.297  -18.636  43.995 0.0000000000
66249  -43.999  -18.952  44.111 0.0000000000
60324  -40.292  -23.724  49.370 0.0000000000
59256  -40.774  -24.426  49.017 0.0000000000
60325  -41.076  -23.722  48.702 0.0000000000
60351  -41.309  -24.017  47.301 0.0000000000
60342  -41.493  -24.061  47.605 0.0000000000
59279  -41.528  -24.647  46.960 0.0000000000
58144  -42.010  -25.631  46.562 0.0000000000
58162  -41.438  -25.803  45.879 0.0000000000
60348  -39.198  -23.129  46.341 0.0000000000
60349  -39.902  -23.765  46.565 0.0000000000
59288  -39.506  -24.506  45.760 0.0000000000
56920  -40.350  -26.637  43.780 0.0000000000
56901  -40.175  -26.117  44.792 0.0000000000
56902  -41.116  -26.629  44.566 0.0000000000
56921  -41.437  -27.074  43.496 0.0000000000
55732  -41.982  -27.230  42.846 0.0000000000
56939  -41.506  -27.152  42.527 0.0000000000
57002  -40.301  -26.409  39.762 0.0000000000
57003  -41.251  -26.571  39.631 0.0000000000
57020  -42.375  -26.474  38.506 0.0000000000
57019  -41.425  -26.388  38.633 0.0000000000
58269  -40.680  -26.188  38.435 0.0000000000
58257  -38.929  -25.246  39.466 0.0000000000
59355  -38.928  -25.022  38.304 0.0000000000
59341  -38.487  -24.330  41.113 0.0000000000
60389  -38.331  -23.467  40.493 0.0000000000
60395  -38.416  -23.489  39.463 0.0000000000
59361  -38.630  -24.290  37.906 0.0000000000
60407  -38.478  -23.394  37.448 0.0000000000
61517  -38.593  -22.580  37.996 0.0000000000
72071  -55.754  -13.254  32.205 0.0000000000
72086  -55.604  -13.463  31.148 0.0000000000
72085  -54.629  -13.901  30.718 0.0000000000
72132  -55.795  -13.176  29.573 0.0000000000
73464  -55.718  -12.985  28.664 0.0000000000
73463  -54.713  -13.157  28.351 0.0000000000
73483  -56.043  -12.605  27.709 0.0000000000
46186  -27.852  -36.280  51.654 0.0000000000
45129  -28.384  -36.341  51.390 0.0000000000
46217  -29.704  -35.642  50.055 0.0000000000
45143  -29.254  -35.904  50.169 0.0000000000
46232  -29.520  -35.332  49.097 0.0000000000
47347  -31.664  -34.867  50.787 0.0000000000
47346  -30.936  -35.142  50.555 0.0000000000
47361  -31.521  -34.150  49.446 0.0000000000
48513  -31.475  -33.580  48.301 0.0000000000
47374  -30.953  -34.019  48.660 0.0000000000
48529  -30.452  -33.834  47.303 0.0000000000
48530  -30.997  -33.582  47.318 0.0000000000
49697  -32.332  -32.854  46.380 0.0000000000
48545  -31.822  -33.251  46.041 0.0000000000
49706  -32.252  -33.087  45.810 0.0000000000
48561  -32.283  -33.574  45.395 0.0000000000
62653  -44.561  -21.347  39.752 0.0000000000
62682  -45.118  -21.292  37.606 0.0000000000
65070  -48.966  -19.905  41.637 0.0000000000
65064  -50.222  -18.655  41.741 0.0000000000
67487  -51.137  -17.520  40.614 0.0000000000
67486  -50.359  -17.193  40.616 0.0000000000
67497  -48.563  -17.365  39.790 0.0000000000
49601  -36.345  -31.849  51.693 0.0000000000
49620  -36.510  -32.170  51.350 0.0000000000
49621  -36.988  -31.717  51.273 0.0000000000
50778  -38.330  -31.173  50.467 0.0000000000
49660  -37.896  -31.750  50.351 0.0000000000
50794  -38.486  -31.629  49.897 0.0000000000
53145  -39.683  -29.621  49.726 0.0000000000
51945  -39.943  -30.309  49.646 0.0000000000
53147  -40.859  -30.156  49.142 0.0000000000
50817  -41.852  -30.951  48.188 0.0000000000
50797  -41.321  -30.917  48.698 0.0000000000
50836  -41.277  -31.017  47.663 0.0000000000
51984  -40.757  -30.712  46.977 0.0000000000
51985  -41.605  -30.588  46.970 0.0000000000
52037  -43.669  -30.649  45.519 0.0000000000
52036  -42.731  -30.537  45.460 0.0000000000
56844  -41.084  -25.874  48.051 0.0000000000
56858  -42.256  -26.519  46.919 0.0000000000
56873  -44.285  -27.156  45.778 0.0000000000
55668  -43.609  -27.119  46.409 0.0000000000
55669  -44.333  -27.664  46.219 0.0000000000
55653  -43.920  -28.066  46.680 0.0000000000
55670  -44.908  -28.145  45.994 0.0000000000
56943  -45.252  -27.004  41.809 0.0000000000
56925  -45.084  -27.121  42.699 0.0000000000
55733  -45.284  -27.528  42.445 0.0000000000
54450  -45.055  -28.918  43.475 0.0000000000
54451  -45.334  -28.562  43.590 0.0000000000
53233  -45.184  -29.080  43.776 0.0000000000
53202  -45.342  -29.206  45.516 0.0000000000
53217  -45.358  -29.289  44.460 0.0000000000
52063  -44.990  -30.324  44.783 0.0000000000
53216  -44.963  -29.885  44.271 0.0000000000
52101  -43.130  -30.747  42.608 0.0000000000
50901  -43.522  -31.669  43.161 0.0000000000
49737  -43.735  -32.339  43.829 0.0000000000
58305  -41.522  -26.299  35.986 0.0000000000
46151  -27.660  -35.813  54.657 0.0000000000
53104  -36.085  -29.589  52.182 0.0000000000
56778  -36.164  -26.592  52.185 0.0000000000
55567  -35.980  -27.695  52.385 0.0000000000
55568  -36.457  -27.618  51.852 0.0000000000
55569  -36.796  -27.741  51.545 0.0000000000
55583  -37.149  -27.585  51.198 0.0000000000
55582  -36.714  -27.241  51.535 0.0000000000
56798  -37.422  -25.719  51.108 0.0000000000
58058  -37.830  -25.151  50.824 0.0000000000
59236  -38.356  -24.276  50.515 0.0000000000
60308  -38.128  -23.394  50.682 0.0000000000
60317  -38.784  -23.412  50.161 0.0000000000
63753  -38.842  -20.843  50.116 0.0000000000
63754  -39.230  -21.079  49.612 0.0000000000
66178  -37.845  -17.645  47.767 0.0000000000
69594  -37.545  -15.249  46.918 0.0000000000
70692  -38.645  -14.098  45.925 0.0000000000
69625  -39.613  -15.512  44.651 0.0000000000
70693  -39.782  -14.106  45.644 0.0000000000
70677  -41.445  -14.040  46.653 0.0000000000
71835  -40.963  -13.430  46.836 0.0000000000
70695  -41.264  -14.435  46.248 0.0000000000
69611  -41.529  -15.065  45.942 0.0000000000
68528  -41.996  -16.509  44.927 0.0000000000
68513  -42.188  -16.064  45.573 0.0000000000
68488  -43.269  -15.599  47.063 0.0000000000
68515  -43.353  -16.658  46.358 0.0000000000
66209  -44.138  -17.798  45.850 0.0000000000
67390  -44.295  -17.280  46.491 0.0000000000
73155  -43.740  -12.485  46.324 0.0000000000
70663  -43.604  -14.319  47.472 0.0000000000
71818  -43.648  -13.688  47.308 0.0000000000
69599  -44.839  -16.011  46.676 0.0000000000
67391  -44.939  -17.212  46.520 0.0000000000
67405  -45.577  -17.388  46.147 0.0000000000
67406  -46.224  -17.496  45.505 0.0000000000
67422  -45.825  -16.903  44.619 0.0000000000
67423  -46.233  -17.167  44.783 0.0000000000
67444  -46.448  -17.384  43.787 0.0000000000
70722  -43.786  -14.361  43.673 0.0000000000
69640  -43.803  -15.160  43.723 0.0000000000
69648  -43.614  -15.196  43.108 0.0000000000
67466  -43.919  -16.967  42.315 0.0000000000
67453  -44.029  -16.741  42.793 0.0000000000
67468  -46.017  -17.593  41.921 0.0000000000
66269  -46.064  -17.771  41.238 0.0000000000
67495  -44.497  -18.117  39.757 0.0000000000
66276  -45.309  -18.165  40.134 0.0000000000
66286  -45.140  -18.233  39.097 0.0000000000
71920  -47.476  -12.606  39.768 0.0000000000
71931  -46.388  -13.478  40.044 0.0000000000
70764  -45.972  -13.945  39.380 0.0000000000
71964  -47.581  -13.060  37.338 0.0000000000
71950  -47.634  -12.909  38.179 0.0000000000
70791  -44.849  -15.196  37.277 0.0000000000
70776  -44.872  -15.091  37.902 0.0000000000
70763  -44.690  -14.785  39.117 0.0000000000
69684  -44.145  -15.472  38.337 0.0000000000
69683  -43.551  -15.976  38.723 0.0000000000
69696  -43.676  -16.078  37.830 0.0000000000
68620  -43.241  -16.865  36.616 0.0000000000
67520  -43.389  -17.501  37.373 0.0000000000
66310  -44.775  -18.397  37.018 0.0000000000
66331  -44.628  -18.485  36.006 0.0000000000
66372  -43.591  -18.206  34.209 0.0000000000
66351  -43.847  -18.352  34.857 0.0000000000
66373  -44.247  -18.607  34.218 0.0000000000
66392  -43.855  -18.612  33.472 0.0000000000
69757  -45.692  -15.096  33.139 0.0000000000
69756  -44.683  -15.638  32.718 0.0000000000
68709  -43.673  -16.985  30.897 0.0000000000
68696  -43.533  -16.904  31.773 0.0000000000
67621  -43.442  -17.706  31.380 0.0000000000
66425  -43.719  -18.583  31.927 0.0000000000
72049  -51.540  -13.795  32.542 0.0000000000
72068  -52.116  -14.033  31.662 0.0000000000
70909  -51.178  -14.437  29.384 0.0000000000
70890  -50.913  -14.491  30.327 0.0000000000
70908  -50.225  -14.566  29.635 0.0000000000
70907  -49.359  -14.714  29.954 0.0000000000
70930  -49.456  -14.668  28.971 0.0000000000
72143  -51.692  -13.597  27.052 0.0000000000
70948  -51.272  -13.916  27.482 0.0000000000
72142  -50.881  -13.842  26.735 0.0000000000
70960  -48.562  -14.988  27.271 0.0000000000
69852  -47.952  -15.477  27.829 0.0000000000
48483  -23.373  -33.345  50.617 0.0000000000
47394  -23.821  -34.041  46.569 0.0000000000
48511  -23.013  -33.549  48.521 0.0000000000
48559  -22.944  -33.695  44.865 0.0000000000
47441  -24.438  -34.278  43.145 0.0000000000
47470  -25.519  -34.831  41.893 0.0000000000
46229  -27.032  -35.702  47.984 0.0000000000
46243  -26.993  -35.733  46.874 0.0000000000
46255  -26.985  -35.573  45.840 0.0000000000
46292  -27.627  -35.220  44.204 0.0000000000
46274  -26.924  -35.389  44.877 0.0000000000
46291  -26.713  -35.089  43.998 0.0000000000
46304  -26.791  -35.008  43.409 0.0000000000
46305  -27.364  -35.070  43.256 0.0000000000
42899  -32.436  -37.814  44.129 0.0000000000
49638  -36.511  -32.465  50.814 0.0000000000
49637  -36.121  -32.668  50.438 0.0000000000
49658  -36.570  -32.450  50.043 0.0000000000
52032  -38.798  -30.457  45.237 0.0000000000
52005  -37.422  -30.619  45.768 0.0000000000
50850  -36.627  -30.836  46.071 0.0000000000
50858  -34.748  -31.659  45.530 0.0000000000
48578  -34.895  -32.986  44.533 0.0000000000
49717  -34.550  -32.322  44.836 0.0000000000
47447  -39.752  -34.713  43.634 0.0000000000
47433  -36.705  -34.719  44.613 0.0000000000
47419  -34.749  -34.455  45.071 0.0000000000
46283  -35.267  -35.238  45.672 0.0000000000
65022  -38.006  -19.542  43.596 0.0000000000
67512  -50.296  -16.810  38.851 0.0000000000
67523  -49.988  -17.011  37.878 0.0000000000
67544  -49.725  -17.395  36.876 0.0000000000
67562  -48.757  -18.036  36.239 0.0000000000
66335  -48.449  -18.123  36.354 0.0000000000
47314  -33.740  -34.226  52.219 0.0000000000
47315  -34.377  -33.736  51.876 0.0000000000
47332  -34.402  -33.651  51.449 0.0000000000
48486  -34.863  -33.219  50.766 0.0000000000
62724  -41.558  -21.336  35.852 0.0000000000
65061  -44.625  -19.779  43.084 0.0000000000
63858  -45.124  -19.930  42.913 0.0000000000
63859  -45.833  -19.946  43.136 0.0000000000
63860  -46.649  -19.962  43.343 0.0000000000
56827  -38.432  -26.447  49.916 0.0000000000
56828  -38.981  -26.549  49.427 0.0000000000
56856  -40.993  -26.877  47.653 0.0000000000
57005  -43.114  -26.611  39.256 0.0000000000
57006  -43.811  -26.795  39.101 0.0000000000
57033  -43.377  -27.477  37.910 0.0000000000
55808  -43.143  -27.755  37.655 0.0000000000
54563  -42.689  -28.249  37.579 0.0000000000
54584  -42.260  -28.090  36.844 0.0000000000
54583  -41.623  -28.176  36.509 0.0000000000
73345  -50.771  -12.583  35.654 0.0000000000
73344  -49.493  -12.751  35.876 0.0000000000
71989  -49.896  -13.048  35.061 0.0000000000
72005  -49.282  -13.348  34.295 0.0000000000
72025  -48.718  -13.697  33.384 0.0000000000
72047  -49.418  -13.884  32.757 0.0000000000
70855  -49.658  -14.079  32.293 0.0000000000
46199  -26.262  -35.409  49.828 0.0000000000
46259  -34.232  -35.943  45.755 0.0000000000
50875  -41.793  -31.840  44.255 0.0000000000
49720  -41.284  -33.334  44.254 0.0000000000
66259  -40.719  -18.864  42.578 0.0000000000
66260  -41.754  -18.951  42.869 0.0000000000
66247  -42.288  -18.320  43.693 0.0000000000
61439  -40.477  -22.948  49.062 0.0000000000
61444  -40.600  -22.798  48.487 0.0000000000
61450  -40.782  -23.099  47.898 0.0000000000
60350  -40.855  -23.921  46.991 0.0000000000
59296  -38.839  -24.362  44.949 0.0000000000
59297  -39.188  -24.690  45.211 0.0000000000
58179  -38.925  -24.752  44.643 0.0000000000
56919  -39.542  -25.939  43.990 0.0000000000
56937  -39.682  -26.413  42.933 0.0000000000
56957  -40.758  -26.870  41.682 0.0000000000
56956  -39.866  -26.556  41.922 0.0000000000
56982  -40.064  -26.494  40.863 0.0000000000
58258  -39.472  -25.925  40.064 0.0000000000
61493  -38.381  -22.577  40.938 0.0000000000
61509  -38.575  -22.521  39.041 0.0000000000
62660  -38.862  -21.783  39.184 0.0000000000
45118  -28.999  -36.444  51.947 0.0000000000
45130  -28.992  -36.272  51.081 0.0000000000
46218  -30.427  -35.352  50.357 0.0000000000
47362  -32.298  -33.807  49.566 0.0000000000
62664  -41.937  -21.385  38.682 0.0000000000
62665  -42.905  -21.513  38.676 0.0000000000
63915  -45.516  -20.974  39.846 0.0000000000
65049  -49.304  -18.943  42.851 0.0000000000
66263  -50.035  -18.378  41.900 0.0000000000
67473  -50.322  -17.758  41.408 0.0000000000
67472  -49.666  -17.532  41.507 0.0000000000
67484  -48.226  -17.413  40.915 0.0000000000
50761  -37.553  -31.222  51.100 0.0000000000
50762  -37.972  -30.829  50.870 0.0000000000
50779  -39.014  -30.781  50.110 0.0000000000
53158  -41.240  -29.695  48.739 0.0000000000
51964  -42.540  -30.336  48.024 0.0000000000
50838  -42.368  -30.575  47.468 0.0000000000
51986  -42.308  -30.480  47.017 0.0000000000
50861  -44.204  -30.776  45.189 0.0000000000
58126  -42.704  -26.268  46.381 0.0000000000
56872  -43.660  -26.755  46.040 0.0000000000
56888  -44.258  -26.930  45.338 0.0000000000
55699  -44.697  -27.130  44.953 0.0000000000
54509  -44.446  -28.140  40.818 0.0000000000
54489  -45.216  -27.976  42.283 0.0000000000
54488  -44.806  -28.224  41.742 0.0000000000
54468  -44.390  -28.823  42.296 0.0000000000
53248  -44.450  -29.128  42.811 0.0000000000
53231  -44.138  -30.052  43.301 0.0000000000
53246  -42.950  -30.014  42.175 0.0000000000
51883  -35.187  -30.558  52.800 0.0000000000
56779  -36.416  -25.830  52.060 0.0000000000
61418  -37.902  -22.496  50.792 0.0000000000
71798  -37.669  -13.428  48.962 0.0000000000
71813  -37.744  -13.423  47.844 0.0000000000
71814  -38.067  -12.929  47.550 0.0000000000
73151  -39.057  -12.650  46.993 0.0000000000
70660  -41.853  -13.642  47.274 0.0000000000
70678  -42.053  -14.550  46.874 0.0000000000
69597  -42.445  -15.142  46.792 0.0000000000
70661  -42.284  -14.251  47.282 0.0000000000
69585  -42.888  -14.872  47.335 0.0000000000
69586  -43.462  -15.006  47.414 0.0000000000
70679  -44.192  -14.373  46.972 0.0000000000
69614  -45.154  -16.045  46.094 0.0000000000
68516  -45.710  -16.784  45.678 0.0000000000
69629  -45.279  -16.186  45.430 0.0000000000
68548  -45.192  -16.521  44.500 0.0000000000
69654  -43.452  -15.271  42.080 0.0000000000
66268  -45.473  -17.892  41.112 0.0000000000
67494  -43.750  -17.565  39.857 0.0000000000
73259  -48.073  -11.505  39.577 0.0000000000
73280  -47.997  -12.076  39.399 0.0000000000
70806  -46.418  -14.118  36.397 0.0000000000
69713  -43.652  -16.140  36.946 0.0000000000
67541  -43.330  -17.694  36.195 0.0000000000
66330  -43.842  -18.286  35.662 0.0000000000
68658  -43.108  -16.936  34.682 0.0000000000
68671  -43.162  -16.817  33.703 0.0000000000
69769  -44.701  -15.852  31.704 0.0000000000
68698  -44.631  -16.150  30.773 0.0000000000
68726  -43.707  -17.014  30.059 0.0000000000
70873  -52.352  -14.258  30.871 0.0000000000
70892  -52.803  -14.320  30.207 0.0000000000
70974  -49.862  -13.948  25.628 0.0000000000
70962  -50.041  -14.137  26.332 0.0000000000
49632  -22.114  -32.445  50.852 0.0000000000
47410  -23.937  -34.072  45.079 0.0000000000
47442  -25.369  -34.605  43.293 0.0000000000
46230  -27.872  -35.784  48.482 0.0000000000
46308  -30.396  -35.634  43.713 0.0000000000
46307  -29.360  -35.451  43.631 0.0000000000
46323  -28.075  -35.157  42.474 0.0000000000
44065  -28.978  -36.806  41.811 0.0000000000
44011  -29.988  -37.558  42.646 0.0000000000
42923  -30.279  -38.125  43.265 0.0000000000
49676  -37.287  -32.023  49.492 0.0000000000
52056  -37.433  -30.871  44.192 0.0000000000
52030  -37.032  -30.658  45.082 0.0000000000
50871  -35.741  -31.638  44.517 0.0000000000
50870  -35.096  -31.738  44.840 0.0000000000
48579  -35.544  -33.177  44.346 0.0000000000
46298  -37.383  -35.913  44.309 0.0000000000
66257  -39.025  -19.200  42.610 0.0000000000
68545  -40.385  -16.656  43.943 0.0000000000
63794  -39.541  -21.193  48.331 0.0000000000
62582  -39.673  -21.776  47.718 0.0000000000
62588  -39.344  -21.857  47.185 0.0000000000
61455  -39.084  -22.486  46.514 0.0000000000
61461  -38.741  -22.530  45.962 0.0000000000
60357  -38.829  -23.581  45.569 0.0000000000
59307  -38.502  -23.963  44.080 0.0000000000
59318  -38.449  -24.062  43.250 0.0000000000
60377  -38.313  -23.290  42.572 0.0000000000
61487  -38.314  -22.443  41.939 0.0000000000
66357  -49.776  -17.981  35.287 0.0000000000
47329  -32.062  -35.101  51.553 0.0000000000
63905  -47.269  -20.505  40.767 0.0000000000
63861  -47.406  -19.864  43.392 0.0000000000
65048  -48.638  -19.238  43.209 0.0000000000
66250  -48.701  -18.484  43.147 0.0000000000
67446  -48.073  -17.936  43.345 0.0000000000
53132  -38.464  -29.590  50.497 0.0000000000
54331  -38.665  -28.792  50.207 0.0000000000
54332  -39.210  -28.826  49.803 0.0000000000
54349  -40.394  -29.080  48.921 0.0000000000
54364  -40.226  -28.511  48.717 0.0000000000
53157  -40.715  -29.372  48.857 0.0000000000
53173  -42.697  -29.125  47.693 0.0000000000
53174  -43.253  -29.431  47.466 0.0000000000
56923  -43.436  -26.975  43.324 0.0000000000
56942  -44.605  -26.774  41.947 0.0000000000
56961  -44.810  -26.953  40.933 0.0000000000
56987  -44.398  -27.014  39.745 0.0000000000
55773  -44.524  -27.543  40.301 0.0000000000
54526  -44.178  -28.043  39.975 0.0000000000
54507  -43.070  -28.680  40.365 0.0000000000
53279  -42.311  -28.909  40.003 0.0000000000
53298  -42.335  -28.757  39.329 0.0000000000
53317  -40.968  -28.856  38.530 0.0000000000
54541  -41.414  -28.650  37.927 0.0000000000
59383  -38.667  -24.153  35.910 0.0000000000
59398  -38.760  -24.043  34.943 0.0000000000
59411  -38.735  -23.915  34.060 0.0000000000
73180  -44.466  -12.308  44.815 0.0000000000
71883  -44.108  -13.376  44.121 0.0000000000
70723  -43.972  -14.344  44.332 0.0000000000
71893  -43.910  -13.592  43.233 0.0000000000
71905  -44.142  -13.533  42.365 0.0000000000
70752  -45.130  -14.039  40.414 0.0000000000
71975  -47.761  -13.125  36.477 0.0000000000
71976  -48.362  -13.031  35.956 0.0000000000
71986  -47.119  -13.613  36.081 0.0000000000
69745  -45.568  -15.069  34.090 0.0000000000
70836  -46.193  -14.823  33.228 0.0000000000
69758  -46.258  -14.832  32.958 0.0000000000
70839  -48.061  -13.835  33.229 0.0000000000
70852  -47.194  -14.443  32.444 0.0000000000
69771  -46.505  -14.855  32.366 0.0000000000
69786  -47.027  -14.880  31.621 0.0000000000
69802  -47.353  -15.119  30.674 0.0000000000
72146  -53.829  -13.385  28.153 0.0000000000
72128  -52.728  -13.716  28.135 0.0000000000
72144  -52.464  -13.476  27.417 0.0000000000
72158  -51.330  -13.462  26.216 0.0000000000
48449  -22.948  -32.869  51.834 0.0000000000
48450  -23.385  -33.121  52.366 0.0000000000
47357  -23.953  -33.872  50.154 0.0000000000
47370  -24.648  -34.493  48.525 0.0000000000
47384  -25.482  -35.045  46.863 0.0000000000
47397  -29.622  -34.458  46.970 0.0000000000
46295  -30.440  -35.301  44.685 0.0000000000
46309  -30.937  -35.671  44.139 0.0000000000
44014  -32.024  -36.917  43.588 0.0000000000
44001  -32.407  -36.943  44.048 0.0000000000
51983  -39.783  -30.719  47.013 0.0000000000
52007  -39.267  -30.496  46.135 0.0000000000
52084  -39.805  -31.090  43.896 0.0000000000
52057  -38.421  -30.655  44.360 0.0000000000
52082  -38.180  -31.172  43.718 0.0000000000
62663  -41.031  -21.134  38.739 0.0000000000
62650  -41.629  -21.299  39.527 0.0000000000
62634  -42.154  -21.294  40.326 0.0000000000
62620  -42.615  -21.082  41.082 0.0000000000
63890  -43.046  -20.707  41.718 0.0000000000
63873  -43.507  -20.265  42.306 0.0000000000
65060  -43.936  -19.803  42.923 0.0000000000
65043  -44.342  -19.445  43.613 0.0000000000
59248  -39.620  -24.340  49.619 0.0000000000
58092  -40.415  -25.089  48.914 0.0000000000
59255  -40.153  -24.564  49.279 0.0000000000
59257  -41.272  -24.541  48.560 0.0000000000
59263  -41.650  -24.694  48.075 0.0000000000
60333  -41.588  -24.069  48.059 0.0000000000
59269  -41.750  -24.811  47.480 0.0000000000
58125  -42.138  -25.781  46.891 0.0000000000
58164  -42.923  -26.328  45.580 0.0000000000
56886  -42.679  -26.482  45.139 0.0000000000
59278  -40.418  -24.618  46.340 0.0000000000
58160  -39.655  -25.026  45.479 0.0000000000
58161  -40.230  -25.342  45.715 0.0000000000
56903  -42.112  -26.797  44.419 0.0000000000
56922  -42.423  -27.111  43.498 0.0000000000
56940  -42.507  -27.110  42.518 0.0000000000
56984  -42.019  -26.735  40.453 0.0000000000
58278  -41.754  -26.257  37.502 0.0000000000
62721  -38.953  -21.812  36.632 0.0000000000
72028  -52.052  -13.418  33.466 0.0000000000
72029  -53.251  -13.326  33.562 0.0000000000
72107  -54.483  -13.779  29.686 0.0000000000
72109  -56.237  -13.005  30.368 0.0000000000
72130  -54.226  -13.526  28.756 0.0000000000
73462  -54.197  -13.286  28.212 0.0000000000
73504  -54.185  -12.649  26.670 0.0000000000
73505  -55.249  -12.495  26.698 0.0000000000
73528  -54.408  -12.435  25.718 0.0000000000
46172  -26.905  -35.696  52.486 0.0000000000
46185  -27.231  -36.020  51.499 0.0000000000
46201  -27.832  -36.181  50.883 0.0000000000
45142  -28.868  -36.072  50.327 0.0000000000
46231  -28.683  -35.620  48.853 0.0000000000
46246  -29.125  -35.165  48.270 0.0000000000
47385  -29.575  -34.689  47.934 0.0000000000
46203  -30.940  -35.502  51.081 0.0000000000
47398  -30.109  -33.999  46.720 0.0000000000
47399  -30.588  -33.885  46.215 0.0000000000
48544  -31.167  -33.597  46.350 0.0000000000
62725  -42.593  -21.454  35.716 0.0000000000
62681  -44.196  -21.519  37.671 0.0000000000
65071  -49.655  -19.588  41.334 0.0000000000
68564  -51.316  -16.906  40.103 0.0000000000
67499  -50.841  -16.741  39.668 0.0000000000
67510  -48.223  -17.650  38.583 0.0000000000
66301  -47.779  -17.884  38.107 0.0000000000
48473  -35.726  -32.671  51.620 0.0000000000
48474  -36.202  -32.484  51.245 0.0000000000
51930  -39.399  -30.340  50.017 0.0000000000
51947  -41.098  -30.517  48.978 0.0000000000
50796  -40.617  -31.069  49.045 0.0000000000
52035  -41.818  -30.375  45.318 0.0000000000
52010  -42.121  -30.356  46.227 0.0000000000
52061  -42.389  -30.903  44.628 0.0000000000
58110  -40.796  -25.549  48.434 0.0000000000
55651  -42.199  -27.466  47.250 0.0000000000
54385  -43.644  -28.553  47.014 0.0000000000
53187  -44.616  -29.162  46.555 0.0000000000
56906  -44.973  -27.180  43.620 0.0000000000
55700  -45.212  -27.514  44.612 0.0000000000
54470  -45.352  -28.074  42.898 0.0000000000
54418  -45.499  -28.438  45.073 0.0000000000
54402  -45.183  -28.556  45.793 0.0000000000
53188  -45.035  -29.144  46.141 0.0000000000
52039  -45.041  -29.752  46.044 0.0000000000
50862  -44.490  -30.788  44.973 0.0000000000
52085  -44.334  -30.444  43.749 0.0000000000
50894  -44.455  -30.755  44.089 0.0000000000
67388  -37.669  -17.351  46.601 0.0000000000
67387  -37.604  -17.147  47.341 0.0000000000
68487  -37.459  -16.281  47.622 0.0000000000
69584  -37.446  -15.283  48.058 0.0000000000
49575  -23.186  -32.636  53.412 0.0000000000
48432  -24.187  -33.559  53.515 0.0000000000
48416  -24.360  -33.437  54.414 0.0000000000
47299  -25.331  -34.494  53.481 0.0000000000
46161  -26.016  -34.942  54.098 0.0000000000
45105  -28.180  -36.229  53.048 0.0000000000
45106  -28.855  -36.412  52.856 0.0000000000
46174  -31.035  -35.788  53.160 0.0000000000
46175  -31.789  -35.397  52.974 0.0000000000
46176  -32.525  -35.045  52.912 0.0000000000
48439  -34.978  -32.642  52.805 0.0000000000
48456  -35.253  -32.732  52.424 0.0000000000
49600  -35.818  -32.101  52.117 0.0000000000
50743  -36.152  -31.313  52.017 0.0000000000
53118  -37.291  -29.544  51.293 0.0000000000
54317  -37.487  -28.670  51.039 0.0000000000
55584  -37.705  -27.996  50.754 0.0000000000
56813  -37.288  -26.874  50.988 0.0000000000
59235  -37.680  -24.269  51.074 0.0000000000
61429  -39.197  -22.644  49.807 0.0000000000
62548  -39.481  -21.972  49.446 0.0000000000
64951  -39.049  -20.311  49.798 0.0000000000
64961  -39.220  -20.398  49.282 0.0000000000
64971  -39.310  -20.575  48.724 0.0000000000
64970  -38.898  -19.602  48.668 0.0000000000
68499  -37.681  -16.890  46.013 0.0000000000
68512  -37.945  -16.377  45.326 0.0000000000
69595  -37.887  -14.816  46.159 0.0000000000
69608  -38.191  -15.253  45.535 0.0000000000
68526  -40.062  -16.164  44.157 0.0000000000
71833  -39.370  -13.087  46.527 0.0000000000
73136  -40.428  -12.491  47.279 0.0000000000
71834  -40.433  -13.364  46.616 0.0000000000
71855  -40.165  -13.779  46.082 0.0000000000
69626  -40.709  -15.609  44.838 0.0000000000
68527  -41.028  -16.508  44.358 0.0000000000
67419  -41.665  -17.087  44.308 0.0000000000
67420  -42.744  -17.155  45.158 0.0000000000
69612  -42.443  -15.807  46.195 0.0000000000
67402  -43.140  -17.002  45.695 0.0000000000
67421  -43.371  -17.676  45.228 0.0000000000
66229  -45.093  -18.733  45.239 0.0000000000
71817  -43.176  -13.385  47.514 0.0000000000
68489  -43.885  -15.802  47.265 0.0000000000
69598  -44.458  -15.529  47.043 0.0000000000
68490  -44.232  -15.753  47.231 0.0000000000
66194  -44.787  -17.598  46.402 0.0000000000
65006  -46.557  -18.825  45.045 0.0000000000
68517  -46.105  -17.058  45.328 0.0000000000
67407  -46.799  -17.713  45.013 0.0000000000
66213  -47.257  -18.175  44.803 0.0000000000
66231  -47.690  -18.264  44.358 0.0000000000
67425  -47.739  -17.951  43.941 0.0000000000
69641  -44.152  -15.271  44.398 0.0000000000
68547  -44.614  -16.389  44.048 0.0000000000
67454  -44.542  -16.891  43.180 0.0000000000
67442  -44.869  -16.778  43.813 0.0000000000
67456  -46.685  -17.550  42.835 0.0000000000
67457  -47.605  -17.651  42.704 0.0000000000
67470  -47.908  -17.538  41.840 0.0000000000
67483  -47.222  -17.638  41.047 0.0000000000
66278  -47.018  -17.774  40.403 0.0000000000
66277  -46.322  -17.899  40.564 0.0000000000
66288  -46.972  -17.884  39.764 0.0000000000
66300  -47.134  -17.992  38.581 0.0000000000
71918  -46.088  -13.350  40.703 0.0000000000
73297  -48.347  -12.164  38.418 0.0000000000
71949  -47.060  -13.376  38.699 0.0000000000
70793  -46.331  -14.062  37.484 0.0000000000
70778  -46.441  -13.858  38.455 0.0000000000
70765  -46.610  -13.661  39.025 0.0000000000
70762  -43.972  -15.120  39.482 0.0000000000
67508  -43.569  -17.551  38.575 0.0000000000
66298  -44.942  -18.330  38.067 0.0000000000
66312  -46.793  -18.186  37.472 0.0000000000
66333  -46.606  -18.399  36.448 0.0000000000
66354  -46.343  -18.585  35.454 0.0000000000
66352  -44.480  -18.549  35.070 0.0000000000
66353  -45.354  -18.592  35.276 0.0000000000
66375  -46.035  -18.754  34.523 0.0000000000
66394  -45.682  -19.003  33.672 0.0000000000
67599  -43.083  -17.583  33.175 0.0000000000
68685  -43.921  -16.176  32.215 0.0000000000
68684  -43.290  -16.808  32.705 0.0000000000
66410  -43.451  -18.328  32.832 0.0000000000
65161  -44.378  -19.122  32.395 0.0000000000
72066  -50.462  -14.198  31.763 0.0000000000
70872  -51.504  -14.315  30.996 0.0000000000
70871  -50.634  -14.359  31.187 0.0000000000
70888  -49.107  -14.573  30.866 0.0000000000
70906  -48.582  -14.882  30.268 0.0000000000
69820  -48.006  -15.189  29.874 0.0000000000
70933  -52.270  -14.023  28.475 0.0000000000
70932  -51.395  -14.165  28.353 0.0000000000
70961  -49.289  -14.521  26.754 0.0000000000
70946  -49.438  -14.561  27.901 0.0000000000
69838  -47.983  -15.343  28.892 0.0000000000
48466  -22.846  -32.889  51.106 0.0000000000
48482  -22.656  -32.925  50.210 0.0000000000
48589  -22.802  -33.871  43.568 0.0000000000
47428  -23.851  -34.054  43.855 0.0000000000
47440  -23.443  -34.073  43.014 0.0000000000
46213  -26.246  -35.412  48.597 0.0000000000
46254  -26.265  -35.377  45.436 0.0000000000
46290  -26.225  -35.060  44.204 0.0000000000
47443  -26.271  -34.886  43.381 0.0000000000
47457  -25.962  -34.764  42.490 0.0000000000
46321  -26.510  -34.846  42.257 0.0000000000
46344  -26.398  -35.119  41.719 0.0000000000
44013  -31.482  -37.119  43.073 0.0000000000
48487  -35.656  -32.864  50.853 0.0000000000
48502  -35.224  -32.958  50.441 0.0000000000
49673  -34.391  -32.308  48.508 0.0000000000
50810  -34.407  -32.011  47.973 0.0000000000
50832  -36.300  -31.278  47.329 0.0000000000
50831  -35.220  -31.574  47.331 0.0000000000
50830  -34.438  -31.846  47.431 0.0000000000
49690  -33.929  -32.128  47.807 0.0000000000
49699  -33.766  -32.040  46.881 0.0000000000
48582  -41.611  -33.790  44.346 0.0000000000
48595  -41.002  -33.836  44.146 0.0000000000
47448  -40.753  -34.660  43.970 0.0000000000
48592  -37.910  -33.774  43.406 0.0000000000
47446  -38.671  -34.779  43.377 0.0000000000
48591  -37.105  -33.361  43.681 0.0000000000
48580  -36.365  -33.577  44.139 0.0000000000
48565  -35.782  -33.877  44.531 0.0000000000
42926  -32.255  -37.327  43.811 0.0000000000
45120  -30.497  -36.021  51.915 0.0000000000
47326  -23.877  -33.716  51.646 0.0000000000
47431  -26.234  -34.977  43.958 0.0000000000
47458  -26.535  -34.856  42.683 0.0000000000
48590  -23.322  -33.892  43.635 0.0000000000
49602  -36.670  -31.795  51.468 0.0000000000
49640  -37.841  -31.618  50.610 0.0000000000
49721  -41.717  -33.013  44.424 0.0000000000
49736  -41.257  -32.973  44.228 0.0000000000
50818  -42.356  -30.671  47.764 0.0000000000
52014  -44.815  -29.517  46.381 0.0000000000
52055  -36.795  -30.904  44.501 0.0000000000
52083  -39.021  -31.076  43.807 0.0000000000
52086  -44.706  -30.339  44.163 0.0000000000
53175  -44.075  -29.229  46.974 0.0000000000
54365  -40.791  -28.817  48.494 0.0000000000
54386  -44.270  -28.539  46.644 0.0000000000
54542  -42.111  -28.604  38.228 0.0000000000
55649  -40.776  -27.169  47.796 0.0000000000
55684  -44.714  -27.349  45.442 0.0000000000
55716  -42.238  -27.221  43.015 0.0000000000
55731  -41.699  -27.234  43.016 0.0000000000
55751  -44.782  -27.631  41.074 0.0000000000
55785  -44.285  -27.576  39.391 0.0000000000
55797  -43.937  -27.739  38.786 0.0000000000
56885  -41.800  -26.363  45.238 0.0000000000
56962  -45.120  -27.088  41.448 0.0000000000
57007  -44.149  -27.158  39.056 0.0000000000
58111  -41.346  -25.329  48.174 0.0000000000
58142  -40.598  -25.032  46.144 0.0000000000
58180  -39.312  -25.139  44.880 0.0000000000
58181  -39.818  -25.621  45.047 0.0000000000
58215  -39.076  -25.705  42.968 0.0000000000
59280  -41.903  -25.108  46.902 0.0000000000
59287  -39.002  -24.179  45.458 0.0000000000
59289  -40.019  -24.860  46.005 0.0000000000
60341  -41.081  -23.600  47.556 0.0000000000
62564  -40.418  -22.602  48.881 0.0000000000
62576  -40.327  -22.436  48.761 0.0000000000
63856  -38.065  -20.157  43.214 0.0000000000
65008  -47.547  -18.520  44.586 0.0000000000
65021  -38.091  -19.894  43.217 0.0000000000
65039  -38.136  -20.055  43.034 0.0000000000
65152  -44.955  -19.194  32.980 0.0000000000
65162  -44.782  -19.219  32.587 0.0000000000
65174  -43.903  -18.929  31.763 0.0000000000
66195  -45.175  -17.753  46.293 0.0000000000
66411  -44.143  -18.952  32.623 0.0000000000
66412  -44.538  -19.104  32.850 0.0000000000
66426  -43.987  -18.927  32.173 0.0000000000
67389  -43.892  -17.109  46.515 0.0000000000
67404  -44.207  -17.618  46.156 0.0000000000
67418  -41.146  -16.926  44.076 0.0000000000
67581  -43.123  -17.619  34.075 0.0000000000
68514  -42.904  -16.592  45.903 0.0000000000
68531  -45.653  -16.638  44.906 0.0000000000
68543  -39.128  -16.990  43.666 0.0000000000
68554  -44.142  -16.393  43.463 0.0000000000
68710  -44.189  -16.528  30.459 0.0000000000
69607  -37.718  -15.490  46.123 0.0000000000
69609  -39.156  -14.800  45.159 0.0000000000
69698  -44.738  -15.277  36.821 0.0000000000
69772  -47.005  -14.684  32.066 0.0000000000
69783  -44.690  -15.996  31.151 0.0000000000
69817  -45.643  -16.261  29.210 0.0000000000
70644  -41.956  -13.461  47.411 0.0000000000
70676  -40.930  -13.833  46.434 0.0000000000
70824  -46.155  -14.770  33.704 0.0000000000
70851  -46.767  -14.595  32.624 0.0000000000
70868  -47.852  -14.456  31.824 0.0000000000
70870  -49.760  -14.288  31.649 0.0000000000
71799  -41.776  -13.206  47.396 0.0000000000
71815  -40.779  -13.150  47.016 0.0000000000
71831  -37.798  -13.787  47.193 0.0000000000
71832  -38.353  -13.256  46.880 0.0000000000
71854  -39.568  -13.600  46.114 0.0000000000
72024  -47.948  -13.761  33.714 0.0000000000
72106  -53.674  -13.923  29.225 0.0000000000
72145  -53.237  -13.363  27.742 0.0000000000
73152  -39.844  -12.739  46.907 0.0000000000
73153  -40.252  -12.863  46.946 0.0000000000
73312  -51.762  -11.223  36.909 0.0000000000
73324  -48.036  -12.817  36.991 0.0000000000
73343  -48.838  -12.881  35.938 0.0000000000
73363  -51.147  -12.855  35.013 0.0000000000
73480  -53.297  -13.103  27.272 0.0000000000
73502  -52.411  -12.952  26.134 0.0000000000
