#!ascii label  , from subject sub-THP0005 vox2ras=TkReg
1763
69533  -27.404  -15.456  52.615 0.0000000000
80429  -48.796  -6.077  32.518 0.0000000000
83469  -34.667  -3.408  41.157 0.0000000000
53220  -9.399  -29.634  43.614 0.0000000000
58052  -20.980  -25.362  50.511 0.0000000000
67427  -7.878  -17.025  43.745 0.0000000000
64943  -4.630  -19.516  51.193 0.0000000000
78071  -41.789  -7.824  37.964 0.0000000000
69699  -5.960  -15.656  37.621 0.0000000000
50763  -5.008  -31.623  50.502 0.0000000000
69622  -27.104  -15.442  44.762 0.0000000000
59244  -28.488  -23.864  48.770 0.0000000000
58016  -26.884  -23.894  51.647 0.0000000000
80451  -52.884  -6.587  30.728 0.0000000000
80326  -38.768  -5.796  39.272 0.0000000000
58134  -17.133  -24.114  46.453 0.0000000000
75677  -6.377  -10.739  42.781 0.0000000000
59298  -7.827  -23.500  44.236 0.0000000000
62623  -8.049  -21.647  39.811 0.0000000000
54492  -8.021  -28.400  38.883 0.0000000000
54240  -9.205  -27.551  55.231 0.0000000000
55524  -6.210  -26.882  54.100 0.0000000000
80271  -32.325  -6.435  44.609 0.0000000000
63730  -24.418  -21.120  51.324 0.0000000000
55640  -23.766  -26.732  47.155 0.0000000000
67366  -6.191  -18.289  48.089 0.0000000000
58128  -6.458  -24.861  47.136 0.0000000000
79319  -44.809  -6.636  35.561 0.0000000000
55538  -12.405  -26.189  53.012 0.0000000000
58062  -14.581  -24.368  50.058 0.0000000000
68559  -5.586  -15.876  40.358 0.0000000000
62684  -5.503  -21.641  37.385 0.0000000000
63666  -5.261  -20.890  54.357 0.0000000000
58046  -5.285  -25.489  51.480 0.0000000000
53176  -6.039  -30.214  46.498 0.0000000000
71762  -27.685  -13.359  51.840 0.0000000000
67350  -27.359  -17.576  49.876 0.0000000000
69575  -26.891  -15.350  48.588 0.0000000000
64938  -27.544  -20.046  51.087 0.0000000000
63770  -28.431  -21.360  48.127 0.0000000000
63698  -27.230  -20.527  52.516 0.0000000000
80441  -50.685  -6.704  31.791 0.0000000000
79352  -45.543  -6.694  31.708 0.0000000000
78156  -47.569  -8.083  29.978 0.0000000000
78194  -49.925  -8.239  28.926 0.0000000000
82407  -36.331  -3.998  39.991 0.0000000000
78047  -33.263  -7.961  40.520 0.0000000000
80340  -33.994  -6.228  38.655 0.0000000000
80360  -36.528  -5.941  37.389 0.0000000000
58168  -10.878  -26.063  44.007 0.0000000000
58218  -9.979  -25.023  40.855 0.0000000000
53267  -10.660  -29.341  40.357 0.0000000000
50911  -6.637  -31.855  39.660 0.0000000000
49743  -8.892  -32.886  41.290 0.0000000000
53077  -9.937  -29.001  52.841 0.0000000000
50691  -8.178  -29.870  53.529 0.0000000000
77997  -31.514  -7.591  46.321 0.0000000000
73148  -28.076  -11.835  46.430 0.0000000000
71879  -27.872  -12.938  43.731 0.0000000000
74420  -30.008  -10.227  44.941 0.0000000000
75646  -31.246  -9.697  43.365 0.0000000000
64916  -23.364  -19.548  53.229 0.0000000000
54359  -26.446  -26.541  48.022 0.0000000000
55592  -25.466  -25.841  49.111 0.0000000000
82583  -52.542  -4.636  26.559 0.0000000000
83713  -54.198  -2.918  25.748 0.0000000000
66146  -5.440  -18.803  49.536 0.0000000000
62583  -4.449  -21.424  47.014 0.0000000000
61440  -4.198  -22.416  48.762 0.0000000000
78089  -43.424  -7.576  36.687 0.0000000000
75754  -39.587  -9.770  36.323 0.0000000000
75773  -41.056  -10.171  36.092 0.0000000000
76961  -42.469  -8.557  34.447 0.0000000000
57992  -12.537  -24.722  55.066 0.0000000000
59181  -13.728  -24.153  53.922 0.0000000000
71859  -6.546  -13.515  44.289 0.0000000000
70712  -4.963  -13.445  42.773 0.0000000000
67447  -6.576  -16.235  41.864 0.0000000000
59342  -5.999  -24.791  39.057 0.0000000000
62637  -5.994  -22.692  38.514 0.0000000000
59357  -5.675  -24.755  37.739 0.0000000000
62450  -6.787  -21.976  54.744 0.0000000000
53076  -5.892  -29.071  52.660 0.0000000000
56754  -5.245  -25.994  52.747 0.0000000000
54305  -5.783  -28.438  51.755 0.0000000000
54334  -6.523  -28.581  49.565 0.0000000000
51948  -4.847  -31.108  48.721 0.0000000000
71810  -27.429  -13.377  47.781 0.0000000000
63672  -24.467  -19.825  54.852 0.0000000000
63675  -26.407  -20.444  53.879 0.0000000000
58054  -27.684  -23.918  50.440 0.0000000000
81487  -54.385  -4.779  29.358 0.0000000000
80476  -50.761  -6.626  27.475 0.0000000000
79252  -40.542  -6.655  39.214 0.0000000000
78082  -38.424  -7.644  37.029 0.0000000000
56834  -20.639  -25.811  47.348 0.0000000000
58084  -19.695  -25.223  48.925 0.0000000000
73261  -5.676  -12.643  39.779 0.0000000000
63851  -7.023  -20.682  43.974 0.0000000000
65050  -7.506  -19.552  42.653 0.0000000000
61477  -8.484  -22.333  42.109 0.0000000000
58234  -7.667  -25.376  39.313 0.0000000000
55774  -6.405  -27.766  38.255 0.0000000000
57987  -8.808  -25.575  56.073 0.0000000000
59175  -7.276  -24.576  55.245 0.0000000000
54238  -8.035  -27.526  55.233 0.0000000000
51846  -6.516  -29.969  53.438 0.0000000000
81332  -32.964  -5.221  41.990 0.0000000000
78037  -32.821  -8.572  42.108 0.0000000000
59229  -23.216  -23.712  50.034 0.0000000000
61400  -25.598  -22.513  52.348 0.0000000000
56771  -24.471  -24.851  50.035 0.0000000000
56822  -21.981  -26.630  49.203 0.0000000000
70664  -7.225  -13.817  46.802 0.0000000000
70633  -7.384  -14.723  48.572 0.0000000000
66198  -6.998  -18.636  46.068 0.0000000000
62589  -5.646  -21.667  45.795 0.0000000000
59283  -6.828  -24.266  45.690 0.0000000000
56861  -9.708  -26.379  46.103 0.0000000000
80414  -46.487  -5.666  33.954 0.0000000000
79342  -43.629  -7.445  33.405 0.0000000000
57984  -10.575  -25.075  56.229 0.0000000000
55526  -11.144  -26.959  54.400 0.0000000000
54291  -10.817  -27.880  51.811 0.0000000000
58065  -17.962  -24.261  49.944 0.0000000000
59210  -16.236  -23.789  51.368 0.0000000000
58013  -15.090  -23.991  52.466 0.0000000000
56783  -13.207  -25.472  51.060 0.0000000000
54322  -11.749  -27.060  49.865 0.0000000000
76829  -5.358  -9.956  44.062 0.0000000000
73214  -4.450  -12.512  41.777 0.0000000000
69674  -5.291  -15.315  39.207 0.0000000000
65073  -7.543  -19.235  39.856 0.0000000000
66293  -6.661  -18.449  38.753 0.0000000000
66305  -6.063  -18.608  37.664 0.0000000000
64913  -4.740  -19.849  53.544 0.0000000000
59179  -5.762  -24.290  53.937 0.0000000000
60275  -4.906  -23.524  52.952 0.0000000000
60309  -4.396  -23.300  50.805 0.0000000000
58076  -5.166  -24.652  49.718 0.0000000000
55619  -8.076  -27.292  48.179 0.0000000000
53204  -7.498  -30.061  44.939 0.0000000000
48503  -4.138  -33.780  48.161 0.0000000000
48546  -5.045  -33.608  46.180 0.0000000000
49725  -8.368  -32.695  43.513 0.0000000000
70616  -27.420  -14.832  51.671 0.0000000000
70589  -27.460  -14.471  53.095 0.0000000000
68456  -27.412  -16.771  50.698 0.0000000000
69559  -27.149  -15.495  50.350 0.0000000000
67323  -27.411  -17.765  51.454 0.0000000000
66142  -27.433  -19.088  50.480 0.0000000000
69522  -27.310  -15.423  53.383 0.0000000000
66118  -27.056  -18.086  52.762 0.0000000000
80430  -49.599  -6.230  32.496 0.0000000000
80437  -47.433  -6.403  32.014 0.0000000000
79368  -47.080  -7.343  30.677 0.0000000000
79355  -48.540  -7.240  31.281 0.0000000000
79370  -48.851  -7.825  30.607 0.0000000000
83487  -35.655  -3.550  40.540 0.0000000000
84560  -36.544  -2.725  41.889 0.0000000000
84559  -35.466  -2.662  41.707 0.0000000000
79249  -33.573  -7.070  39.205 0.0000000000
81365  -34.157  -5.295  39.822 0.0000000000
82424  -35.712  -4.552  39.364 0.0000000000
55701  -10.328  -28.255  43.470 0.0000000000
55718  -11.280  -27.557  42.023 0.0000000000
53236  -10.381  -29.188  42.202 0.0000000000
50903  -9.881  -31.312  41.114 0.0000000000
50896  -9.672  -31.327  42.052 0.0000000000
51903  -9.985  -29.992  50.908 0.0000000000
50729  -9.234  -30.501  51.857 0.0000000000
75602  -29.276  -10.144  46.696 0.0000000000
74402  -28.790  -10.819  45.851 0.0000000000
75604  -30.452  -8.962  46.721 0.0000000000
76802  -31.057  -8.760  45.554 0.0000000000
82585  -53.912  -4.029  27.377 0.0000000000
83712  -53.610  -3.508  26.171 0.0000000000
84799  -55.498  -2.051  25.754 0.0000000000
66135  -4.975  -18.942  50.807 0.0000000000
63775  -4.591  -20.382  48.858 0.0000000000
63756  -4.519  -20.254  49.826 0.0000000000
78072  -42.493  -7.657  37.706 0.0000000000
79271  -43.426  -6.987  37.981 0.0000000000
78085  -40.473  -8.305  37.669 0.0000000000
75772  -40.532  -10.347  36.415 0.0000000000
76906  -41.385  -9.100  36.483 0.0000000000
76907  -42.294  -8.550  36.447 0.0000000000
61345  -13.820  -22.934  54.566 0.0000000000
60264  -14.277  -23.214  54.133 0.0000000000
60291  -21.874  -23.541  50.347 0.0000000000
58030  -20.254  -24.768  50.721 0.0000000000
71951  -6.024  -14.158  38.337 0.0000000000
68518  -7.453  -15.435  43.761 0.0000000000
69631  -6.308  -14.607  42.982 0.0000000000
68533  -7.073  -15.964  42.853 0.0000000000
57008  -5.973  -26.581  38.231 0.0000000000
59351  -5.721  -24.682  38.630 0.0000000000
57025  -5.926  -26.620  37.656 0.0000000000
63670  -7.846  -20.520  54.612 0.0000000000
61338  -7.850  -22.720  55.045 0.0000000000
51902  -5.329  -30.365  51.581 0.0000000000
53091  -5.680  -29.337  51.976 0.0000000000
51915  -5.141  -30.623  50.729 0.0000000000
53121  -5.675  -29.612  50.202 0.0000000000
51931  -4.941  -31.152  49.766 0.0000000000
71785  -27.462  -13.256  49.750 0.0000000000
70656  -27.072  -14.278  48.162 0.0000000000
73094  -27.655  -12.118  49.287 0.0000000000
73110  -27.872  -11.588  48.621 0.0000000000
61414  -27.970  -22.131  50.884 0.0000000000
61401  -27.560  -21.823  51.957 0.0000000000
59233  -27.977  -23.519  50.228 0.0000000000
56823  -27.840  -24.908  48.904 0.0000000000
80460  -53.845  -5.836  30.002 0.0000000000
79381  -51.376  -7.459  29.834 0.0000000000
79406  -50.189  -7.655  28.089 0.0000000000
79394  -52.292  -6.666  29.215 0.0000000000
80478  -52.385  -5.896  28.208 0.0000000000
79239  -39.701  -6.012  39.443 0.0000000000
79231  -40.621  -5.709  40.308 0.0000000000
80298  -39.926  -5.198  40.696 0.0000000000
80342  -37.810  -5.938  38.394 0.0000000000
79287  -37.248  -6.798  36.856 0.0000000000
80343  -38.690  -6.460  38.463 0.0000000000
79267  -39.072  -6.990  38.193 0.0000000000
74459  -6.875  -11.287  42.187 0.0000000000
74500  -6.742  -11.871  40.847 0.0000000000
74478  -6.392  -11.553  41.436 0.0000000000
61469  -6.937  -22.038  44.254 0.0000000000
61475  -7.466  -21.710  43.416 0.0000000000
60367  -7.927  -22.828  43.616 0.0000000000
55756  -9.690  -26.953  39.673 0.0000000000
56944  -8.889  -25.316  39.853 0.0000000000
55754  -7.635  -27.325  38.815 0.0000000000
56964  -6.975  -26.479  38.794 0.0000000000
54490  -6.823  -28.172  38.534 0.0000000000
52141  -6.740  -30.115  39.107 0.0000000000
55498  -9.295  -26.512  55.788 0.0000000000
56732  -8.512  -26.084  55.751 0.0000000000
54239  -8.620  -27.629  55.241 0.0000000000
50708  -7.491  -30.957  52.587 0.0000000000
50675  -7.246  -30.050  53.522 0.0000000000
49553  -7.091  -30.862  52.790 0.0000000000
50706  -6.166  -30.860  52.621 0.0000000000
81312  -32.599  -5.693  43.494 0.0000000000
78024  -32.250  -8.103  43.512 0.0000000000
75664  -32.093  -9.573  42.262 0.0000000000
79212  -32.532  -7.407  43.086 0.0000000000
79220  -32.776  -7.358  42.365 0.0000000000
63748  -24.133  -20.526  50.165 0.0000000000
61434  -24.167  -21.877  49.683 0.0000000000
61423  -24.522  -22.419  50.027 0.0000000000
61371  -25.813  -21.746  53.295 0.0000000000
61370  -25.447  -21.782  53.084 0.0000000000
59201  -26.122  -23.348  52.023 0.0000000000
55607  -24.318  -26.943  49.006 0.0000000000
56789  -24.925  -25.228  49.968 0.0000000000
55590  -23.734  -26.356  49.629 0.0000000000
56787  -23.321  -25.751  50.045 0.0000000000
55606  -23.054  -26.970  49.073 0.0000000000
56850  -22.514  -26.463  47.316 0.0000000000
67344  -6.240  -17.669  49.290 0.0000000000
68469  -7.032  -17.187  48.048 0.0000000000
68479  -7.526  -16.755  47.238 0.0000000000
66182  -6.515  -18.652  46.938 0.0000000000
64993  -6.420  -19.700  45.911 0.0000000000
66196  -5.685  -19.634  47.044 0.0000000000
59271  -5.024  -23.776  46.877 0.0000000000
59281  -5.409  -23.689  46.337 0.0000000000
59273  -6.297  -24.461  46.353 0.0000000000
58148  -8.817  -24.945  45.821 0.0000000000
58130  -8.563  -25.355  46.836 0.0000000000
80403  -45.456  -6.091  35.320 0.0000000000
80396  -46.856  -5.196  35.748 0.0000000000
80383  -46.047  -5.702  36.792 0.0000000000
78111  -43.802  -7.606  35.462 0.0000000000
78133  -43.264  -7.794  34.035 0.0000000000
79338  -44.038  -7.326  34.088 0.0000000000
79339  -44.931  -6.666  33.676 0.0000000000
60255  -11.304  -23.340  55.468 0.0000000000
56743  -12.418  -25.614  54.407 0.0000000000
56742  -11.792  -25.891  54.754 0.0000000000
55527  -11.743  -26.509  54.080 0.0000000000
54276  -10.749  -27.586  52.987 0.0000000000
54292  -11.264  -27.106  52.202 0.0000000000
58119  -18.064  -24.260  47.329 0.0000000000
58083  -18.488  -24.584  49.074 0.0000000000
58102  -17.743  -24.309  48.297 0.0000000000
58080  -15.269  -24.192  49.511 0.0000000000
59238  -16.597  -23.969  50.410 0.0000000000
58048  -15.418  -23.988  51.294 0.0000000000
58027  -15.265  -24.016  51.979 0.0000000000
58047  -14.547  -24.412  51.015 0.0000000000
58025  -13.790  -24.821  52.251 0.0000000000
56784  -13.863  -24.861  51.213 0.0000000000
55604  -12.130  -26.598  49.081 0.0000000000
76812  -5.385  -10.110  44.768 0.0000000000
69649  -5.379  -14.833  41.740 0.0000000000
71896  -4.360  -13.175  42.381 0.0000000000
69655  -5.205  -14.977  40.963 0.0000000000
70742  -4.852  -14.305  40.663 0.0000000000
69664  -5.173  -15.187  40.076 0.0000000000
62609  -8.005  -20.812  41.551 0.0000000000
65065  -7.592  -19.478  41.327 0.0000000000
63898  -8.062  -20.872  39.863 0.0000000000
62669  -5.615  -21.789  37.854 0.0000000000
63921  -6.511  -20.102  38.316 0.0000000000
65090  -6.066  -19.650  37.821 0.0000000000
66292  -6.263  -18.215  38.300 0.0000000000
65099  -5.687  -19.713  37.329 0.0000000000
65106  -5.671  -19.799  36.883 0.0000000000
64905  -4.966  -20.128  54.131 0.0000000000
56738  -6.903  -26.109  54.771 0.0000000000
59174  -6.767  -24.400  54.830 0.0000000000
58000  -5.953  -25.282  54.274 0.0000000000
56764  -5.328  -26.198  52.060 0.0000000000
58004  -5.124  -24.837  52.828 0.0000000000
59209  -4.769  -24.239  52.079 0.0000000000
61391  -4.489  -23.037  52.109 0.0000000000
59225  -4.700  -24.123  51.265 0.0000000000
59237  -4.645  -23.947  50.320 0.0000000000
58060  -5.354  -25.302  50.713 0.0000000000
53149  -6.205  -29.168  48.245 0.0000000000
54335  -7.113  -28.165  49.230 0.0000000000
54387  -6.883  -28.976  46.915 0.0000000000
54388  -7.629  -28.489  46.484 0.0000000000
53189  -6.914  -29.865  45.578 0.0000000000
46234  -4.200  -35.564  47.477 0.0000000000
48516  -4.202  -33.957  47.414 0.0000000000
73071  -27.907  -12.339  51.340 0.0000000000
66162  -27.720  -18.750  48.568 0.0000000000
68475  -27.206  -17.317  48.123 0.0000000000
68465  -27.037  -16.678  49.218 0.0000000000
70629  -27.244  -14.299  50.129 0.0000000000
62528  -27.948  -21.681  50.617 0.0000000000
64947  -27.612  -20.085  50.130 0.0000000000
66153  -27.821  -19.446  48.823 0.0000000000
64926  -27.312  -19.795  52.066 0.0000000000
79359  -51.621  -6.995  31.105 0.0000000000
78170  -45.983  -7.950  29.176 0.0000000000
78191  -47.704  -8.747  28.628 0.0000000000
78213  -48.299  -8.611  27.984 0.0000000000
78173  -48.891  -8.761  29.452 0.0000000000
78159  -49.761  -8.011  29.943 0.0000000000
81350  -37.852  -4.890  40.063 0.0000000000
82390  -38.534  -4.314  41.174 0.0000000000
83472  -37.861  -3.722  41.442 0.0000000000
84545  -37.799  -2.710  42.823 0.0000000000
75715  -32.713  -9.058  40.401 0.0000000000
76879  -32.906  -8.295  39.397 0.0000000000
78081  -33.208  -7.870  37.847 0.0000000000
79302  -34.086  -6.592  36.443 0.0000000000
79303  -35.311  -6.533  35.918 0.0000000000
80359  -35.133  -5.685  37.394 0.0000000000
81382  -36.537  -5.196  38.619 0.0000000000
59293  -8.883  -24.270  43.842 0.0000000000
59300  -9.251  -24.189  42.940 0.0000000000
56926  -10.987  -25.720  42.260 0.0000000000
55757  -10.673  -27.305  40.178 0.0000000000
54513  -9.411  -28.982  39.199 0.0000000000
52119  -7.118  -30.826  39.436 0.0000000000
52121  -9.177  -30.365  39.632 0.0000000000
49752  -8.240  -32.570  40.594 0.0000000000
53047  -9.703  -28.262  54.280 0.0000000000
53045  -8.933  -28.391  54.589 0.0000000000
51849  -9.038  -29.310  53.629 0.0000000000
79204  -31.985  -7.102  45.085 0.0000000000
71868  -27.646  -13.485  45.556 0.0000000000
70707  -27.497  -14.196  44.316 0.0000000000
73165  -28.234  -11.896  45.352 0.0000000000
74432  -29.008  -11.218  44.432 0.0000000000
73188  -29.343  -11.334  43.266 0.0000000000
75645  -30.750  -9.976  43.733 0.0000000000
76803  -31.388  -8.733  44.642 0.0000000000
63710  -23.824  -20.311  52.392 0.0000000000
55579  -26.638  -25.254  49.785 0.0000000000
56791  -26.467  -24.943  50.338 0.0000000000
55609  -25.770  -26.166  48.607 0.0000000000
55625  -25.003  -27.037  48.188 0.0000000000
82597  -51.903  -4.504  24.675 0.0000000000
82598  -52.645  -3.829  24.374 0.0000000000
83728  -53.324  -3.317  23.750 0.0000000000
83729  -54.265  -2.726  23.274 0.0000000000
66157  -5.596  -18.776  48.936 0.0000000000
64982  -5.126  -20.050  47.366 0.0000000000
63796  -4.565  -20.518  47.892 0.0000000000
62565  -4.132  -21.746  48.142 0.0000000000
60335  -4.607  -23.363  47.522 0.0000000000
79306  -44.100  -7.212  36.134 0.0000000000
79273  -44.927  -6.153  37.566 0.0000000000
73319  -40.277  -11.721  35.927 0.0000000000
73340  -41.132  -11.440  34.823 0.0000000000
74605  -41.249  -10.573  34.456 0.0000000000
75788  -41.440  -9.995  35.168 0.0000000000
78110  -43.146  -8.043  35.656 0.0000000000
61334  -12.557  -23.280  55.329 0.0000000000
60257  -13.011  -23.394  55.219 0.0000000000
57998  -13.106  -24.608  54.590 0.0000000000
56748  -13.144  -25.270  53.538 0.0000000000
58116  -14.626  -24.654  47.697 0.0000000000
56818  -13.197  -25.367  49.217 0.0000000000
73156  -5.789  -12.059  44.919 0.0000000000
73170  -5.179  -12.369  43.939 0.0000000000
70697  -5.797  -13.294  43.630 0.0000000000
69642  -5.779  -14.650  42.419 0.0000000000
68555  -5.810  -15.697  41.165 0.0000000000
60383  -6.846  -23.946  39.147 0.0000000000
61496  -7.303  -22.552  39.171 0.0000000000
60390  -5.891  -23.774  38.761 0.0000000000
60396  -5.607  -23.779  38.397 0.0000000000
60408  -5.666  -23.072  37.526 0.0000000000
64907  -8.095  -19.721  54.569 0.0000000000
63669  -7.283  -20.665  54.817 0.0000000000
63664  -6.374  -21.375  54.651 0.0000000000
53059  -6.230  -28.641  53.455 0.0000000000
55535  -5.890  -26.863  53.610 0.0000000000
54275  -5.861  -27.917  52.884 0.0000000000
55570  -5.562  -27.319  51.959 0.0000000000
55571  -5.862  -27.548  51.544 0.0000000000
56800  -6.126  -26.455  50.805 0.0000000000
54319  -6.183  -28.681  50.616 0.0000000000
53134  -5.828  -29.479  49.020 0.0000000000
51967  -5.320  -30.703  47.262 0.0000000000
68509  -26.977  -16.594  45.446 0.0000000000
68485  -27.172  -17.031  47.278 0.0000000000
69591  -26.960  -15.306  46.663 0.0000000000
70687  -27.297  -14.358  46.016 0.0000000000
73147  -27.762  -12.440  46.966 0.0000000000
74389  -28.618  -10.849  47.144 0.0000000000
60272  -26.811  -22.319  52.782 0.0000000000
63686  -26.700  -20.238  53.428 0.0000000000
60282  -27.331  -22.263  52.309 0.0000000000
58038  -27.333  -23.878  51.161 0.0000000000
55595  -27.303  -25.226  49.179 0.0000000000
80486  -49.803  -6.751  26.439 0.0000000000
81495  -51.675  -5.546  27.051 0.0000000000
81497  -53.228  -5.018  28.133 0.0000000000
78056  -40.670  -7.189  38.800 0.0000000000
80327  -41.712  -5.955  40.077 0.0000000000
79242  -41.272  -5.911  40.198 0.0000000000
79304  -36.693  -7.084  35.976 0.0000000000
78083  -38.874  -8.094  36.928 0.0000000000
76890  -39.656  -8.125  37.598 0.0000000000
56804  -20.534  -25.924  49.172 0.0000000000
58067  -20.142  -25.421  49.865 0.0000000000
58104  -19.849  -25.250  47.806 0.0000000000
58120  -19.101  -24.706  47.109 0.0000000000
73262  -6.590  -12.748  39.541 0.0000000000
71935  -5.557  -13.902  38.936 0.0000000000
65029  -7.357  -19.664  43.819 0.0000000000
66252  -7.585  -18.382  42.539 0.0000000000
63863  -7.526  -20.434  42.635 0.0000000000
62603  -7.850  -21.122  42.418 0.0000000000
61483  -8.667  -22.530  41.139 0.0000000000
59308  -9.235  -23.820  42.123 0.0000000000
59320  -8.825  -24.011  40.391 0.0000000000
59331  -7.609  -24.409  39.353 0.0000000000
58233  -6.758  -25.396  39.116 0.0000000000
60241  -7.816  -23.925  55.491 0.0000000000
57986  -8.205  -25.413  55.755 0.0000000000
56739  -7.488  -26.143  55.092 0.0000000000
54236  -6.985  -27.595  54.559 0.0000000000
51814  -8.032  -28.758  54.583 0.0000000000
53044  -7.189  -28.953  54.310 0.0000000000
53043  -6.801  -28.478  54.228 0.0000000000
51865  -5.970  -29.967  53.054 0.0000000000
50705  -5.729  -30.728  52.440 0.0000000000
49603  -5.298  -32.078  51.043 0.0000000000
82387  -33.422  -4.462  41.711 0.0000000000
84542  -34.706  -2.340  42.324 0.0000000000
83434  -33.218  -3.417  42.845 0.0000000000
69637  -27.212  -15.195  43.684 0.0000000000
75700  -32.544  -9.702  41.101 0.0000000000
80297  -33.229  -6.283  41.231 0.0000000000
60310  -23.167  -23.282  49.971 0.0000000000
58032  -22.556  -24.611  50.188 0.0000000000
63683  -23.970  -19.865  54.449 0.0000000000
62493  -24.199  -20.984  52.885 0.0000000000
61399  -25.097  -21.981  52.037 0.0000000000
58035  -25.771  -24.131  50.992 0.0000000000
59232  -25.521  -23.639  51.087 0.0000000000
59231  -25.141  -23.528  50.631 0.0000000000
58033  -23.819  -24.459  49.996 0.0000000000
56769  -22.492  -25.286  50.291 0.0000000000
56785  -21.553  -25.972  50.288 0.0000000000
56835  -21.398  -26.354  47.847 0.0000000000
84834  -55.469  -1.973  22.764 0.0000000000
84843  -55.805  -1.512  22.113 0.0000000000
87054  -56.277  -0.207  21.529 0.0000000000
70680  -7.170  -13.850  45.677 0.0000000000
68504  -8.157  -16.057  45.079 0.0000000000
70648  -7.616  -14.832  47.502 0.0000000000
68491  -7.913  -16.398  46.126 0.0000000000
67408  -8.070  -17.602  44.805 0.0000000000
65010  -6.754  -19.954  45.183 0.0000000000
63843  -6.321  -20.925  45.181 0.0000000000
61463  -6.556  -22.282  45.001 0.0000000000
62584  -4.726  -21.740  46.606 0.0000000000
60352  -5.853  -23.039  45.774 0.0000000000
59291  -7.278  -23.710  44.923 0.0000000000
58166  -9.138  -24.659  44.739 0.0000000000
56874  -10.193  -26.353  45.379 0.0000000000
55686  -9.396  -28.458  44.437 0.0000000000
80415  -47.601  -5.355  33.648 0.0000000000
76973  -41.805  -9.370  33.127 0.0000000000
76981  -42.161  -8.614  32.715 0.0000000000
76991  -42.406  -8.327  31.843 0.0000000000
79351  -44.524  -6.969  31.911 0.0000000000
79345  -45.963  -6.403  32.372 0.0000000000
57982  -9.690  -25.430  56.317 0.0000000000
55499  -9.858  -26.486  55.815 0.0000000000
59171  -11.768  -24.442  55.575 0.0000000000
55501  -10.896  -26.459  55.394 0.0000000000
54242  -10.600  -27.066  55.116 0.0000000000
53093  -10.366  -28.526  52.352 0.0000000000
58050  -19.399  -24.775  50.388 0.0000000000
58028  -18.790  -24.324  50.680 0.0000000000
59212  -18.268  -23.984  50.967 0.0000000000
58082  -17.347  -24.226  49.188 0.0000000000
59227  -17.153  -23.963  50.895 0.0000000000
59196  -16.992  -23.575  51.501 0.0000000000
60268  -16.491  -22.894  52.241 0.0000000000
59187  -15.587  -23.527  52.461 0.0000000000
60265  -14.828  -23.056  53.486 0.0000000000
58007  -14.325  -24.231  53.129 0.0000000000
56752  -13.247  -25.259  53.032 0.0000000000
56755  -12.874  -25.726  52.772 0.0000000000
55588  -12.648  -25.818  49.620 0.0000000000
55573  -12.379  -26.297  50.928 0.0000000000
55572  -12.053  -26.605  51.363 0.0000000000
53123  -10.964  -28.332  50.296 0.0000000000
75656  -5.839  -10.304  43.429 0.0000000000
74439  -4.629  -12.153  43.351 0.0000000000
74456  -4.656  -11.680  42.570 0.0000000000
74457  -5.173  -11.370  42.200 0.0000000000
73236  -4.720  -12.730  40.763 0.0000000000
71934  -5.035  -13.966  39.425 0.0000000000
69675  -5.415  -15.162  38.694 0.0000000000
67462  -7.001  -17.329  41.516 0.0000000000
66271  -6.658  -17.475  40.043 0.0000000000
63908  -7.392  -20.525  39.017 0.0000000000
66282  -6.954  -18.325  39.484 0.0000000000
67489  -6.042  -16.696  39.751 0.0000000000
67503  -5.978  -16.841  38.812 0.0000000000
67515  -5.934  -17.463  38.066 0.0000000000
68605  -5.819  -17.049  37.872 0.0000000000
66317  -5.989  -18.827  37.123 0.0000000000
60250  -7.249  -23.762  55.132 0.0000000000
61336  -6.564  -22.783  54.669 0.0000000000
61347  -5.692  -22.544  53.955 0.0000000000
57999  -5.515  -25.236  53.731 0.0000000000
60266  -5.428  -23.446  53.545 0.0000000000
61360  -5.123  -22.450  53.379 0.0000000000
62484  -4.817  -21.483  53.235 0.0000000000
62517  -4.340  -21.313  51.775 0.0000000000
63718  -4.327  -20.706  50.966 0.0000000000
61430  -4.181  -22.228  49.552 0.0000000000
59258  -4.624  -23.698  48.580 0.0000000000
58112  -5.667  -24.834  48.382 0.0000000000
56815  -6.187  -25.890  50.318 0.0000000000
56829  -6.953  -25.759  49.384 0.0000000000
58098  -7.674  -25.694  48.423 0.0000000000
55637  -8.749  -27.017  47.347 0.0000000000
54405  -8.421  -28.540  45.345 0.0000000000
53219  -8.734  -29.996  44.150 0.0000000000
49622  -4.966  -32.532  50.232 0.0000000000
48489  -4.402  -33.650  49.016 0.0000000000
49641  -4.606  -32.748  49.435 0.0000000000
50819  -4.566  -31.892  47.994 0.0000000000
50839  -4.758  -32.102  47.126 0.0000000000
49692  -5.378  -32.109  46.191 0.0000000000
48547  -5.619  -33.396  45.844 0.0000000000
50853  -6.255  -31.487  45.692 0.0000000000
52040  -7.283  -30.964  44.932 0.0000000000
52066  -8.089  -30.952  44.352 0.0000000000
52067  -8.969  -30.922  43.635 0.0000000000
49739  -8.928  -32.775  42.411 0.0000000000
48604  -7.886  -33.904  41.505 0.0000000000
69546  -27.412  -15.496  51.884 0.0000000000
70603  -27.496  -14.537  52.283 0.0000000000
68455  -27.436  -16.217  51.464 0.0000000000
69558  -27.380  -15.542  51.208 0.0000000000
68444  -27.345  -16.434  52.064 0.0000000000
68445  -27.446  -16.862  51.498 0.0000000000
68435  -27.259  -16.406  52.861 0.0000000000
80418  -50.037  -5.799  33.141 0.0000000000
80417  -49.279  -5.695  33.132 0.0000000000
80428  -47.897  -5.885  32.613 0.0000000000
79354  -47.659  -7.000  31.342 0.0000000000
80438  -48.243  -6.546  31.906 0.0000000000
80439  -49.077  -6.738  31.886 0.0000000000
83486  -34.975  -3.796  40.496 0.0000000000
83470  -36.026  -3.051  41.161 0.0000000000
82388  -33.822  -4.450  41.103 0.0000000000
82405  -34.437  -4.388  40.407 0.0000000000
82423  -34.837  -4.568  39.734 0.0000000000
54435  -9.849  -28.876  43.497 0.0000000000
54452  -10.229  -28.960  42.778 0.0000000000
53235  -9.942  -29.785  42.791 0.0000000000
52088  -9.959  -30.578  41.891 0.0000000000
52087  -9.575  -30.779  42.822 0.0000000000
50747  -9.278  -30.809  51.181 0.0000000000
75603  -29.942  -9.326  47.063 0.0000000000
64952  -4.754  -19.601  50.325 0.0000000000
63737  -4.455  -20.193  50.727 0.0000000000
79270  -42.287  -7.300  38.474 0.0000000000
78086  -41.225  -8.406  37.443 0.0000000000
78087  -42.031  -8.267  37.171 0.0000000000
62463  -14.369  -22.301  53.667 0.0000000000
61354  -14.130  -22.565  54.149 0.0000000000
61355  -14.449  -22.708  53.915 0.0000000000
58031  -21.386  -24.838  50.531 0.0000000000
59215  -21.373  -23.950  50.522 0.0000000000
70779  -6.057  -14.768  37.669 0.0000000000
68535  -7.631  -15.941  43.804 0.0000000000
68534  -7.479  -16.006  43.491 0.0000000000
67426  -7.644  -17.054  43.018 0.0000000000
57024  -5.802  -26.614  37.959 0.0000000000
50745  -5.126  -31.194  51.207 0.0000000000
73084  -27.748  -12.262  50.353 0.0000000000
71795  -27.428  -13.290  48.732 0.0000000000
74362  -27.873  -11.438  49.411 0.0000000000
60313  -28.164  -23.102  49.935 0.0000000000
60305  -27.986  -22.893  50.666 0.0000000000
59243  -28.201  -23.714  49.496 0.0000000000
80459  -53.063  -6.324  29.840 0.0000000000
79393  -51.458  -7.222  28.953 0.0000000000
79382  -52.183  -6.918  29.871 0.0000000000
80310  -39.578  -5.444  40.177 0.0000000000
80325  -38.108  -5.592  39.179 0.0000000000
79250  -39.307  -6.460  38.769 0.0000000000
75657  -6.856  -10.082  43.393 0.0000000000
75678  -7.432  -10.791  42.922 0.0000000000
74458  -5.938  -11.212  42.097 0.0000000000
60366  -7.249  -22.443  44.153 0.0000000000
61470  -7.435  -22.184  43.676 0.0000000000
55755  -8.578  -27.103  39.234 0.0000000000
54491  -7.202  -28.454  38.751 0.0000000000
53285  -6.885  -29.280  38.973 0.0000000000
54223  -9.555  -26.965  55.526 0.0000000000
54222  -8.990  -27.067  55.510 0.0000000000
49554  -7.224  -31.022  52.581 0.0000000000
81306  -32.500  -5.879  44.214 0.0000000000
82362  -32.539  -5.089  44.280 0.0000000000
81305  -32.420  -5.603  44.998 0.0000000000
68523  -26.913  -16.448  44.415 0.0000000000
80273  -32.527  -6.880  43.090 0.0000000000
63729  -24.062  -20.485  51.197 0.0000000000
63749  -24.396  -21.058  50.606 0.0000000000
62527  -24.701  -21.639  50.875 0.0000000000
60271  -26.578  -22.445  52.720 0.0000000000
61385  -26.092  -22.200  52.872 0.0000000000
59202  -26.565  -23.281  52.059 0.0000000000
55624  -23.995  -27.079  48.145 0.0000000000
55623  -23.105  -26.835  47.941 0.0000000000
55639  -23.153  -26.652  47.426 0.0000000000
56851  -23.178  -26.538  47.156 0.0000000000
67355  -5.966  -18.265  48.769 0.0000000000
67356  -6.477  -17.700  48.493 0.0000000000
67367  -6.696  -17.947  47.536 0.0000000000
66168  -6.209  -18.598  47.592 0.0000000000
66181  -5.985  -19.122  47.316 0.0000000000
59272  -5.599  -24.287  46.895 0.0000000000
58129  -7.464  -25.052  46.988 0.0000000000
80395  -46.098  -5.622  36.002 0.0000000000
80394  -45.396  -6.093  36.203 0.0000000000
79318  -44.336  -7.087  35.716 0.0000000000
78123  -43.751  -7.666  34.639 0.0000000000
79329  -44.312  -7.261  35.027 0.0000000000
79330  -44.839  -6.699  34.673 0.0000000000
56750  -12.298  -26.131  53.897 0.0000000000
56746  -12.115  -26.053  54.276 0.0000000000
55537  -11.970  -26.455  53.486 0.0000000000
55548  -11.402  -26.910  53.194 0.0000000000
55549  -11.818  -26.628  52.744 0.0000000000
58079  -14.521  -24.545  49.186 0.0000000000
56767  -14.104  -24.667  51.522 0.0000000000
56803  -13.846  -24.836  50.544 0.0000000000
75624  -5.399  -10.877  44.978 0.0000000000
70732  -4.699  -14.015  41.710 0.0000000000
62610  -8.262  -21.258  41.080 0.0000000000
63880  -8.066  -20.642  40.921 0.0000000000
63920  -5.793  -20.894  38.116 0.0000000000
63930  -5.526  -20.717  37.596 0.0000000000
63938  -5.471  -20.672  37.009 0.0000000000
64896  -6.027  -19.894  54.863 0.0000000000
64894  -5.119  -20.495  54.321 0.0000000000
55525  -6.679  -26.879  54.497 0.0000000000
56745  -6.294  -26.111  54.447 0.0000000000
58024  -5.225  -25.535  51.900 0.0000000000
56763  -5.201  -25.516  52.254 0.0000000000
58023  -5.056  -24.931  51.760 0.0000000000
58045  -4.985  -24.702  50.931 0.0000000000
53162  -6.271  -29.446  47.329 0.0000000000
54368  -6.787  -28.768  47.842 0.0000000000
53177  -6.351  -29.825  46.396 0.0000000000
43970  -4.315  -37.702  47.765 0.0000000000
45164  -4.472  -36.547  47.062 0.0000000000
71774  -27.591  -13.320  50.770 0.0000000000
67351  -27.527  -17.992  49.120 0.0000000000
68466  -27.299  -17.564  48.675 0.0000000000
70617  -27.374  -14.417  51.130 0.0000000000
63731  -27.758  -20.894  50.835 0.0000000000
63750  -27.929  -21.036  50.069 0.0000000000
67338  -27.456  -18.352  49.877 0.0000000000
66152  -27.623  -19.062  49.469 0.0000000000
66129  -27.284  -18.898  51.668 0.0000000000
66119  -27.136  -18.705  52.321 0.0000000000
64937  -27.409  -19.693  51.563 0.0000000000
63713  -27.616  -20.843  51.483 0.0000000000
79358  -50.922  -7.132  31.117 0.0000000000
80442  -51.538  -6.659  31.762 0.0000000000
78144  -44.506  -7.148  31.118 0.0000000000
79366  -45.092  -6.959  31.111 0.0000000000
78155  -46.487  -7.694  29.992 0.0000000000
78171  -47.134  -8.322  29.272 0.0000000000
78172  -48.056  -8.713  29.399 0.0000000000
78157  -48.437  -8.337  30.022 0.0000000000
79357  -50.110  -7.231  31.148 0.0000000000
79371  -49.575  -7.754  30.545 0.0000000000
79373  -51.157  -7.391  30.494 0.0000000000
82408  -37.593  -4.391  40.441 0.0000000000
82389  -37.998  -4.182  41.081 0.0000000000
83489  -37.315  -3.735  41.034 0.0000000000
84544  -37.004  -2.451  42.596 0.0000000000
83449  -37.462  -2.982  42.090 0.0000000000
84524  -37.354  -2.182  43.269 0.0000000000
76872  -32.918  -8.438  40.175 0.0000000000
78053  -33.227  -7.798  39.740 0.0000000000
79265  -33.665  -7.015  38.311 0.0000000000
79286  -33.759  -6.813  37.424 0.0000000000
80358  -34.205  -6.169  37.812 0.0000000000
80379  -34.443  -6.177  37.096 0.0000000000
81392  -34.743  -5.515  38.176 0.0000000000
82434  -35.983  -4.853  38.914 0.0000000000
82425  -36.792  -4.717  39.477 0.0000000000
81368  -37.553  -5.132  39.418 0.0000000000
58182  -9.689  -24.694  43.563 0.0000000000
58183  -10.604  -25.555  43.107 0.0000000000
53268  -10.982  -28.702  40.889 0.0000000000
55736  -11.327  -27.488  41.389 0.0000000000
54495  -10.995  -28.211  40.441 0.0000000000
54494  -10.257  -28.271  39.613 0.0000000000
52143  -10.088  -29.601  39.660 0.0000000000
52122  -10.043  -30.198  39.928 0.0000000000
49753  -9.026  -32.409  40.811 0.0000000000
50913  -9.025  -31.656  40.242 0.0000000000
48617  -7.667  -33.227  40.812 0.0000000000
53062  -9.842  -28.554  53.668 0.0000000000
53061  -9.362  -28.691  54.050 0.0000000000
51850  -9.540  -29.330  53.125 0.0000000000
79193  -31.866  -6.899  46.257 0.0000000000
71849  -27.810  -12.685  45.761 0.0000000000
71869  -27.835  -13.017  44.864 0.0000000000
74419  -29.300  -10.782  44.968 0.0000000000
74418  -28.735  -11.285  44.969 0.0000000000
73178  -28.989  -11.435  43.897 0.0000000000
74433  -29.619  -10.930  44.116 0.0000000000
74434  -30.324  -10.361  43.830 0.0000000000
78012  -31.277  -8.147  46.171 0.0000000000
64925  -23.312  -19.538  52.391 0.0000000000
54328  -26.481  -25.604  48.821 0.0000000000
55593  -26.161  -25.631  49.036 0.0000000000
54358  -26.070  -26.344  48.336 0.0000000000
82591  -51.773  -4.978  25.657 0.0000000000
83722  -53.414  -3.331  25.034 0.0000000000
83723  -54.185  -2.806  24.516 0.0000000000
83714  -54.948  -2.489  25.188 0.0000000000
66156  -5.290  -19.256  49.098 0.0000000000
64972  -5.017  -19.792  48.366 0.0000000000
62549  -4.206  -21.650  49.024 0.0000000000
63774  -4.269  -21.037  48.446 0.0000000000
60334  -4.314  -22.917  47.791 0.0000000000
60327  -4.400  -23.220  48.433 0.0000000000
79290  -44.013  -7.039  36.916 0.0000000000
79291  -44.811  -6.365  37.169 0.0000000000
75771  -39.355  -10.212  36.020 0.0000000000
74575  -40.613  -11.028  36.198 0.0000000000
74576  -41.111  -10.845  35.814 0.0000000000
75774  -41.381  -9.883  35.681 0.0000000000
76908  -42.744  -8.217  36.405 0.0000000000
76927  -42.625  -8.435  35.948 0.0000000000
78099  -43.086  -7.964  36.297 0.0000000000
78100  -43.604  -7.585  36.183 0.0000000000
62455  -13.415  -22.734  54.609 0.0000000000
59177  -13.487  -24.025  54.559 0.0000000000
58001  -12.787  -25.304  54.288 0.0000000000
58002  -13.369  -24.763  53.979 0.0000000000
56847  -13.846  -25.219  47.903 0.0000000000
71838  -5.870  -12.359  44.632 0.0000000000
71857  -5.725  -12.640  44.199 0.0000000000
69643  -6.386  -15.294  42.444 0.0000000000
69630  -5.875  -14.350  42.739 0.0000000000
68549  -6.256  -15.649  41.899 0.0000000000
67461  -6.493  -16.355  41.519 0.0000000000
59343  -6.197  -24.199  39.048 0.0000000000
60391  -6.483  -23.481  39.004 0.0000000000
59356  -5.555  -24.690  38.185 0.0000000000
61510  -5.600  -22.831  38.134 0.0000000000
60401  -5.594  -23.677  37.850 0.0000000000
60402  -5.731  -24.176  37.546 0.0000000000
62451  -7.391  -21.820  54.852 0.0000000000
63665  -6.861  -21.281  54.779 0.0000000000
63668  -6.514  -20.636  54.823 0.0000000000
54290  -5.744  -28.198  52.313 0.0000000000
54306  -6.009  -28.557  51.267 0.0000000000
51932  -5.239  -30.335  49.348 0.0000000000
51949  -5.232  -30.387  48.320 0.0000000000
67415  -27.119  -17.709  45.183 0.0000000000
68496  -27.019  -16.600  46.392 0.0000000000
68474  -27.007  -16.339  47.954 0.0000000000
69582  -26.932  -15.298  47.580 0.0000000000
70671  -27.129  -14.300  47.158 0.0000000000
71827  -27.451  -13.285  46.845 0.0000000000
73129  -27.684  -12.678  47.503 0.0000000000
74374  -28.424  -10.843  48.291 0.0000000000
62559  -28.731  -22.317  47.977 0.0000000000
63674  -25.945  -20.086  54.353 0.0000000000
62467  -26.245  -20.915  53.928 0.0000000000
61358  -26.526  -21.435  53.441 0.0000000000
64917  -26.771  -19.185  53.206 0.0000000000
63697  -26.919  -20.089  52.919 0.0000000000
59221  -27.815  -23.275  50.840 0.0000000000
61386  -27.416  -21.826  52.316 0.0000000000
59220  -27.602  -23.119  51.347 0.0000000000
59204  -27.156  -23.015  52.003 0.0000000000
58053  -27.430  -24.206  50.583 0.0000000000
56793  -27.483  -24.347  50.259 0.0000000000
55628  -27.523  -26.089  47.488 0.0000000000
82566  -54.713  -4.142  28.979 0.0000000000
78214  -49.211  -8.315  28.031 0.0000000000
78233  -48.689  -8.242  27.575 0.0000000000
79407  -51.213  -6.838  28.138 0.0000000000
79421  -50.042  -6.977  27.176 0.0000000000
80488  -51.071  -5.928  26.989 0.0000000000
80495  -50.916  -5.961  26.318 0.0000000000
80477  -51.665  -6.085  27.688 0.0000000000
81476  -53.444  -5.676  29.287 0.0000000000
81485  -53.007  -5.463  28.481 0.0000000000
81486  -53.830  -4.912  28.762 0.0000000000
82565  -54.137  -4.442  28.350 0.0000000000
79241  -40.892  -6.071  39.866 0.0000000000
81323  -40.419  -4.915  41.326 0.0000000000
80300  -40.777  -5.407  40.970 0.0000000000
83451  -39.077  -3.695  42.160 0.0000000000
82374  -39.482  -4.449  41.491 0.0000000000
80381  -35.973  -6.357  36.452 0.0000000000
79288  -37.842  -7.189  36.967 0.0000000000
78098  -37.853  -7.826  36.199 0.0000000000
76902  -38.560  -8.386  36.406 0.0000000000
79251  -39.877  -6.707  38.878 0.0000000000
78068  -39.616  -7.484  38.197 0.0000000000
78055  -40.116  -7.142  38.702 0.0000000000
78069  -40.273  -7.716  38.335 0.0000000000
56820  -20.529  -25.927  48.345 0.0000000000
58136  -19.249  -24.748  46.122 0.0000000000
74480  -8.326  -11.995  41.723 0.0000000000
73238  -6.268  -12.164  40.266 0.0000000000
71923  -5.875  -13.211  39.301 0.0000000000
61476  -8.040  -21.946  42.804 0.0000000000
61482  -8.426  -21.891  41.617 0.0000000000
58199  -9.841  -24.610  42.155 0.0000000000
59309  -9.438  -24.229  42.301 0.0000000000
58198  -9.530  -24.262  41.845 0.0000000000
58216  -8.591  -25.010  39.755 0.0000000000
59319  -8.219  -24.707  39.571 0.0000000000
59332  -8.361  -23.650  39.881 0.0000000000
55775  -6.651  -27.417  38.459 0.0000000000
56989  -6.589  -26.823  38.521 0.0000000000
50924  -6.538  -31.001  39.255 0.0000000000
59166  -8.072  -24.591  55.725 0.0000000000
55512  -8.266  -26.715  55.467 0.0000000000
56740  -8.004  -26.133  55.433 0.0000000000
55511  -7.738  -26.837  55.197 0.0000000000
55510  -7.216  -26.866  54.839 0.0000000000
54237  -7.457  -27.557  54.892 0.0000000000
51815  -8.373  -28.526  54.661 0.0000000000
50677  -8.089  -29.482  53.939 0.0000000000
51847  -6.967  -29.916  53.635 0.0000000000
51827  -7.336  -29.478  53.977 0.0000000000
51826  -6.881  -29.374  53.935 0.0000000000
53060  -6.548  -29.228  53.732 0.0000000000
51845  -6.322  -29.486  53.436 0.0000000000
50726  -5.802  -31.289  52.095 0.0000000000
50725  -5.407  -31.151  51.828 0.0000000000
82373  -33.073  -4.435  42.409 0.0000000000
70718  -27.620  -13.991  43.087 0.0000000000
76838  -32.456  -9.103  42.309 0.0000000000
75685  -32.210  -9.809  41.769 0.0000000000
76852  -32.820  -9.043  41.565 0.0000000000
80288  -32.818  -6.369  42.134 0.0000000000
79225  -33.145  -7.297  41.598 0.0000000000
80296  -32.963  -5.813  41.755 0.0000000000
81333  -33.262  -5.273  41.380 0.0000000000
60311  -24.042  -23.292  49.985 0.0000000000
61422  -23.444  -22.877  49.807 0.0000000000
60301  -22.552  -23.414  50.153 0.0000000000
59216  -22.959  -23.945  50.063 0.0000000000
61383  -25.453  -22.088  52.656 0.0000000000
62479  -24.425  -20.762  53.726 0.0000000000
62494  -24.904  -21.585  52.981 0.0000000000
55578  -25.977  -25.424  49.746 0.0000000000
56773  -26.265  -24.497  50.837 0.0000000000
56790  -25.744  -25.100  50.234 0.0000000000
56772  -25.418  -24.655  50.366 0.0000000000
58034  -24.962  -24.296  50.295 0.0000000000
59217  -24.445  -23.968  50.190 0.0000000000
56807  -22.981  -26.326  50.039 0.0000000000
56806  -22.285  -26.510  49.841 0.0000000000
56786  -22.425  -25.956  50.318 0.0000000000
56821  -21.273  -26.390  48.812 0.0000000000
56866  -22.355  -26.150  46.161 0.0000000000
56849  -21.471  -26.095  46.795 0.0000000000
84824  -55.529  -1.935  23.644 0.0000000000
83730  -55.071  -2.326  23.274 0.0000000000
85970  -56.021  -0.979  21.350 0.0000000000
71803  -6.744  -12.895  47.218 0.0000000000
70681  -7.510  -14.540  45.268 0.0000000000
70665  -7.616  -14.644  46.299 0.0000000000
70621  -7.129  -14.798  49.354 0.0000000000
67368  -7.233  -17.548  47.073 0.0000000000
67380  -7.623  -17.345  46.402 0.0000000000
67393  -8.059  -17.067  45.467 0.0000000000
67392  -7.631  -17.938  45.768 0.0000000000
66215  -7.664  -18.412  45.080 0.0000000000
66214  -7.038  -19.180  45.485 0.0000000000
65009  -6.072  -20.545  45.782 0.0000000000
62593  -6.323  -21.620  45.114 0.0000000000
61462  -6.032  -22.213  45.449 0.0000000000
63815  -4.729  -20.904  46.994 0.0000000000
59282  -6.026  -23.898  45.913 0.0000000000
60353  -6.353  -23.353  45.566 0.0000000000
59290  -6.649  -23.628  45.428 0.0000000000
59284  -7.558  -24.290  45.237 0.0000000000
59292  -8.130  -24.097  44.513 0.0000000000
58165  -8.220  -24.526  45.247 0.0000000000
58131  -9.303  -25.626  46.304 0.0000000000
58149  -9.757  -25.417  45.574 0.0000000000
55672  -9.898  -27.296  45.190 0.0000000000
80405  -47.134  -5.192  34.757 0.0000000000
75800  -41.491  -9.960  34.486 0.0000000000
75815  -41.397  -10.333  33.634 0.0000000000
76960  -41.893  -9.348  34.022 0.0000000000
79337  -43.655  -7.538  33.861 0.0000000000
76974  -42.326  -8.536  33.556 0.0000000000
78136  -42.918  -7.832  32.784 0.0000000000
79350  -43.746  -7.301  32.497 0.0000000000
79343  -44.284  -6.981  33.045 0.0000000000
80413  -45.580  -6.114  34.323 0.0000000000
80426  -45.790  -6.217  33.271 0.0000000000
80427  -46.785  -5.957  32.716 0.0000000000
59169  -10.082  -24.498  56.181 0.0000000000
59163  -10.111  -24.982  56.352 0.0000000000
56730  -9.881  -25.636  56.277 0.0000000000
56735  -10.332  -26.012  55.999 0.0000000000
60247  -12.584  -23.693  55.405 0.0000000000
57991  -11.899  -25.102  55.327 0.0000000000
55514  -11.086  -26.682  54.997 0.0000000000
56741  -11.279  -26.151  55.222 0.0000000000
55513  -10.609  -26.842  55.291 0.0000000000
54255  -10.595  -27.284  54.776 0.0000000000
54254  -10.095  -27.803  54.564 0.0000000000
54265  -10.481  -27.677  54.020 0.0000000000
53108  -10.069  -29.570  51.505 0.0000000000
53109  -10.500  -28.858  51.158 0.0000000000
58049  -18.557  -24.378  50.395 0.0000000000
58066  -19.080  -24.788  49.816 0.0000000000
59228  -17.990  -24.050  50.773 0.0000000000
58101  -16.562  -24.067  48.422 0.0000000000
59226  -16.423  -23.880  50.822 0.0000000000
59211  -16.941  -23.970  51.081 0.0000000000
59188  -17.053  -23.210  51.796 0.0000000000
59195  -16.004  -23.725  51.813 0.0000000000
60267  -15.540  -22.951  52.788 0.0000000000
59186  -14.819  -23.902  52.995 0.0000000000
59182  -14.363  -23.703  53.564 0.0000000000
56766  -13.665  -25.000  51.806 0.0000000000
58011  -13.796  -24.759  52.614 0.0000000000
56756  -13.379  -25.189  52.465 0.0000000000
56765  -12.954  -25.632  51.972 0.0000000000
55605  -12.654  -25.925  48.812 0.0000000000
55587  -12.258  -26.361  50.067 0.0000000000
54309  -11.963  -26.743  50.464 0.0000000000
54308  -11.483  -27.328  50.967 0.0000000000
54321  -11.375  -27.901  49.714 0.0000000000
76813  -5.593  -9.317  44.884 0.0000000000
76830  -6.222  -9.345  44.113 0.0000000000
75655  -5.043  -10.806  43.357 0.0000000000
73182  -5.089  -12.668  43.559 0.0000000000
74425  -4.961  -11.710  44.016 0.0000000000
73181  -4.856  -12.639  43.337 0.0000000000
71897  -4.314  -13.285  41.966 0.0000000000
73197  -4.356  -12.345  42.483 0.0000000000
75675  -4.992  -11.130  42.696 0.0000000000
74476  -4.827  -11.815  41.794 0.0000000000
73215  -4.859  -12.107  41.194 0.0000000000
70754  -4.992  -14.505  39.742 0.0000000000
70766  -5.234  -14.598  39.047 0.0000000000
66272  -7.257  -18.341  40.490 0.0000000000
66264  -7.364  -18.423  41.539 0.0000000000
67475  -6.984  -17.570  40.820 0.0000000000
62638  -6.638  -21.928  38.648 0.0000000000
62639  -7.526  -21.412  39.233 0.0000000000
65091  -6.498  -19.115  38.321 0.0000000000
65081  -7.041  -19.234  38.817 0.0000000000
66281  -6.438  -17.601  39.155 0.0000000000
68590  -5.694  -16.403  38.232 0.0000000000
67527  -5.960  -17.698  37.594 0.0000000000
64921  -4.633  -19.609  52.713 0.0000000000
59165  -7.606  -24.333  55.434 0.0000000000
60251  -7.665  -23.315  55.248 0.0000000000
59180  -6.243  -24.576  54.415 0.0000000000
60249  -6.706  -23.633  54.744 0.0000000000
60261  -6.227  -23.553  54.322 0.0000000000
61348  -6.120  -22.706  54.314 0.0000000000
60260  -5.809  -23.461  53.892 0.0000000000
55547  -5.674  -26.908  53.066 0.0000000000
56749  -5.474  -26.072  53.416 0.0000000000
59193  -4.894  -24.220  52.726 0.0000000000
59185  -5.248  -24.366  53.350 0.0000000000
61375  -4.709  -22.397  52.798 0.0000000000
61406  -4.317  -22.572  51.471 0.0000000000
61392  -4.438  -22.401  52.218 0.0000000000
61407  -4.302  -21.848  51.815 0.0000000000
62516  -4.251  -21.450  51.068 0.0000000000
61419  -4.215  -22.382  50.414 0.0000000000
58075  -4.918  -24.263  49.596 0.0000000000
59249  -4.681  -23.888  49.273 0.0000000000
58094  -5.051  -24.453  49.109 0.0000000000
59259  -4.892  -24.112  48.467 0.0000000000
58095  -5.344  -24.784  49.058 0.0000000000
55586  -6.562  -27.816  50.484 0.0000000000
56801  -6.736  -26.986  50.470 0.0000000000
54351  -7.336  -28.150  48.456 0.0000000000
55603  -7.545  -27.439  49.185 0.0000000000
56830  -7.588  -26.329  49.114 0.0000000000
58097  -7.024  -25.495  48.759 0.0000000000
56831  -8.222  -26.244  48.266 0.0000000000
55620  -8.505  -26.684  47.895 0.0000000000
55636  -8.239  -27.794  47.025 0.0000000000
54404  -7.533  -28.943  45.594 0.0000000000
54389  -8.180  -28.330  45.985 0.0000000000
54419  -7.876  -29.248  44.967 0.0000000000
54420  -8.723  -28.968  44.506 0.0000000000
53205  -8.119  -29.690  44.601 0.0000000000
48475  -4.903  -33.409  49.763 0.0000000000
47363  -4.197  -34.603  48.648 0.0000000000
49661  -4.334  -32.823  48.534 0.0000000000
48532  -4.536  -33.723  46.752 0.0000000000
49678  -4.367  -32.967  47.439 0.0000000000
49691  -4.979  -32.693  46.454 0.0000000000
50840  -5.238  -31.613  46.609 0.0000000000
50863  -6.127  -31.963  45.658 0.0000000000
49709  -6.348  -32.437  45.509 0.0000000000
50864  -6.704  -31.697  45.339 0.0000000000
49710  -7.023  -32.399  45.124 0.0000000000
49724  -7.657  -32.496  44.485 0.0000000000
50880  -7.954  -31.822  44.298 0.0000000000
50881  -8.606  -31.737  43.710 0.0000000000
49726  -8.865  -32.278  43.194 0.0000000000
70604  -27.499  -14.193  51.824 0.0000000000
71749  -27.796  -12.984  52.405 0.0000000000
71748  -27.645  -13.483  52.670 0.0000000000
71741  -27.465  -13.481  53.582 0.0000000000
66130  -27.374  -19.304  51.188 0.0000000000
66141  -27.377  -18.631  51.072 0.0000000000
67337  -27.431  -18.036  50.565 0.0000000000
67300  -27.069  -17.291  53.081 0.0000000000
67308  -27.235  -17.510  52.302 0.0000000000
80440  -49.866  -6.772  31.845 0.0000000000
80432  -51.233  -6.244  32.479 0.0000000000
80431  -50.395  -6.277  32.498 0.0000000000
79353  -46.633  -6.670  31.627 0.0000000000
79367  -45.986  -7.044  30.817 0.0000000000
79369  -48.038  -7.676  30.627 0.0000000000
79356  -49.336  -7.316  31.233 0.0000000000
83488  -36.687  -3.614  40.752 0.0000000000
84543  -36.043  -2.230  42.331 0.0000000000
79238  -33.503  -7.158  40.057 0.0000000000
80309  -33.571  -6.299  40.344 0.0000000000
80324  -33.813  -6.261  39.511 0.0000000000
81380  -34.406  -5.460  38.978 0.0000000000
81366  -34.835  -4.874  39.256 0.0000000000
55688  -10.838  -27.298  43.639 0.0000000000
56908  -11.043  -26.587  43.238 0.0000000000
55702  -10.842  -27.673  43.078 0.0000000000
54453  -10.782  -28.463  42.316 0.0000000000
53249  -10.351  -29.746  41.612 0.0000000000
52103  -10.238  -30.432  40.853 0.0000000000
50902  -9.414  -32.111  41.520 0.0000000000
51886  -9.647  -30.022  51.785 0.0000000000
51868  -9.629  -29.678  52.527 0.0000000000
75617  -29.332  -10.268  46.045 0.0000000000
75618  -29.702  -9.870  46.124 0.0000000000
74404  -29.885  -9.939  45.605 0.0000000000
75619  -30.345  -9.426  45.881 0.0000000000
76786  -30.840  -8.591  46.454 0.0000000000
64915  -22.776  -18.955  53.843 0.0000000000
55643  -26.393  -27.083  47.491 0.0000000000
82584  -53.437  -4.047  26.794 0.0000000000
82592  -52.719  -4.054  25.623 0.0000000000
83702  -53.788  -3.653  26.667 0.0000000000
84781  -55.564  -2.240  26.884 0.0000000000
66145  -5.173  -19.074  49.947 0.0000000000
64962  -4.883  -19.728  49.394 0.0000000000
63755  -4.336  -20.938  49.389 0.0000000000
78088  -42.889  -7.841  36.964 0.0000000000
79289  -43.471  -7.396  37.134 0.0000000000
79255  -43.369  -6.520  38.802 0.0000000000
76904  -39.859  -8.744  37.040 0.0000000000
75755  -40.174  -9.848  36.581 0.0000000000
76905  -40.613  -8.997  36.894 0.0000000000
75756  -40.732  -9.731  36.485 0.0000000000
76925  -41.441  -9.618  35.986 0.0000000000
61346  -14.100  -23.043  54.425 0.0000000000
59178  -13.952  -23.525  54.240 0.0000000000
61412  -21.897  -22.977  50.384 0.0000000000
73282  -7.129  -13.156  39.050 0.0000000000
71937  -7.228  -13.461  38.387 0.0000000000
71952  -6.615  -13.936  37.955 0.0000000000
70698  -6.293  -13.921  43.592 0.0000000000
69616  -6.923  -14.591  43.632 0.0000000000
67448  -7.072  -16.780  42.278 0.0000000000
58247  -5.976  -25.573  38.691 0.0000000000
58259  -5.761  -25.613  38.291 0.0000000000
58270  -5.667  -25.661  37.907 0.0000000000
62458  -7.730  -21.323  54.739 0.0000000000
51884  -5.588  -30.153  52.312 0.0000000000
53106  -5.593  -29.556  51.146 0.0000000000
53107  -5.888  -29.155  50.843 0.0000000000
53120  -5.367  -30.052  50.565 0.0000000000
51916  -5.244  -30.366  50.126 0.0000000000
70640  -27.136  -14.253  49.152 0.0000000000
73109  -27.681  -12.477  48.256 0.0000000000
62511  -27.586  -21.415  51.778 0.0000000000
62495  -27.438  -21.297  52.236 0.0000000000
61402  -27.707  -22.039  51.553 0.0000000000
60295  -27.769  -22.669  51.240 0.0000000000
56809  -27.656  -24.634  49.566 0.0000000000
56810  -27.984  -24.437  49.274 0.0000000000
81477  -54.162  -5.285  29.637 0.0000000000
79392  -50.630  -7.803  29.204 0.0000000000
80467  -52.002  -6.546  28.477 0.0000000000
80468  -52.676  -6.094  28.937 0.0000000000
79240  -40.322  -6.086  39.606 0.0000000000
80311  -40.149  -5.684  40.019 0.0000000000
80299  -40.265  -5.404  40.627 0.0000000000
80361  -37.585  -6.581  37.448 0.0000000000
79266  -38.358  -7.005  37.695 0.0000000000
78066  -38.568  -7.386  37.400 0.0000000000
56848  -20.712  -25.644  46.394 0.0000000000
74479  -7.321  -11.812  41.427 0.0000000000
74499  -6.036  -11.800  40.845 0.0000000000
62597  -6.742  -21.517  44.424 0.0000000000
62598  -7.260  -21.278  43.579 0.0000000000
60373  -8.327  -22.501  42.709 0.0000000000
55735  -9.452  -26.193  39.824 0.0000000000
56945  -9.219  -25.672  39.906 0.0000000000
55734  -9.070  -26.424  39.601 0.0000000000
56965  -8.222  -26.077  39.378 0.0000000000
55753  -7.063  -27.556  38.602 0.0000000000
54511  -6.618  -28.614  38.389 0.0000000000
53284  -6.640  -29.542  38.741 0.0000000000
56733  -9.014  -26.092  56.026 0.0000000000
55497  -8.765  -26.583  55.663 0.0000000000
54221  -8.534  -27.108  55.439 0.0000000000
50676  -7.679  -29.763  53.716 0.0000000000
50690  -7.455  -30.516  53.085 0.0000000000
50689  -6.888  -30.552  53.105 0.0000000000
50688  -6.476  -30.546  53.019 0.0000000000
50707  -6.570  -30.912  52.694 0.0000000000
49566  -6.445  -31.218  52.391 0.0000000000
81319  -32.744  -5.534  42.653 0.0000000000
82368  -32.722  -4.524  43.380 0.0000000000
76817  -31.732  -8.840  43.683 0.0000000000
76818  -32.252  -8.766  43.013 0.0000000000
78032  -32.606  -8.278  42.696 0.0000000000
78033  -32.864  -8.061  42.293 0.0000000000
78038  -33.055  -8.183  41.784 0.0000000000
81313  -32.646  -6.026  42.994 0.0000000000
63769  -24.281  -21.076  49.976 0.0000000000
62481  -25.662  -21.332  53.804 0.0000000000
63684  -24.597  -20.464  54.309 0.0000000000
61384  -25.822  -22.372  52.644 0.0000000000
60280  -25.960  -23.140  52.582 0.0000000000
55608  -25.186  -26.560  48.745 0.0000000000
55577  -25.227  -25.541  49.627 0.0000000000
55591  -24.725  -26.178  49.281 0.0000000000
55576  -24.439  -25.749  49.655 0.0000000000
55575  -23.900  -25.815  49.783 0.0000000000
56788  -24.083  -25.396  49.831 0.0000000000
56836  -22.200  -26.699  48.391 0.0000000000
82603  -51.937  -4.113  23.714 0.0000000000
68461  -7.308  -16.085  48.747 0.0000000000
69572  -7.508  -15.581  48.324 0.0000000000
68478  -7.132  -17.398  47.486 0.0000000000
67379  -7.112  -18.065  46.641 0.0000000000
66197  -6.296  -19.328  46.460 0.0000000000
64992  -5.760  -20.147  46.372 0.0000000000
63830  -5.489  -20.999  46.146 0.0000000000
61451  -4.579  -22.599  46.785 0.0000000000
60343  -4.972  -23.214  46.478 0.0000000000
58147  -7.725  -24.717  46.018 0.0000000000
56860  -9.194  -26.346  46.835 0.0000000000
80404  -46.242  -5.591  35.042 0.0000000000
78122  -43.189  -8.072  34.916 0.0000000000
78134  -43.705  -7.615  34.289 0.0000000000
59170  -10.774  -24.625  56.049 0.0000000000
57997  -12.543  -25.102  54.711 0.0000000000
57996  -11.945  -25.429  54.987 0.0000000000
55515  -11.578  -26.434  54.511 0.0000000000
55536  -11.255  -27.010  53.734 0.0000000000
54277  -11.282  -27.020  52.812 0.0000000000
58103  -18.865  -24.713  48.123 0.0000000000
58100  -15.313  -24.280  48.602 0.0000000000
58081  -16.211  -23.988  49.340 0.0000000000
58063  -15.730  -23.930  50.323 0.0000000000
58026  -14.383  -24.470  51.938 0.0000000000
58012  -14.449  -24.374  52.581 0.0000000000
55621  -12.011  -27.156  48.425 0.0000000000
54337  -11.555  -27.626  48.876 0.0000000000
54336  -11.273  -28.134  49.127 0.0000000000
76828  -5.197  -10.436  44.048 0.0000000000
70725  -5.112  -14.046  42.293 0.0000000000
71884  -4.612  -13.099  42.759 0.0000000000
70724  -4.598  -13.544  42.321 0.0000000000
71909  -4.554  -13.426  41.188 0.0000000000
68567  -5.547  -15.978  39.508 0.0000000000
63879  -7.809  -20.414  41.583 0.0000000000
63897  -7.938  -20.108  40.407 0.0000000000
62654  -5.913  -22.083  38.221 0.0000000000
62655  -6.352  -21.117  38.432 0.0000000000
57994  -7.171  -25.317  55.115 0.0000000000
57993  -6.534  -25.308  54.676 0.0000000000
56753  -5.196  -25.458  52.553 0.0000000000
58009  -5.093  -24.927  52.428 0.0000000000
60287  -4.673  -23.640  52.442 0.0000000000
60288  -4.629  -23.011  52.522 0.0000000000
60299  -4.515  -23.504  51.717 0.0000000000
58059  -4.959  -24.434  50.094 0.0000000000
58077  -5.748  -25.401  50.136 0.0000000000
53135  -6.273  -28.971  48.874 0.0000000000
54350  -6.716  -28.683  48.709 0.0000000000
54369  -7.493  -28.255  47.482 0.0000000000
54403  -6.975  -29.158  46.131 0.0000000000
46219  -4.094  -35.523  48.314 0.0000000000
47375  -4.044  -34.685  47.838 0.0000000000
47387  -4.310  -34.650  47.052 0.0000000000
47400  -4.752  -34.510  46.408 0.0000000000
66175  -27.783  -18.666  47.713 0.0000000000
67362  -27.517  -18.047  48.266 0.0000000000
69569  -26.955  -15.208  49.508 0.0000000000
61424  -28.097  -22.413  50.318 0.0000000000
62543  -28.169  -21.840  49.815 0.0000000000
63751  -28.149  -21.176  49.208 0.0000000000
64957  -27.732  -19.858  49.321 0.0000000000
64958  -28.057  -20.283  48.681 0.0000000000
66163  -27.991  -19.457  48.090 0.0000000000
64918  -27.018  -19.543  52.623 0.0000000000
66111  -26.957  -18.747  52.823 0.0000000000
63712  -27.478  -20.717  51.986 0.0000000000
62512  -27.754  -21.548  51.272 0.0000000000
79374  -51.956  -7.023  30.598 0.0000000000
80443  -52.418  -6.573  31.527 0.0000000000
78192  -48.615  -8.882  28.714 0.0000000000
78193  -49.362  -8.654  28.829 0.0000000000
78158  -49.168  -8.283  29.998 0.0000000000
78174  -49.526  -8.435  29.449 0.0000000000
78175  -50.065  -8.014  29.534 0.0000000000
79380  -50.639  -7.755  29.895 0.0000000000
81351  -38.436  -5.018  40.215 0.0000000000
82409  -38.198  -4.607  40.653 0.0000000000
83473  -38.473  -3.715  41.774 0.0000000000
83450  -38.244  -3.255  42.238 0.0000000000
78065  -33.265  -7.758  38.872 0.0000000000
79301  -33.391  -7.281  36.480 0.0000000000
79314  -33.633  -7.040  36.006 0.0000000000
80380  -35.259  -6.105  36.700 0.0000000000
81381  -35.404  -4.995  38.681 0.0000000000
81394  -36.286  -5.479  37.971 0.0000000000
81383  -37.248  -5.469  38.668 0.0000000000
59299  -8.556  -23.692  43.505 0.0000000000
58200  -10.517  -25.204  41.753 0.0000000000
56927  -11.277  -26.562  42.331 0.0000000000
56947  -10.990  -25.892  41.134 0.0000000000
56967  -10.486  -26.485  40.323 0.0000000000
54493  -9.156  -28.404  39.094 0.0000000000
53265  -8.461  -29.493  39.210 0.0000000000
53264  -7.427  -29.601  39.139 0.0000000000
52120  -8.112  -30.646  39.548 0.0000000000
50912  -7.681  -31.724  39.929 0.0000000000
50914  -9.744  -30.885  40.287 0.0000000000
49751  -7.156  -32.645  40.288 0.0000000000
53030  -9.663  -27.952  54.645 0.0000000000
53029  -9.286  -27.965  54.812 0.0000000000
53046  -9.215  -28.444  54.403 0.0000000000
51830  -9.043  -28.859  54.111 0.0000000000
50692  -8.597  -29.709  53.544 0.0000000000
51867  -9.171  -29.969  52.827 0.0000000000
50710  -8.612  -30.124  53.073 0.0000000000
50709  -7.969  -30.849  52.595 0.0000000000
80263  -32.235  -6.245  45.592 0.0000000000
70688  -27.357  -14.727  45.160 0.0000000000
70706  -27.625  -13.996  45.163 0.0000000000
73177  -28.411  -11.930  44.351 0.0000000000
73187  -28.539  -11.976  43.415 0.0000000000
73202  -28.809  -11.832  42.784 0.0000000000
73203  -29.412  -11.424  42.459 0.0000000000
74444  -29.922  -10.838  43.375 0.0000000000
74435  -30.754  -10.202  43.269 0.0000000000
75633  -30.791  -9.573  44.509 0.0000000000
75634  -31.299  -9.242  44.065 0.0000000000
78023  -31.869  -7.991  44.430 0.0000000000
63711  -24.193  -20.907  51.867 0.0000000000
56774  -26.820  -24.596  50.804 0.0000000000
56758  -26.757  -24.396  51.167 0.0000000000
55626  -25.899  -26.839  48.159 0.0000000000
55641  -24.810  -27.008  47.319 0.0000000000
82604  -52.592  -3.734  23.524 0.0000000000
82610  -52.832  -3.568  23.018 0.0000000000
83724  -55.006  -2.451  24.093 0.0000000000
66167  -5.811  -18.832  48.109 0.0000000000
66180  -5.486  -19.454  47.749 0.0000000000
63814  -4.367  -21.317  47.225 0.0000000000
63795  -4.286  -21.194  47.612 0.0000000000
62577  -4.255  -21.808  47.303 0.0000000000
61446  -4.309  -22.563  47.353 0.0000000000
59264  -5.027  -24.026  47.482 0.0000000000
79307  -44.674  -6.617  36.384 0.0000000000
79272  -44.456  -6.450  37.648 0.0000000000
74559  -39.892  -10.366  36.506 0.0000000000
74589  -39.557  -11.808  35.790 0.0000000000
76944  -41.893  -9.235  34.825 0.0000000000
76926  -41.877  -9.183  35.703 0.0000000000
76945  -42.525  -8.575  35.236 0.0000000000
61343  -12.638  -22.880  55.031 0.0000000000
61335  -12.817  -23.288  55.282 0.0000000000
59172  -12.768  -24.289  55.256 0.0000000000
60258  -13.357  -23.458  54.903 0.0000000000
59173  -13.279  -23.934  55.058 0.0000000000
59176  -12.925  -24.545  54.904 0.0000000000
56747  -12.746  -25.626  54.017 0.0000000000
56751  -12.712  -25.849  53.437 0.0000000000
58133  -15.942  -24.239  46.562 0.0000000000
58117  -15.665  -24.159  47.575 0.0000000000
58099  -14.396  -24.703  48.442 0.0000000000
56833  -13.814  -25.027  48.789 0.0000000000
56819  -13.828  -24.843  49.661 0.0000000000
56832  -13.169  -25.652  48.293 0.0000000000
74397  -5.675  -11.333  45.492 0.0000000000
74409  -5.379  -11.680  44.654 0.0000000000
71874  -5.244  -13.008  43.420 0.0000000000
70714  -6.047  -14.103  43.115 0.0000000000
70713  -5.669  -13.914  42.953 0.0000000000
60392  -7.057  -23.331  39.205 0.0000000000
61495  -6.238  -22.951  38.755 0.0000000000
61503  -5.791  -23.083  38.456 0.0000000000
61518  -5.635  -22.574  37.712 0.0000000000
61519  -5.659  -22.510  37.242 0.0000000000
64898  -7.732  -19.489  54.856 0.0000000000
63667  -5.820  -21.005  54.600 0.0000000000
54252  -6.237  -27.632  53.754 0.0000000000
54263  -6.010  -27.591  53.334 0.0000000000
55560  -5.518  -27.095  52.530 0.0000000000
56780  -5.617  -26.379  51.403 0.0000000000
56781  -5.925  -26.996  51.285 0.0000000000
55585  -6.242  -27.674  51.142 0.0000000000
54320  -6.367  -28.563  50.167 0.0000000000
54333  -6.112  -29.017  49.917 0.0000000000
53148  -5.716  -29.848  47.814 0.0000000000
53161  -5.890  -30.112  46.893 0.0000000000
69605  -26.996  -15.541  45.693 0.0000000000
67375  -27.474  -17.889  47.476 0.0000000000
67385  -27.363  -17.579  46.797 0.0000000000
68484  -26.992  -16.133  47.060 0.0000000000
69592  -26.908  -15.776  46.259 0.0000000000
69604  -26.978  -15.243  46.122 0.0000000000
71848  -27.564  -13.298  46.093 0.0000000000
71828  -27.713  -12.690  46.410 0.0000000000
73130  -27.956  -11.780  47.603 0.0000000000
75584  -29.284  -9.849  47.984 0.0000000000
62465  -24.994  -20.527  54.471 0.0000000000
61372  -26.399  -21.991  53.035 0.0000000000
59190  -26.729  -22.767  52.437 0.0000000000
63685  -26.342  -19.844  54.006 0.0000000000
62483  -27.248  -21.263  52.683 0.0000000000
62482  -27.007  -21.197  53.103 0.0000000000
61359  -26.781  -21.379  53.281 0.0000000000
60273  -27.145  -22.226  52.664 0.0000000000
59191  -27.076  -22.666  52.403 0.0000000000
58017  -27.110  -23.506  51.748 0.0000000000
56775  -27.116  -24.402  50.907 0.0000000000
55580  -27.069  -25.118  49.687 0.0000000000
54344  -26.855  -25.979  48.195 0.0000000000
55596  -27.644  -25.114  48.876 0.0000000000
54345  -27.214  -26.164  47.798 0.0000000000
79405  -49.524  -7.916  27.702 0.0000000000
79420  -49.107  -7.641  27.066 0.0000000000
79433  -49.154  -6.927  26.120 0.0000000000
81513  -51.558  -5.349  26.054 0.0000000000
81507  -51.885  -5.177  26.549 0.0000000000
81496  -52.538  -5.196  27.516 0.0000000000
82572  -53.008  -4.578  27.166 0.0000000000
82573  -53.560  -4.538  27.753 0.0000000000
82574  -54.299  -4.071  27.936 0.0000000000
78070  -41.065  -7.720  38.353 0.0000000000
79269  -41.648  -7.435  38.556 0.0000000000
79253  -41.497  -6.728  39.276 0.0000000000
79232  -41.021  -5.735  40.560 0.0000000000
81334  -39.525  -4.847  40.911 0.0000000000
82375  -39.876  -4.365  41.874 0.0000000000
76903  -39.176  -8.843  36.456 0.0000000000
76889  -39.330  -8.134  37.293 0.0000000000
78084  -39.937  -8.116  37.818 0.0000000000
56805  -21.196  -26.169  49.686 0.0000000000
58068  -20.798  -25.654  50.211 0.0000000000
58121  -19.964  -25.249  46.791 0.0000000000
58135  -18.269  -24.315  46.315 0.0000000000
73216  -7.385  -12.066  40.933 0.0000000000
71936  -6.414  -13.499  38.771 0.0000000000
70767  -5.610  -14.689  38.456 0.0000000000
66233  -7.857  -18.446  43.876 0.0000000000
61488  -8.325  -22.229  40.279 0.0000000000
60368  -8.684  -23.300  42.901 0.0000000000
60374  -8.809  -22.992  42.010 0.0000000000
58217  -9.406  -24.587  40.751 0.0000000000
60378  -8.739  -23.200  40.576 0.0000000000
61489  -8.473  -22.853  40.252 0.0000000000
60384  -7.807  -23.271  39.584 0.0000000000
59330  -6.380  -24.772  39.192 0.0000000000
59329  -6.083  -25.013  39.221 0.0000000000
56963  -6.461  -25.928  38.881 0.0000000000
58232  -6.205  -25.394  39.022 0.0000000000
57985  -7.640  -24.991  55.517 0.0000000000
57995  -7.706  -25.604  55.393 0.0000000000
53028  -8.733  -28.181  54.834 0.0000000000
53027  -8.227  -28.210  54.952 0.0000000000
51828  -7.875  -29.265  54.190 0.0000000000
51813  -7.593  -28.986  54.392 0.0000000000
53026  -7.561  -28.349  54.706 0.0000000000
53025  -7.204  -28.026  54.622 0.0000000000
54253  -6.549  -27.622  54.188 0.0000000000
53042  -6.447  -28.121  53.918 0.0000000000
51866  -6.229  -30.333  53.086 0.0000000000
83468  -33.895  -3.930  41.472 0.0000000000
83448  -34.472  -2.974  41.779 0.0000000000
83447  -33.818  -3.426  41.971 0.0000000000
84541  -33.777  -2.796  42.545 0.0000000000
83433  -32.776  -3.188  43.713 0.0000000000
69644  -27.478  -15.009  42.515 0.0000000000
75714  -32.479  -9.629  40.449 0.0000000000
76863  -32.987  -8.740  40.928 0.0000000000
79230  -33.461  -7.250  40.866 0.0000000000
81349  -33.635  -5.328  40.661 0.0000000000
62557  -23.714  -21.591  49.275 0.0000000000
61433  -23.636  -22.282  49.549 0.0000000000
61421  -22.473  -22.939  50.075 0.0000000000
56768  -21.773  -25.501  50.441 0.0000000000
64910  -23.327  -19.386  54.206 0.0000000000
63696  -23.884  -20.145  53.520 0.0000000000
62509  -24.170  -20.970  52.320 0.0000000000
62510  -24.638  -21.480  51.992 0.0000000000
58015  -26.408  -23.798  51.758 0.0000000000
58014  -26.056  -23.822  51.634 0.0000000000
59219  -25.771  -23.643  51.468 0.0000000000
60303  -25.446  -22.855  51.400 0.0000000000
61413  -25.096  -22.261  51.143 0.0000000000
60312  -24.926  -23.106  50.434 0.0000000000
59242  -24.685  -23.538  50.347 0.0000000000
59230  -24.075  -23.703  50.103 0.0000000000
56770  -23.450  -25.066  50.018 0.0000000000
83734  -54.137  -2.825  22.116 0.0000000000
84833  -54.856  -2.416  22.515 0.0000000000
84842  -55.318  -2.079  21.892 0.0000000000
88101  -56.268  0.580  20.721 0.0000000000
71819  -6.496  -12.549  45.585 0.0000000000
71840  -6.670  -13.154  45.007 0.0000000000
70699  -7.072  -14.062  44.556 0.0000000000
69617  -7.655  -14.994  44.575 0.0000000000
67409  -8.054  -16.696  44.489 0.0000000000
69578  -7.674  -15.857  47.638 0.0000000000
69588  -7.831  -15.644  46.771 0.0000000000
69600  -7.893  -15.363  45.697 0.0000000000
66234  -8.024  -17.968  44.338 0.0000000000
63844  -6.843  -20.366  44.559 0.0000000000
63850  -6.599  -21.243  44.698 0.0000000000
61468  -6.504  -21.946  44.861 0.0000000000
60361  -7.471  -23.220  44.472 0.0000000000
61457  -5.201  -22.423  46.105 0.0000000000
60359  -6.347  -22.568  45.344 0.0000000000
60360  -6.933  -22.852  44.967 0.0000000000
58167  -10.327  -25.446  44.506 0.0000000000
56889  -10.578  -26.677  44.624 0.0000000000
55687  -10.183  -27.882  44.139 0.0000000000
54421  -9.446  -28.715  44.123 0.0000000000
80416  -48.520  -5.509  33.221 0.0000000000
81447  -48.424  -5.100  33.860 0.0000000000
80328  -42.387  -6.100  39.771 0.0000000000
84558  -34.805  -2.799  41.709 0.0000000000
85738  -35.706  -1.849  42.781 0.0000000000
76980  -41.787  -9.202  32.197 0.0000000000
78143  -43.607  -7.535  31.366 0.0000000000
79344  -45.156  -6.638  32.656 0.0000000000
57981  -9.218  -25.250  56.251 0.0000000000
57988  -9.252  -25.683  56.211 0.0000000000
54224  -9.960  -26.847  55.560 0.0000000000
60246  -11.705  -23.767  55.601 0.0000000000
57990  -10.907  -25.286  56.002 0.0000000000
56737  -11.571  -25.686  55.183 0.0000000000
56736  -11.063  -25.922  55.607 0.0000000000
55500  -10.394  -26.568  55.586 0.0000000000
54241  -10.026  -27.330  55.178 0.0000000000
54264  -10.020  -28.096  54.178 0.0000000000
53063  -10.295  -28.066  53.474 0.0000000000
53078  -10.206  -28.363  53.087 0.0000000000
53092  -10.056  -29.317  52.067 0.0000000000
58051  -20.160  -25.149  50.477 0.0000000000
58029  -19.403  -24.528  50.686 0.0000000000
59213  -19.300  -24.141  50.921 0.0000000000
59197  -18.162  -23.451  51.296 0.0000000000
58118  -16.885  -24.079  47.461 0.0000000000
58064  -16.880  -24.079  49.969 0.0000000000
59240  -17.807  -24.127  50.525 0.0000000000
60276  -18.002  -23.022  51.539 0.0000000000
60269  -17.457  -22.794  51.828 0.0000000000
61367  -17.063  -22.449  52.085 0.0000000000
58003  -13.890  -24.210  53.605 0.0000000000
58006  -13.670  -24.741  53.138 0.0000000000
56802  -13.230  -25.319  50.102 0.0000000000
55574  -12.729  -25.811  50.377 0.0000000000
56782  -12.739  -25.870  51.412 0.0000000000
55550  -12.427  -26.179  52.383 0.0000000000
55561  -11.908  -26.654  51.896 0.0000000000
54307  -10.904  -28.025  51.199 0.0000000000
53110  -10.941  -28.116  50.894 0.0000000000
53122  -10.494  -29.080  49.985 0.0000000000
75676  -5.498  -10.885  42.737 0.0000000000
75639  -5.124  -10.922  44.067 0.0000000000
74440  -4.761  -11.572  43.367 0.0000000000
73196  -4.419  -12.620  42.782 0.0000000000
74455  -4.447  -12.073  42.920 0.0000000000
74477  -5.466  -11.645  41.394 0.0000000000
73237  -5.371  -12.188  40.545 0.0000000000
73260  -4.989  -12.776  40.019 0.0000000000
71921  -4.784  -13.569  40.149 0.0000000000
71922  -5.236  -13.313  39.543 0.0000000000
69686  -5.647  -15.486  38.150 0.0000000000
67474  -6.345  -16.664  40.700 0.0000000000
63909  -7.681  -20.936  39.307 0.0000000000
68579  -5.557  -16.027  38.870 0.0000000000
69685  -5.502  -15.679  38.638 0.0000000000
68591  -5.782  -16.031  37.896 0.0000000000
68606  -6.033  -16.605  37.602 0.0000000000
67528  -6.319  -17.612  37.199 0.0000000000
66318  -6.531  -18.426  36.822 0.0000000000
66340  -5.898  -19.436  36.798 0.0000000000
66341  -6.230  -19.250  36.704 0.0000000000
64932  -4.658  -19.392  51.953 0.0000000000
61337  -7.234  -22.725  55.017 0.0000000000
62449  -6.342  -21.919  54.555 0.0000000000
62457  -5.987  -21.992  54.406 0.0000000000
62456  -5.535  -21.541  54.259 0.0000000000
56744  -5.771  -26.106  54.024 0.0000000000
58005  -5.249  -25.206  53.132 0.0000000000
62469  -5.153  -21.435  53.914 0.0000000000
63688  -4.849  -20.677  53.734 0.0000000000
63702  -4.635  -20.575  52.950 0.0000000000
62500  -4.480  -21.497  52.397 0.0000000000
63719  -4.457  -20.449  51.759 0.0000000000
63736  -4.320  -20.829  50.319 0.0000000000
62533  -4.211  -21.572  49.957 0.0000000000
60319  -4.333  -23.087  49.634 0.0000000000
60328  -4.601  -23.602  48.250 0.0000000000
59265  -5.327  -24.445  47.858 0.0000000000
58127  -5.821  -24.753  47.644 0.0000000000
56799  -5.624  -25.935  50.962 0.0000000000
58061  -5.670  -25.735  50.710 0.0000000000
58078  -6.226  -25.652  49.996 0.0000000000
55602  -7.012  -27.484  49.897 0.0000000000
56816  -6.804  -26.224  50.030 0.0000000000
58096  -6.241  -25.329  49.277 0.0000000000
58113  -6.355  -25.102  48.160 0.0000000000
58114  -7.165  -25.277  47.870 0.0000000000
58115  -8.056  -25.518  47.738 0.0000000000
56845  -8.697  -26.156  47.580 0.0000000000
55654  -8.290  -28.065  46.413 0.0000000000
55655  -9.085  -27.571  46.162 0.0000000000
55671  -9.271  -28.131  44.954 0.0000000000
54434  -9.197  -29.246  43.991 0.0000000000
47350  -4.713  -34.419  49.281 0.0000000000
50780  -4.771  -32.017  49.820 0.0000000000
50798  -4.578  -31.945  49.058 0.0000000000
51966  -4.935  -31.090  47.906 0.0000000000
50820  -4.915  -31.458  47.345 0.0000000000
51990  -5.913  -30.698  46.294 0.0000000000
47401  -5.340  -34.328  45.973 0.0000000000
49700  -5.316  -33.049  46.061 0.0000000000
49701  -5.661  -32.518  45.884 0.0000000000
50852  -5.769  -31.652  45.988 0.0000000000
52016  -6.549  -30.833  45.581 0.0000000000
53203  -7.055  -30.448  45.252 0.0000000000
50879  -7.375  -31.773  44.845 0.0000000000
52065  -7.649  -31.370  44.634 0.0000000000
52041  -7.696  -30.566  44.702 0.0000000000
53218  -8.000  -30.250  44.551 0.0000000000
53234  -9.348  -30.237  43.468 0.0000000000
50895  -9.286  -31.754  42.840 0.0000000000
48603  -7.152  -34.303  41.145 0.0000000000
48586  -7.326  -33.002  44.820 0.0000000000
51848  -8.579  -29.477  53.776 0.0000000000
51885  -9.287  -30.233  52.252 0.0000000000
51991  -6.382  -30.289  45.922 0.0000000000
52015  -6.107  -31.181  45.886 0.0000000000
52142  -9.626  -29.803  39.552 0.0000000000
53190  -7.419  -29.518  45.234 0.0000000000
53250  -10.769  -28.971  41.471 0.0000000000
53266  -9.214  -29.412  39.291 0.0000000000
53286  -9.684  -29.295  39.381 0.0000000000
53287  -10.159  -29.085  39.528 0.0000000000
54329  -26.697  -25.656  48.651 0.0000000000
54342  -25.999  -26.080  48.462 0.0000000000
54343  -26.318  -25.923  48.472 0.0000000000
54376  -26.720  -26.959  47.609 0.0000000000
54436  -10.411  -28.476  43.057 0.0000000000
54471  -11.196  -28.155  41.343 0.0000000000
54512  -6.791  -28.830  38.666 0.0000000000
54514  -9.720  -28.799  39.298 0.0000000000
55589  -23.019  -26.658  49.723 0.0000000000
55594  -26.784  -25.440  49.153 0.0000000000
55610  -26.005  -25.888  48.610 0.0000000000
55611  -27.024  -25.579  48.700 0.0000000000
55612  -27.409  -25.602  48.271 0.0000000000
55627  -26.379  -26.919  47.838 0.0000000000
55656  -9.810  -26.941  45.758 0.0000000000
55758  -11.235  -27.385  40.852 0.0000000000
56731  -10.083  -25.734  56.219 0.0000000000
56734  -9.657  -25.973  56.160 0.0000000000
56757  -26.539  -24.189  51.404 0.0000000000
56792  -27.166  -24.666  50.333 0.0000000000
56808  -27.304  -24.901  49.721 0.0000000000
56817  -7.324  -26.875  49.670 0.0000000000
56890  -10.906  -26.833  43.929 0.0000000000
56907  -11.018  -26.046  42.784 0.0000000000
56946  -10.035  -25.852  40.272 0.0000000000
56948  -11.334  -26.893  41.337 0.0000000000
56966  -8.717  -26.302  39.494 0.0000000000
56968  -11.069  -26.747  40.713 0.0000000000
56969  -11.273  -26.969  40.940 0.0000000000
57983  -10.235  -25.359  56.275 0.0000000000
57989  -10.372  -25.606  56.156 0.0000000000
58008  -14.961  -23.961  52.772 0.0000000000
58010  -5.189  -25.301  52.742 0.0000000000
58036  -26.231  -24.137  51.399 0.0000000000
58037  -27.050  -24.320  51.196 0.0000000000
58039  -27.637  -23.540  50.974 0.0000000000
58069  -27.968  -24.100  49.710 0.0000000000
58146  -6.891  -24.719  46.392 0.0000000000
58184  -10.968  -26.225  43.563 0.0000000000
58219  -10.416  -25.351  40.937 0.0000000000
59162  -9.616  -24.951  56.335 0.0000000000
59164  -10.364  -24.957  56.295 0.0000000000
59183  -15.073  -23.324  53.103 0.0000000000
59184  -5.094  -24.557  53.028 0.0000000000
59189  -17.840  -22.904  51.725 0.0000000000
59192  -27.234  -22.487  52.326 0.0000000000
59194  -4.998  -24.181  53.043 0.0000000000
59203  -27.193  -23.240  51.955 0.0000000000
59218  -25.360  -23.868  50.750 0.0000000000
59239  -17.172  -24.072  50.462 0.0000000000
59241  -24.457  -23.486  50.223 0.0000000000
59250  -4.938  -24.252  49.234 0.0000000000
59260  -5.264  -24.539  48.427 0.0000000000
60240  -7.560  -24.030  55.372 0.0000000000
60248  -13.077  -23.733  55.259 0.0000000000
60259  -13.806  -23.320  54.529 0.0000000000
60270  -18.000  -22.702  51.622 0.0000000000
60274  -4.796  -23.820  52.716 0.0000000000
60281  -26.286  -22.692  52.542 0.0000000000
60292  -25.546  -22.685  52.050 0.0000000000
60293  -25.768  -22.987  52.002 0.0000000000
60294  -27.544  -22.384  51.789 0.0000000000
60300  -21.673  -23.158  50.430 0.0000000000
60302  -23.404  -23.545  50.026 0.0000000000
60304  -25.588  -23.364  51.352 0.0000000000
60385  -8.408  -23.229  39.996 0.0000000000
61344  -13.096  -23.061  55.013 0.0000000000
61373  -26.896  -21.800  53.079 0.0000000000
61374  -27.215  -21.788  52.746 0.0000000000
61445  -4.183  -22.471  47.926 0.0000000000
61494  -5.907  -23.157  38.666 0.0000000000
62462  -13.885  -22.438  54.143 0.0000000000
62468  -26.637  -20.968  53.527 0.0000000000
62480  -25.154  -21.213  53.831 0.0000000000
62542  -24.447  -21.580  50.122 0.0000000000
62558  -24.160  -21.402  49.673 0.0000000000
62560  -29.058  -22.657  47.618 0.0000000000
62578  -4.372  -22.183  46.972 0.0000000000
62604  -8.153  -21.502  42.037 0.0000000000
63663  -6.084  -21.552  54.535 0.0000000000
63676  -5.045  -20.707  54.168 0.0000000000
63687  -27.042  -20.708  52.951 0.0000000000
64927  -27.498  -20.247  51.670 0.0000000000
64948  -27.860  -20.488  49.503 0.0000000000
66166  -5.446  -19.240  48.432 0.0000000000
67309  -27.276  -18.230  51.949 0.0000000000
67322  -27.371  -17.141  51.827 0.0000000000
67428  -7.784  -16.340  43.905 0.0000000000
68470  -7.370  -16.392  48.225 0.0000000000
68495  -26.922  -15.994  46.587 0.0000000000
68519  -7.858  -15.911  44.213 0.0000000000
68550  -6.661  -15.892  42.313 0.0000000000
69563  -7.249  -15.571  49.067 0.0000000000
69615  -6.448  -14.347  43.355 0.0000000000
69632  -7.042  -15.292  43.262 0.0000000000
70700  -7.409  -14.510  44.801 0.0000000000
70731  -4.416  -13.525  42.127 0.0000000000
71761  -27.570  -13.879  52.161 0.0000000000
71858  -6.193  -13.103  44.205 0.0000000000
71873  -4.881  -13.062  43.058 0.0000000000
73095  -27.832  -11.517  49.134 0.0000000000
73169  -4.999  -12.476  43.628 0.0000000000
73189  -29.860  -10.993  42.809 0.0000000000
73213  -4.259  -12.805  42.303 0.0000000000
74403  -29.519  -10.311  45.571 0.0000000000
74424  -4.889  -12.266  43.648 0.0000000000
74501  -7.164  -11.968  40.886 0.0000000000
74560  -40.171  -10.592  36.523 0.0000000000
74574  -39.657  -10.922  36.267 0.0000000000
74591  -41.241  -10.928  35.154 0.0000000000
74592  -41.319  -10.376  34.832 0.0000000000
74604  -41.147  -11.123  34.437 0.0000000000
75787  -41.265  -10.414  35.591 0.0000000000
76888  -32.920  -8.325  38.630 0.0000000000
78054  -39.858  -7.100  38.608 0.0000000000
78067  -38.892  -7.536  37.528 0.0000000000
78096  -33.414  -7.273  37.053 0.0000000000
78160  -50.180  -7.852  29.922 0.0000000000
78215  -49.677  -8.276  28.469 0.0000000000
79213  -32.575  -7.049  42.832 0.0000000000
79219  -32.720  -7.788  42.587 0.0000000000
79268  -39.488  -6.912  38.507 0.0000000000
79372  -50.332  -7.617  30.424 0.0000000000
80272  -32.510  -6.538  43.596 0.0000000000
80280  -32.585  -6.202  43.245 0.0000000000
80281  -32.604  -6.565  42.857 0.0000000000
80287  -32.832  -5.760  42.134 0.0000000000
80289  -40.838  -5.200  41.239 0.0000000000
80290  -40.994  -5.367  41.210 0.0000000000
80341  -37.039  -5.630  38.258 0.0000000000
80487  -50.477  -6.370  26.722 0.0000000000
81320  -32.680  -6.128  42.661 0.0000000000
81321  -39.712  -4.683  41.274 0.0000000000
81322  -39.939  -4.756  41.353 0.0000000000
81335  -40.080  -5.051  40.982 0.0000000000
81336  -40.417  -5.218  40.992 0.0000000000
81367  -36.958  -5.033  39.182 0.0000000000
81369  -38.229  -5.420  39.544 0.0000000000
81448  -48.974  -5.247  33.639 0.0000000000
81506  -51.378  -5.593  26.424 0.0000000000
82406  -35.300  -4.076  40.042 0.0000000000
82426  -37.316  -4.758  39.793 0.0000000000
82435  -36.255  -4.831  39.100 0.0000000000
83471  -37.021  -3.264  41.408 0.0000000000
