#!ascii label  , from subject sub-THP0005 vox2ras=TkReg
731
51873  -18.989  -30.356  53.415 0.0000000000
68457  -33.733  -16.536  50.303 0.0000000000
76819  -38.220  -9.565  45.001 0.0000000000
75708  -46.767  -10.520  41.417 0.0000000000
62545  -34.117  -21.287  50.455 0.0000000000
75651  -42.405  -9.737  43.997 0.0000000000
75820  -50.613  -10.352  33.973 0.0000000000
74663  -55.926  -11.100  31.860 0.0000000000
69550  -37.100  -15.479  51.002 0.0000000000
74367  -38.272  -11.381  49.557 0.0000000000
73112  -35.107  -12.228  48.428 0.0000000000
55507  -20.213  -28.190  56.314 0.0000000000
51811  -24.152  -30.713  56.716 0.0000000000
47267  -28.177  -34.462  56.280 0.0000000000
49551  -31.530  -32.660  55.170 0.0000000000
54287  -33.538  -28.775  53.970 0.0000000000
58022  -35.605  -24.781  53.010 0.0000000000
63717  -36.105  -20.290  52.089 0.0000000000
73117  -42.263  -12.381  47.479 0.0000000000
75869  -57.182  -10.662  30.225 0.0000000000
69535  -35.342  -15.559  51.823 0.0000000000
73072  -35.203  -12.831  51.391 0.0000000000
71786  -33.980  -14.361  48.959 0.0000000000
55543  -20.499  -28.024  54.204 0.0000000000
54219  -22.433  -29.277  56.491 0.0000000000
56759  -32.892  -26.394  53.135 0.0000000000
56761  -34.312  -26.525  53.369 0.0000000000
58019  -33.483  -25.355  53.049 0.0000000000
64959  -33.705  -19.254  50.328 0.0000000000
63715  -33.880  -20.064  53.172 0.0000000000
67311  -34.483  -17.389  51.923 0.0000000000
67326  -36.721  -17.473  51.588 0.0000000000
76774  -37.683  -9.408  48.123 0.0000000000
74394  -40.073  -11.673  47.663 0.0000000000
77986  -40.148  -8.846  47.241 0.0000000000
76855  -44.468  -9.664  42.495 0.0000000000
76811  -44.442  -10.046  44.921 0.0000000000
74453  -46.083  -11.050  43.602 0.0000000000
71907  -45.984  -12.834  41.567 0.0000000000
74596  -53.310  -11.214  35.775 0.0000000000
76931  -50.772  -9.629  36.927 0.0000000000
60316  -34.521  -23.454  50.523 0.0000000000
73278  -43.566  -12.010  39.507 0.0000000000
75839  -54.162  -11.294  33.355 0.0000000000
72011  -55.087  -12.502  34.200 0.0000000000
73465  -56.716  -12.695  28.702 0.0000000000
67377  -37.823  -17.313  48.264 0.0000000000
71777  -37.239  -13.561  50.601 0.0000000000
75571  -36.132  -10.608  50.066 0.0000000000
53054  -19.748  -29.562  55.318 0.0000000000
47274  -24.981  -33.857  55.509 0.0000000000
48384  -25.994  -33.001  56.648 0.0000000000
46151  -27.660  -35.813  54.657 0.0000000000
45080  -29.917  -36.077  54.317 0.0000000000
46156  -31.944  -35.054  54.177 0.0000000000
48437  -33.725  -33.381  53.711 0.0000000000
51863  -32.369  -30.836  54.648 0.0000000000
53104  -36.085  -29.589  52.182 0.0000000000
61387  -33.768  -22.732  53.331 0.0000000000
61390  -35.848  -22.419  52.914 0.0000000000
61418  -37.902  -22.496  50.792 0.0000000000
63735  -38.262  -20.645  50.584 0.0000000000
66155  -38.599  -18.758  49.992 0.0000000000
76792  -42.455  -9.685  46.168 0.0000000000
75775  -47.643  -10.272  37.241 0.0000000000
74518  -47.858  -11.177  39.927 0.0000000000
53068  -18.018  -29.744  54.631 0.0000000000
69548  -34.481  -15.586  51.363 0.0000000000
70606  -34.500  -14.737  51.329 0.0000000000
69560  -33.803  -15.527  50.181 0.0000000000
58055  -33.048  -26.129  52.011 0.0000000000
58018  -33.154  -25.677  52.874 0.0000000000
58041  -33.314  -25.134  52.552 0.0000000000
67339  -33.592  -17.584  50.438 0.0000000000
66131  -33.670  -18.489  51.717 0.0000000000
67325  -34.133  -17.300  51.722 0.0000000000
68436  -34.683  -16.478  51.694 0.0000000000
77984  -39.170  -8.934  47.551 0.0000000000
76805  -38.877  -9.079  45.919 0.0000000000
75707  -45.754  -9.815  41.828 0.0000000000
76845  -45.655  -9.717  43.601 0.0000000000
75694  -46.464  -10.393  42.470 0.0000000000
73211  -45.911  -11.785  42.926 0.0000000000
74497  -46.767  -11.075  41.996 0.0000000000
73365  -52.871  -12.444  35.139 0.0000000000
73328  -52.096  -11.485  36.504 0.0000000000
73363  -51.147  -12.855  35.013 0.0000000000
74660  -53.463  -11.712  31.621 0.0000000000
74639  -55.413  -11.518  32.860 0.0000000000
74620  -55.251  -11.634  33.817 0.0000000000
74621  -55.923  -11.998  33.324 0.0000000000
72053  -55.933  -12.943  33.089 0.0000000000
73408  -56.610  -12.256  31.966 0.0000000000
74706  -57.533  -11.939  29.719 0.0000000000
68468  -37.615  -16.089  49.725 0.0000000000
69571  -37.554  -15.055  49.796 0.0000000000
70619  -37.129  -14.492  50.780 0.0000000000
73096  -34.789  -12.480  49.558 0.0000000000
74350  -35.975  -11.294  50.877 0.0000000000
74375  -35.764  -11.263  48.642 0.0000000000
74376  -36.315  -10.632  48.235 0.0000000000
74390  -35.696  -12.110  47.389 0.0000000000
53055  -20.525  -29.803  55.327 0.0000000000
53019  -20.400  -29.018  56.357 0.0000000000
53022  -23.457  -30.058  56.577 0.0000000000
48393  -27.278  -33.516  56.095 0.0000000000
47258  -26.928  -33.637  56.504 0.0000000000
46132  -26.587  -34.571  56.239 0.0000000000
46134  -27.698  -34.852  56.207 0.0000000000
45078  -28.434  -36.131  54.374 0.0000000000
46143  -29.051  -35.265  55.755 0.0000000000
47280  -32.001  -34.061  54.833 0.0000000000
47290  -32.565  -34.433  54.325 0.0000000000
48421  -32.386  -33.467  54.777 0.0000000000
54273  -32.487  -28.848  54.148 0.0000000000
53074  -32.156  -29.854  54.358 0.0000000000
53088  -33.339  -29.720  54.132 0.0000000000
50722  -33.491  -31.611  53.894 0.0000000000
51882  -34.491  -30.596  53.292 0.0000000000
51883  -35.187  -30.558  52.800 0.0000000000
53090  -34.720  -29.630  53.099 0.0000000000
58021  -35.073  -25.413  53.131 0.0000000000
56777  -35.669  -26.976  52.662 0.0000000000
56778  -36.164  -26.592  52.185 0.0000000000
58044  -36.658  -25.182  51.922 0.0000000000
60306  -33.389  -23.245  52.437 0.0000000000
61415  -33.371  -22.197  52.053 0.0000000000
63701  -34.779  -20.477  53.144 0.0000000000
62497  -34.547  -21.421  53.379 0.0000000000
62515  -36.303  -21.328  52.214 0.0000000000
61405  -36.524  -22.734  51.971 0.0000000000
62530  -37.021  -21.400  51.472 0.0000000000
63734  -37.576  -20.522  51.081 0.0000000000
68449  -36.974  -16.505  51.239 0.0000000000
67328  -38.001  -18.300  50.791 0.0000000000
67340  -37.768  -17.340  50.534 0.0000000000
67354  -38.290  -17.895  49.642 0.0000000000
55541  -18.886  -27.634  54.872 0.0000000000
55519  -18.541  -27.814  56.322 0.0000000000
54230  -18.955  -28.530  56.453 0.0000000000
73113  -37.890  -12.689  48.473 0.0000000000
73134  -38.460  -12.344  47.747 0.0000000000
73116  -41.549  -12.390  47.482 0.0000000000
75650  -41.500  -9.936  44.334 0.0000000000
76822  -41.168  -9.410  45.012 0.0000000000
76809  -42.790  -9.522  45.316 0.0000000000
73180  -44.466  -12.308  44.815 0.0000000000
74408  -43.877  -11.794  45.849 0.0000000000
75743  -50.452  -10.354  37.685 0.0000000000
76910  -49.436  -9.647  37.304 0.0000000000
75741  -48.773  -10.398  38.380 0.0000000000
75740  -47.990  -10.444  38.610 0.0000000000
74535  -48.266  -11.000  39.112 0.0000000000
73258  -47.629  -11.899  40.261 0.0000000000
75867  -55.917  -10.526  30.882 0.0000000000
75853  -56.646  -11.003  31.002 0.0000000000
77004  -56.713  -10.152  30.084 0.0000000000
77019  -57.156  -9.756  29.578 0.0000000000
69536  -35.945  -15.552  51.802 0.0000000000
71752  -36.009  -14.021  51.766 0.0000000000
71750  -34.990  -13.943  51.689 0.0000000000
71776  -34.417  -13.431  50.224 0.0000000000
73111  -34.549  -13.025  48.409 0.0000000000
55521  -20.384  -27.876  55.896 0.0000000000
54232  -21.095  -28.749  56.406 0.0000000000
54262  -23.745  -29.397  56.026 0.0000000000
55546  -33.123  -28.219  54.154 0.0000000000
55557  -33.699  -27.669  53.755 0.0000000000
56760  -33.510  -26.484  53.428 0.0000000000
58020  -34.075  -25.355  53.342 0.0000000000
59206  -34.505  -24.316  53.397 0.0000000000
63752  -33.727  -20.253  50.923 0.0000000000
63732  -33.584  -20.259  51.979 0.0000000000
64939  -33.700  -19.362  52.175 0.0000000000
64929  -34.134  -19.512  52.831 0.0000000000
64931  -35.768  -19.377  52.197 0.0000000000
64940  -36.592  -19.411  51.750 0.0000000000
67312  -35.133  -17.409  52.027 0.0000000000
68438  -35.569  -16.455  51.833 0.0000000000
55552  -18.939  -27.750  53.964 0.0000000000
75573  -37.784  -10.144  49.883 0.0000000000
74377  -38.822  -11.392  48.425 0.0000000000
75575  -39.009  -9.926  48.779 0.0000000000
76760  -40.117  -9.551  47.866 0.0000000000
76761  -40.932  -9.835  47.468 0.0000000000
75672  -43.468  -9.804  42.899 0.0000000000
76824  -43.148  -9.467  44.261 0.0000000000
76844  -44.742  -9.449  43.475 0.0000000000
75653  -45.340  -10.416  44.304 0.0000000000
75807  -52.263  -10.059  35.441 0.0000000000
76965  -51.249  -9.679  35.706 0.0000000000
75792  -52.462  -10.219  36.395 0.0000000000
74551  -51.865  -11.036  37.077 0.0000000000
67363  -33.632  -17.399  48.672 0.0000000000
66164  -33.712  -18.078  49.110 0.0000000000
76820  -39.168  -9.326  44.989 0.0000000000
74472  -42.530  -11.349  42.485 0.0000000000
74473  -43.012  -10.889  42.035 0.0000000000
74496  -44.073  -10.740  41.159 0.0000000000
74516  -45.353  -10.755  40.288 0.0000000000
75837  -52.310  -10.777  33.239 0.0000000000
75809  -54.165  -11.062  34.894 0.0000000000
73349  -54.337  -11.594  34.963 0.0000000000
72009  -53.646  -12.834  34.421 0.0000000000
73426  -56.992  -12.149  31.046 0.0000000000
72109  -56.237  -13.005  30.368 0.0000000000
69577  -37.555  -15.215  49.060 0.0000000000
70643  -37.593  -14.308  49.429 0.0000000000
73086  -37.468  -12.673  50.422 0.0000000000
73074  -36.490  -12.981  51.487 0.0000000000
74351  -36.797  -11.381  50.789 0.0000000000
75558  -37.315  -10.723  50.321 0.0000000000
76756  -37.112  -9.748  49.417 0.0000000000
75605  -36.853  -10.040  47.751 0.0000000000
70657  -33.879  -15.181  47.486 0.0000000000
70658  -34.189  -14.525  47.244 0.0000000000
73166  -35.882  -12.971  45.909 0.0000000000
51836  -19.313  -29.821  54.732 0.0000000000
51837  -20.164  -29.935  54.779 0.0000000000
46161  -26.016  -34.942  54.098 0.0000000000
53057  -24.240  -29.666  55.557 0.0000000000
51812  -24.703  -30.704  56.530 0.0000000000
49529  -25.439  -32.300  56.710 0.0000000000
46149  -25.948  -34.822  55.141 0.0000000000
45095  -30.278  -36.116  53.515 0.0000000000
46165  -31.577  -35.447  53.753 0.0000000000
50686  -31.434  -31.888  54.921 0.0000000000
51862  -31.734  -30.872  54.616 0.0000000000
50703  -32.286  -31.830  54.882 0.0000000000
49565  -33.297  -32.573  54.105 0.0000000000
49581  -34.003  -32.469  53.522 0.0000000000
55559  -35.391  -27.720  52.846 0.0000000000
59234  -33.471  -24.246  52.046 0.0000000000
59205  -33.807  -24.188  53.296 0.0000000000
60284  -34.102  -23.406  53.518 0.0000000000
62496  -33.732  -21.434  53.295 0.0000000000
61388  -34.296  -22.450  53.489 0.0000000000
60286  -35.573  -23.316  53.119 0.0000000000
59223  -36.432  -24.281  52.271 0.0000000000
59235  -37.680  -24.269  51.074 0.0000000000
63754  -39.230  -21.079  49.612 0.0000000000
64942  -38.093  -19.662  50.858 0.0000000000
64950  -38.656  -19.786  50.244 0.0000000000
64961  -39.220  -20.398  49.282 0.0000000000
64970  -38.898  -19.602  48.668 0.0000000000
53036  -18.049  -29.179  55.891 0.0000000000
76806  -39.787  -8.902  45.949 0.0000000000
76777  -41.413  -9.658  47.024 0.0000000000
75592  -42.324  -10.999  47.229 0.0000000000
75623  -43.371  -10.452  45.990 0.0000000000
75609  -43.085  -10.988  46.507 0.0000000000
73139  -43.032  -12.375  47.341 0.0000000000
74532  -44.992  -11.316  39.625 0.0000000000
74533  -45.820  -11.004  39.737 0.0000000000
76948  -49.738  -9.583  35.902 0.0000000000
75790  -47.945  -10.041  35.899 0.0000000000
74562  -46.875  -10.943  37.985 0.0000000000
75729  -47.055  -10.774  39.602 0.0000000000
75709  -47.308  -10.796  40.856 0.0000000000
73235  -47.270  -11.638  40.939 0.0000000000
51872  -17.903  -30.372  53.357 0.0000000000
69547  -34.096  -15.608  50.943 0.0000000000
56794  -33.169  -26.576  51.325 0.0000000000
58040  -33.071  -25.895  52.494 0.0000000000
58056  -33.420  -25.456  51.661 0.0000000000
67324  -33.788  -17.373  51.284 0.0000000000
68446  -33.962  -16.498  51.029 0.0000000000
68447  -34.357  -16.487  51.457 0.0000000000
76804  -38.087  -9.364  46.207 0.0000000000
73364  -51.786  -12.658  35.078 0.0000000000
74686  -55.699  -11.049  31.450 0.0000000000
74640  -55.920  -11.573  32.797 0.0000000000
74641  -56.282  -12.016  32.758 0.0000000000
74664  -56.411  -11.504  31.792 0.0000000000
69561  -37.403  -15.323  50.377 0.0000000000
70608  -36.713  -14.610  51.272 0.0000000000
73097  -35.224  -11.812  49.145 0.0000000000
54231  -19.926  -28.510  56.442 0.0000000000
51810  -23.484  -30.634  56.619 0.0000000000
47266  -27.288  -34.143  56.470 0.0000000000
46142  -28.115  -35.441  55.730 0.0000000000
46135  -28.391  -34.946  56.140 0.0000000000
48408  -31.106  -33.480  55.327 0.0000000000
47279  -31.406  -34.174  55.066 0.0000000000
48409  -31.761  -33.415  55.089 0.0000000000
49552  -32.082  -32.649  55.021 0.0000000000
54274  -32.967  -28.909  54.264 0.0000000000
51881  -33.768  -30.638  53.798 0.0000000000
53089  -33.989  -29.663  53.617 0.0000000000
54288  -34.255  -28.658  53.481 0.0000000000
58042  -35.627  -26.191  52.756 0.0000000000
58043  -36.015  -25.299  52.583 0.0000000000
62529  -33.618  -21.205  51.585 0.0000000000
63716  -35.463  -20.309  52.589 0.0000000000
62514  -35.880  -20.822  52.500 0.0000000000
63733  -36.809  -20.417  51.579 0.0000000000
68458  -37.498  -16.508  50.594 0.0000000000
55520  -19.467  -27.776  56.135 0.0000000000
55530  -18.732  -27.625  55.686 0.0000000000
55506  -19.235  -28.102  56.500 0.0000000000
73099  -38.117  -11.899  49.487 0.0000000000
73114  -38.213  -11.994  48.890 0.0000000000
74380  -41.559  -11.453  47.516 0.0000000000
71800  -42.191  -13.127  47.492 0.0000000000
71801  -42.723  -13.263  47.544 0.0000000000
76823  -42.165  -9.469  44.771 0.0000000000
74548  -49.930  -10.764  37.729 0.0000000000
75742  -49.683  -10.392  37.915 0.0000000000
70592  -35.695  -14.740  51.845 0.0000000000
70591  -35.172  -14.729  51.821 0.0000000000
71775  -34.028  -14.202  49.885 0.0000000000
71763  -34.217  -14.253  50.707 0.0000000000
71787  -34.266  -13.540  49.200 0.0000000000
55532  -20.495  -27.838  55.119 0.0000000000
54261  -23.290  -29.185  55.560 0.0000000000
55566  -32.343  -27.495  53.081 0.0000000000
55556  -32.799  -27.666  53.844 0.0000000000
64949  -33.621  -19.313  51.377 0.0000000000
67310  -33.920  -17.923  51.992 0.0000000000
66120  -33.842  -18.703  52.200 0.0000000000
66121  -34.122  -18.530  52.347 0.0000000000
64930  -34.885  -19.487  52.679 0.0000000000
66122  -34.643  -18.442  52.359 0.0000000000
66123  -35.411  -18.401  52.221 0.0000000000
69534  -34.797  -15.571  51.656 0.0000000000
68437  -35.025  -16.466  51.813 0.0000000000
55553  -19.765  -27.897  53.692 0.0000000000
55542  -19.713  -27.703  54.554 0.0000000000
76744  -38.142  -9.701  49.368 0.0000000000
76745  -38.664  -9.737  48.931 0.0000000000
76758  -38.429  -9.431  48.605 0.0000000000
77985  -39.711  -8.869  47.379 0.0000000000
77970  -39.559  -9.123  47.862 0.0000000000
75590  -40.779  -10.480  47.701 0.0000000000
76854  -43.795  -9.720  42.771 0.0000000000
76843  -43.713  -9.496  43.349 0.0000000000
75673  -46.300  -10.296  43.286 0.0000000000
75654  -45.911  -10.314  43.948 0.0000000000
74438  -45.657  -10.862  44.107 0.0000000000
74437  -45.121  -11.272  44.535 0.0000000000
73210  -45.348  -12.066  43.364 0.0000000000
75793  -53.038  -10.658  35.862 0.0000000000
74581  -52.934  -10.929  36.091 0.0000000000
74564  -50.991  -11.026  37.335 0.0000000000
73256  -43.071  -11.871  40.248 0.0000000000
74514  -43.720  -11.364  40.528 0.0000000000
74515  -44.600  -10.845  40.549 0.0000000000
74531  -44.237  -11.480  39.871 0.0000000000
74637  -53.840  -11.524  32.597 0.0000000000
74636  -52.840  -11.327  32.434 0.0000000000
74635  -51.758  -11.202  32.342 0.0000000000
75838  -53.374  -10.979  33.320 0.0000000000
75822  -52.906  -10.529  34.232 0.0000000000
75823  -53.995  -10.932  34.161 0.0000000000
74608  -54.534  -11.476  34.667 0.0000000000
73367  -54.718  -12.013  34.588 0.0000000000
73366  -53.882  -12.240  34.994 0.0000000000
72010  -54.589  -12.646  34.357 0.0000000000
72030  -54.386  -13.214  33.717 0.0000000000
72031  -55.296  -12.883  33.776 0.0000000000
72071  -55.754  -13.254  32.205 0.0000000000
74665  -56.916  -11.447  30.971 0.0000000000
73446  -57.127  -12.446  29.860 0.0000000000
68487  -37.459  -16.281  47.622 0.0000000000
68477  -37.556  -16.231  48.687 0.0000000000
70631  -37.413  -14.362  50.176 0.0000000000
71788  -37.554  -13.451  49.896 0.0000000000
73062  -35.939  -13.399  51.721 0.0000000000
73063  -36.211  -13.537  51.661 0.0000000000
73073  -35.856  -12.730  51.565 0.0000000000
75557  -36.630  -10.742  50.485 0.0000000000
75572  -36.983  -10.072  49.954 0.0000000000
74391  -36.265  -11.088  47.447 0.0000000000
51857  -19.649  -30.133  54.100 0.0000000000
51821  -21.160  -30.032  55.558 0.0000000000
54218  -21.945  -29.117  56.521 0.0000000000
53010  -22.179  -29.360  56.514 0.0000000000
48416  -24.360  -33.437  54.414 0.0000000000
47286  -24.920  -33.922  54.924 0.0000000000
47299  -25.331  -34.494  53.481 0.0000000000
47287  -25.439  -34.431  54.543 0.0000000000
53058  -24.866  -30.119  55.619 0.0000000000
53041  -24.653  -30.065  55.975 0.0000000000
48383  -25.356  -32.860  56.656 0.0000000000
47256  -25.889  -33.532  56.577 0.0000000000
46141  -27.223  -35.197  55.703 0.0000000000
46140  -26.341  -34.755  55.865 0.0000000000
46150  -26.636  -35.255  54.918 0.0000000000
46163  -27.554  -35.922  53.354 0.0000000000
45079  -29.117  -36.195  54.414 0.0000000000
45093  -28.670  -36.287  53.700 0.0000000000
45094  -29.416  -36.296  53.592 0.0000000000
47288  -31.118  -34.840  54.835 0.0000000000
46154  -30.522  -35.523  54.787 0.0000000000
46155  -31.331  -35.279  54.388 0.0000000000
46164  -30.926  -35.810  54.026 0.0000000000
46166  -32.268  -35.061  53.627 0.0000000000
47291  -33.349  -34.127  53.900 0.0000000000
47301  -33.780  -34.109  53.128 0.0000000000
51844  -31.964  -31.346  54.964 0.0000000000
49564  -32.641  -32.624  54.613 0.0000000000
50704  -32.842  -31.691  54.449 0.0000000000
50723  -34.236  -31.536  53.414 0.0000000000
49582  -34.705  -32.289  53.087 0.0000000000
53103  -35.446  -29.613  52.640 0.0000000000
51899  -35.840  -30.520  52.340 0.0000000000
55558  -34.628  -27.642  53.284 0.0000000000
61403  -33.427  -22.361  52.867 0.0000000000
60296  -33.581  -23.352  53.064 0.0000000000
60283  -33.795  -23.411  53.345 0.0000000000
63714  -33.644  -20.220  52.928 0.0000000000
62513  -33.396  -21.257  52.529 0.0000000000
63699  -33.743  -20.691  53.279 0.0000000000
61389  -35.108  -22.389  53.282 0.0000000000
60297  -36.196  -23.258  52.524 0.0000000000
61417  -37.134  -22.459  51.415 0.0000000000
60307  -37.448  -23.399  51.252 0.0000000000
62532  -38.417  -21.623  50.418 0.0000000000
63753  -38.842  -20.843  50.116 0.0000000000
66132  -36.288  -18.408  51.935 0.0000000000
64941  -37.381  -19.528  51.296 0.0000000000
66133  -37.127  -18.516  51.492 0.0000000000
66144  -38.296  -18.853  50.602 0.0000000000
64960  -38.926  -19.560  49.570 0.0000000000
66165  -38.574  -18.645  49.161 0.0000000000
67364  -37.894  -17.100  49.225 0.0000000000
67365  -38.200  -17.829  48.813 0.0000000000
67378  -38.098  -17.808  48.404 0.0000000000
53037  -19.290  -29.079  56.001 0.0000000000
54248  -18.369  -28.842  56.275 0.0000000000
53053  -18.498  -29.548  55.149 0.0000000000
74378  -39.628  -11.150  48.020 0.0000000000
74392  -39.033  -11.861  47.766 0.0000000000
76841  -39.467  -9.803  44.140 0.0000000000
76808  -41.849  -9.397  45.642 0.0000000000
76791  -41.603  -9.400  46.413 0.0000000000
76778  -41.996  -9.851  46.664 0.0000000000
75607  -41.939  -10.123  46.955 0.0000000000
75608  -42.574  -10.526  46.764 0.0000000000
76810  -43.815  -9.719  45.077 0.0000000000
75637  -44.163  -10.476  45.354 0.0000000000
74407  -43.473  -11.518  46.344 0.0000000000
73154  -43.402  -12.373  46.891 0.0000000000
74396  -43.050  -11.529  46.911 0.0000000000
71836  -43.382  -13.042  47.229 0.0000000000
74544  -45.477  -11.420  39.222 0.0000000000
74545  -45.947  -11.389  38.909 0.0000000000
76950  -51.327  -9.637  36.406 0.0000000000
76964  -50.366  -9.666  35.367 0.0000000000
76909  -48.688  -9.706  37.103 0.0000000000
76928  -48.491  -9.800  36.271 0.0000000000
75776  -48.005  -9.924  36.805 0.0000000000
75789  -47.472  -10.370  36.476 0.0000000000
74578  -47.105  -10.691  37.155 0.0000000000
75757  -47.536  -10.503  37.937 0.0000000000
75720  -47.962  -10.864  39.580 0.0000000000
75730  -47.743  -10.741  39.340 0.0000000000
75719  -47.575  -10.822  40.133 0.0000000000
74517  -47.533  -11.197  40.623 0.0000000000
70590  -34.862  -14.718  51.670 0.0000000000
70605  -34.157  -14.837  50.902 0.0000000000
70618  -33.940  -14.864  50.429 0.0000000000
70630  -33.815  -14.957  49.589 0.0000000000
56776  -32.734  -26.657  52.368 0.0000000000
66143  -33.521  -18.370  50.886 0.0000000000
76787  -37.947  -9.267  47.213 0.0000000000
76775  -38.508  -9.123  47.792 0.0000000000
76788  -38.733  -8.921  46.909 0.0000000000
77999  -39.879  -8.722  46.810 0.0000000000
76864  -45.024  -9.678  42.002 0.0000000000
76856  -45.365  -9.525  42.757 0.0000000000
75693  -46.090  -9.732  42.816 0.0000000000
74454  -46.417  -10.810  43.178 0.0000000000
74475  -46.562  -11.058  42.773 0.0000000000
73212  -46.465  -11.589  42.292 0.0000000000
73234  -46.759  -11.927  41.556 0.0000000000
73347  -53.017  -11.733  35.771 0.0000000000
74595  -52.866  -11.336  36.029 0.0000000000
73346  -52.003  -12.167  35.872 0.0000000000
74661  -54.498  -11.666  31.801 0.0000000000
74638  -54.733  -11.509  32.765 0.0000000000
74619  -54.757  -11.365  33.627 0.0000000000
73380  -55.469  -12.324  33.809 0.0000000000
72032  -55.733  -12.674  33.524 0.0000000000
73381  -56.031  -12.453  33.255 0.0000000000
73395  -56.290  -12.485  32.810 0.0000000000
75870  -57.572  -10.987  29.959 0.0000000000
74687  -57.435  -11.551  30.162 0.0000000000
74707  -57.806  -11.567  29.316 0.0000000000
73447  -57.548  -12.088  29.428 0.0000000000
73085  -34.836  -12.674  50.647 0.0000000000
74336  -35.730  -12.135  51.242 0.0000000000
74349  -35.285  -11.970  50.856 0.0000000000
74365  -35.449  -11.466  49.918 0.0000000000
75586  -35.887  -10.821  49.454 0.0000000000
75587  -36.430  -10.236  49.061 0.0000000000
74406  -36.248  -11.879  46.406 0.0000000000
53038  -20.658  -29.498  55.864 0.0000000000
53039  -21.478  -29.941  56.045 0.0000000000
47263  -25.046  -33.737  55.987 0.0000000000
47265  -26.399  -34.269  56.425 0.0000000000
46133  -26.921  -34.667  56.238 0.0000000000
46152  -28.661  -35.934  55.113 0.0000000000
46153  -29.567  -35.813  55.077 0.0000000000
47289  -31.740  -34.666  54.609 0.0000000000
48422  -33.073  -33.486  54.342 0.0000000000
54272  -32.039  -29.147  54.081 0.0000000000
53075  -32.700  -29.778  54.363 0.0000000000
51864  -33.105  -30.695  54.333 0.0000000000
56762  -35.126  -26.731  53.041 0.0000000000
60315  -33.770  -23.125  51.472 0.0000000000
64920  -34.307  -19.969  53.146 0.0000000000
63700  -33.985  -20.482  53.419 0.0000000000
62498  -35.544  -21.365  52.946 0.0000000000
62499  -36.040  -21.858  52.687 0.0000000000
61404  -36.253  -22.295  52.393 0.0000000000
61416  -36.607  -22.067  51.860 0.0000000000
62531  -37.722  -21.526  50.906 0.0000000000
67327  -37.573  -17.655  51.010 0.0000000000
67341  -38.131  -17.982  50.420 0.0000000000
67353  -37.882  -17.162  50.057 0.0000000000
74379  -40.605  -11.490  47.676 0.0000000000
73136  -40.428  -12.491  47.279 0.0000000000
73115  -40.991  -12.274  47.489 0.0000000000
75649  -40.453  -9.955  44.343 0.0000000000
74423  -44.418  -11.403  45.316 0.0000000000
76912  -50.907  -9.899  37.460 0.0000000000
76911  -50.204  -9.752  37.437 0.0000000000
76891  -49.608  -9.985  37.896 0.0000000000
75759  -48.950  -9.861  37.779 0.0000000000
75758  -48.198  -10.022  37.771 0.0000000000
75731  -48.168  -10.713  39.049 0.0000000000
75851  -56.008  -10.821  31.393 0.0000000000
75852  -56.229  -10.894  31.295 0.0000000000
75868  -56.511  -10.543  30.664 0.0000000000
75884  -57.451  -10.203  29.641 0.0000000000
77020  -57.683  -9.794  29.274 0.0000000000
69549  -36.546  -15.532  51.461 0.0000000000
70607  -36.226  -14.703  51.658 0.0000000000
71751  -35.540  -14.006  51.775 0.0000000000
73061  -35.500  -13.347  51.646 0.0000000000
71764  -34.648  -13.603  51.083 0.0000000000
55508  -21.162  -28.295  56.185 0.0000000000
54234  -23.022  -29.462  56.456 0.0000000000
54235  -23.573  -29.800  56.481 0.0000000000
53023  -24.083  -30.096  56.541 0.0000000000
49550  -30.973  -32.697  55.211 0.0000000000
55545  -32.799  -28.380  54.183 0.0000000000
64928  -33.893  -19.269  52.525 0.0000000000
67313  -35.891  -17.410  51.919 0.0000000000
68448  -36.278  -16.465  51.676 0.0000000000
55531  -19.624  -27.640  55.431 0.0000000000
75560  -38.267  -10.902  49.770 0.0000000000
75574  -38.539  -10.444  49.191 0.0000000000
75588  -39.171  -10.774  48.542 0.0000000000
75589  -39.618  -10.339  48.295 0.0000000000
76759  -39.205  -9.532  48.417 0.0000000000
75652  -42.891  -9.594  43.759 0.0000000000
76842  -43.145  -9.534  43.633 0.0000000000
76825  -44.100  -9.428  44.135 0.0000000000
76826  -44.863  -9.806  44.352 0.0000000000
76827  -45.520  -9.986  44.103 0.0000000000
75638  -44.763  -10.522  44.821 0.0000000000
75821  -51.738  -10.350  34.140 0.0000000000
75806  -51.065  -9.918  34.838 0.0000000000
76966  -51.743  -9.721  36.016 0.0000000000
76933  -51.987  -10.031  36.953 0.0000000000
74580  -52.540  -11.077  36.407 0.0000000000
76914  -52.082  -10.209  37.071 0.0000000000
76913  -51.498  -9.876  37.259 0.0000000000
75744  -50.749  -10.400  37.644 0.0000000000
74563  -50.421  -11.000  37.523 0.0000000000
68467  -33.580  -16.623  49.148 0.0000000000
63771  -34.039  -20.248  49.691 0.0000000000
66154  -33.632  -18.293  49.921 0.0000000000
67352  -33.585  -17.412  49.612 0.0000000000
76839  -38.007  -9.838  44.130 0.0000000000
75667  -38.827  -10.384  43.360 0.0000000000
75669  -40.847  -10.752  43.913 0.0000000000
75670  -41.864  -10.530  43.730 0.0000000000
74451  -42.115  -11.100  43.204 0.0000000000
75671  -42.860  -10.128  43.189 0.0000000000
75690  -42.964  -10.615  42.500 0.0000000000
75691  -43.567  -10.226  42.343 0.0000000000
74495  -43.445  -10.945  41.448 0.0000000000
75705  -43.973  -10.412  41.704 0.0000000000
75706  -44.656  -10.126  41.560 0.0000000000
75716  -45.294  -10.334  40.955 0.0000000000
75717  -46.094  -10.466  40.671 0.0000000000
75836  -51.182  -10.748  33.183 0.0000000000
75808  -53.427  -10.660  35.066 0.0000000000
75794  -53.684  -10.992  35.428 0.0000000000
75824  -54.611  -11.273  34.306 0.0000000000
74597  -54.066  -11.331  35.215 0.0000000000
73348  -53.953  -11.663  35.249 0.0000000000
72008  -52.517  -12.977  34.365 0.0000000000
72052  -55.106  -13.367  32.950 0.0000000000
73409  -56.781  -11.835  31.482 0.0000000000
72088  -56.698  -12.476  31.210 0.0000000000
72110  -56.718  -12.583  30.813 0.0000000000
70659  -37.579  -14.338  48.488 0.0000000000
71798  -37.669  -13.428  48.962 0.0000000000
73098  -37.863  -12.439  49.569 0.0000000000
74366  -38.040  -11.825  49.795 0.0000000000
71765  -36.399  -13.890  51.507 0.0000000000
71766  -36.852  -13.692  51.144 0.0000000000
73075  -37.109  -12.843  51.016 0.0000000000
74337  -36.313  -12.036  51.305 0.0000000000
74338  -37.024  -12.127  51.119 0.0000000000
74339  -37.318  -12.282  50.781 0.0000000000
74352  -37.670  -11.636  50.330 0.0000000000
74353  -38.100  -11.141  49.999 0.0000000000
76743  -37.482  -9.786  49.624 0.0000000000
76757  -37.667  -9.587  49.038 0.0000000000
76773  -37.111  -9.703  48.716 0.0000000000
75636  -37.474  -9.981  45.548 0.0000000000
69570  -33.708  -15.787  49.414 0.0000000000
71796  -33.954  -14.499  48.389 0.0000000000
70642  -33.964  -14.634  47.950 0.0000000000
71797  -34.198  -13.933  48.112 0.0000000000
73131  -34.550  -13.390  47.758 0.0000000000
73132  -34.996  -12.950  47.497 0.0000000000
73149  -35.553  -12.948  46.607 0.0000000000
74405  -35.889  -12.387  46.662 0.0000000000
75648  -37.586  -10.158  44.393 0.0000000000
51874  -20.033  -30.613  53.337 0.0000000000
53020  -21.786  -29.576  56.410 0.0000000000
53040  -24.206  -29.789  56.192 0.0000000000
53024  -24.582  -30.255  56.299 0.0000000000
50666  -24.956  -31.451  56.732 0.0000000000
47276  -25.963  -34.422  56.157 0.0000000000
47275  -25.577  -34.332  55.596 0.0000000000
45092  -28.090  -36.133  53.842 0.0000000000
45081  -30.442  -35.966  54.210 0.0000000000
47300  -32.994  -34.664  53.467 0.0000000000
50685  -30.947  -32.104  54.902 0.0000000000
51843  -31.724  -31.499  54.919 0.0000000000
50687  -31.823  -31.952  55.063 0.0000000000
48438  -34.574  -33.185  53.015 0.0000000000
54289  -35.027  -28.650  52.964 0.0000000000
54302  -35.732  -28.652  52.524 0.0000000000
54303  -36.297  -28.609  52.026 0.0000000000
59222  -33.448  -24.236  52.809 0.0000000000
59207  -35.277  -24.233  53.229 0.0000000000
60285  -34.801  -23.354  53.394 0.0000000000
59208  -35.920  -24.202  52.887 0.0000000000
59224  -37.039  -24.288  51.649 0.0000000000
60298  -36.752  -23.430  51.828 0.0000000000
66134  -37.838  -18.732  51.069 0.0000000000
78014  -40.310  -8.814  46.464 0.0000000000
76807  -40.810  -9.088  46.002 0.0000000000
78015  -40.622  -8.887  46.560 0.0000000000
76790  -40.939  -9.075  46.747 0.0000000000
75591  -41.754  -10.537  47.314 0.0000000000
74381  -42.222  -11.493  47.397 0.0000000000
75622  -42.913  -10.025  46.217 0.0000000000
74395  -42.643  -11.500  47.222 0.0000000000
73118  -42.766  -12.725  47.470 0.0000000000
73279  -44.370  -11.835  39.161 0.0000000000
75805  -50.057  -9.964  34.599 0.0000000000
75804  -49.230  -9.977  34.541 0.0000000000
75803  -48.529  -9.971  34.795 0.0000000000
76929  -49.180  -9.607  36.488 0.0000000000
76946  -48.379  -9.886  35.772 0.0000000000
75802  -47.843  -10.111  35.079 0.0000000000
74577  -46.401  -11.342  37.076 0.0000000000
74561  -46.282  -11.471  38.146 0.0000000000
75739  -47.335  -10.718  38.744 0.0000000000
74546  -46.648  -11.023  38.812 0.0000000000
74534  -46.398  -10.978  39.427 0.0000000000
75718  -46.942  -10.668  40.498 0.0000000000
74498  -47.170  -11.144  41.282 0.0000000000
73257  -47.062  -12.181  40.846 0.0000000000
71908  -46.605  -12.661  41.034 0.0000000000
46139  -25.935  -34.698  55.584 0.0000000000
53011  -22.488  -29.551  56.495 0.0000000000
53056  -23.741  -29.458  55.035 0.0000000000
53072  -24.848  -29.963  55.055 0.0000000000
54220  -22.730  -29.486  56.495 0.0000000000
64919  -34.045  -19.974  53.249 0.0000000000
68476  -33.618  -16.653  48.202 0.0000000000
72054  -56.207  -12.771  32.875 0.0000000000
72072  -56.242  -12.780  32.446 0.0000000000
73133  -37.943  -12.793  47.872 0.0000000000
73137  -41.232  -12.735  47.397 0.0000000000
73138  -42.599  -12.101  47.422 0.0000000000
73195  -45.598  -11.660  43.567 0.0000000000
73299  -49.982  -11.109  37.577 0.0000000000
73329  -52.642  -11.412  36.173 0.0000000000
73382  -56.222  -12.274  33.032 0.0000000000
73394  -56.155  -12.680  33.056 0.0000000000
73425  -56.669  -12.393  31.444 0.0000000000
74364  -35.038  -12.092  50.302 0.0000000000
74393  -39.562  -11.742  47.719 0.0000000000
74452  -45.540  -11.378  43.975 0.0000000000
74474  -46.300  -11.168  43.148 0.0000000000
74549  -50.703  -10.709  37.520 0.0000000000
74550  -51.172  -11.067  37.459 0.0000000000
74565  -51.604  -11.009  37.133 0.0000000000
74566  -52.105  -10.957  36.815 0.0000000000
74622  -56.131  -12.128  33.165 0.0000000000
74688  -57.670  -11.178  29.757 0.0000000000
75559  -37.979  -10.781  49.999 0.0000000000
75674  -46.521  -10.600  42.962 0.0000000000
75692  -44.158  -10.069  42.017 0.0000000000
75728  -46.484  -10.772  40.015 0.0000000000
75745  -51.365  -10.643  37.278 0.0000000000
75760  -51.281  -10.285  37.350 0.0000000000
75761  -51.696  -10.495  37.119 0.0000000000
75777  -52.175  -10.499  36.777 0.0000000000
75778  -52.632  -10.656  36.304 0.0000000000
75791  -48.286  -9.931  35.403 0.0000000000
76742  -37.195  -9.844  49.700 0.0000000000
76776  -40.586  -9.181  47.313 0.0000000000
76789  -39.334  -8.825  46.543 0.0000000000
76793  -43.105  -9.786  45.795 0.0000000000
76865  -45.177  -9.593  42.271 0.0000000000
76892  -50.351  -10.096  37.788 0.0000000000
76893  -50.924  -10.181  37.594 0.0000000000
76894  -51.019  -9.870  37.638 0.0000000000
76930  -49.987  -9.533  36.741 0.0000000000
76932  -51.457  -9.802  36.987 0.0000000000
76947  -48.870  -9.769  35.576 0.0000000000
76949  -50.582  -9.545  36.181 0.0000000000
76951  -51.953  -9.829  36.427 0.0000000000
76962  -49.016  -9.838  34.985 0.0000000000
76963  -49.527  -9.753  35.133 0.0000000000
77969  -39.002  -9.198  48.083 0.0000000000
77971  -40.046  -9.023  47.595 0.0000000000
77998  -39.371  -8.773  47.057 0.0000000000
78000  -40.434  -8.827  46.888 0.0000000000
