#!ascii label  , from subject sub-THP0005 vox2ras=TkReg
1563
99553  -39.893  12.235  12.496 0.0000000000
93330  -54.882  6.386  0.993 0.0000000000
103636  -48.295  17.338  13.506 0.0000000000
97025  -49.753  9.217  8.453 0.0000000000
95987  -50.002  8.292  16.149 0.0000000000
98756  -45.710  11.225  0.324 0.0000000000
102091  -54.168  15.460  -0.436 0.0000000000
105207  -47.641  19.482  5.385 0.0000000000
93124  -41.483  5.630  20.324 0.0000000000
97906  -43.466  10.371  8.667 0.0000000000
95154  -46.460  7.862  3.844 0.0000000000
100386  -43.111  13.722  6.105 0.0000000000
104416  -52.914  19.192  13.952 0.0000000000
101178  -53.245  14.866  7.140 0.0000000000
103715  -55.721  16.806  7.305 0.0000000000
103759  -50.510  16.687  2.937 0.0000000000
105185  -51.625  19.647  8.254 0.0000000000
93360  -50.796  5.722  -1.849 0.0000000000
99480  -40.293  12.278  18.361 0.0000000000
101960  -43.313  15.219  13.336 0.0000000000
97855  -55.962  10.104  12.042 0.0000000000
96995  -49.389  10.238  11.682 0.0000000000
96017  -44.700  8.172  12.416 0.0000000000
93193  -43.149  3.964  15.549 0.0000000000
95221  -50.417  7.847  -0.638 0.0000000000
97165  -48.839  9.231  -4.711 0.0000000000
102023  -48.024  15.689  6.292 0.0000000000
101279  -50.527  14.275  0.016 0.0000000000
100523  -48.802  12.241  -6.243 0.0000000000
102118  -47.790  15.586  -4.018 0.0000000000
104544  -45.515  18.054  -1.142 0.0000000000
98681  -41.125  11.196  10.023 0.0000000000
97927  -42.390  11.066  6.936 0.0000000000
100376  -41.161  13.395  8.630 0.0000000000
105871  -54.175  20.642  13.435 0.0000000000
103690  -55.492  17.295  11.272 0.0000000000
105169  -54.976  19.304  10.736 0.0000000000
104470  -53.230  18.477  8.063 0.0000000000
93339  -52.634  6.034  0.085 0.0000000000
101123  -38.116  14.375  15.790 0.0000000000
101096  -41.540  14.464  17.820 0.0000000000
95106  -50.269  7.934  12.855 0.0000000000
96982  -47.078  9.094  11.750 0.0000000000
94170  -47.777  5.984  13.237 0.0000000000
93137  -42.661  4.643  18.162 0.0000000000
95078  -38.049  6.899  14.758 0.0000000000
96935  -36.972  9.161  16.571 0.0000000000
95965  -34.913  8.111  16.344 0.0000000000
96093  -51.755  7.925  5.345 0.0000000000
96136  -45.534  8.811  2.142 0.0000000000
95193  -48.766  7.509  1.368 0.0000000000
96182  -47.792  8.065  -0.418 0.0000000000
96214  -49.776  7.799  -2.580 0.0000000000
97994  -46.926  10.618  -2.296 0.0000000000
101963  -45.695  16.453  13.358 0.0000000000
102808  -45.533  17.105  9.486 0.0000000000
103695  -48.283  17.523  9.910 0.0000000000
101241  -54.547  14.515  3.440 0.0000000000
101239  -52.371  14.136  3.294 0.0000000000
101293  -53.326  13.901  -0.553 0.0000000000
100493  -49.973  13.414  -4.161 0.0000000000
101319  -52.162  14.472  -3.923 0.0000000000
101329  -48.781  14.418  -5.378 0.0000000000
102950  -51.322  15.715  -2.841 0.0000000000
103746  -48.468  17.835  4.423 0.0000000000
103776  -48.078  16.874  0.675 0.0000000000
103764  -46.706  17.996  2.402 0.0000000000
105256  -43.951  19.071  -0.118 0.0000000000
105223  -45.660  19.421  3.196 0.0000000000
97022  -46.066  9.574  8.211 0.0000000000
96073  -48.038  8.255  6.210 0.0000000000
97058  -44.633  9.115  6.223 0.0000000000
97943  -43.963  10.728  4.182 0.0000000000
99600  -44.648  12.514  3.388 0.0000000000
104414  -50.761  18.425  13.731 0.0000000000
103697  -50.152  17.505  9.953 0.0000000000
102801  -53.239  16.960  10.477 0.0000000000
102016  -55.757  15.421  7.440 0.0000000000
102893  -55.605  15.912  3.328 0.0000000000
102903  -53.188  16.349  1.366 0.0000000000
103750  -53.439  16.964  4.713 0.0000000000
104490  -51.148  18.076  6.071 0.0000000000
105189  -49.711  19.791  7.030 0.0000000000
92360  -49.260  5.007  -2.751 0.0000000000
99529  -40.919  12.064  16.280 0.0000000000
100365  -41.013  13.953  13.195 0.0000000000
100346  -42.329  13.470  16.136 0.0000000000
101109  -44.415  14.263  16.700 0.0000000000
101910  -46.918  15.696  16.983 0.0000000000
103600  -45.710  17.603  15.950 0.0000000000
103578  -48.962  17.357  17.279 0.0000000000
97011  -52.369  9.755  9.965 0.0000000000
98667  -52.329  11.052  11.858 0.0000000000
98684  -49.226  10.777  9.885 0.0000000000
97879  -46.987  10.518  10.215 0.0000000000
97861  -44.614  10.074  11.104 0.0000000000
95958  -48.567  8.572  17.795 0.0000000000
95012  -44.704  8.124  20.370 0.0000000000
93141  -45.719  6.573  18.005 0.0000000000
93196  -46.782  5.449  15.409 0.0000000000
94167  -44.476  5.650  12.791 0.0000000000
97831  -41.221  10.068  14.198 0.0000000000
97136  -55.707  9.167  0.519 0.0000000000
96109  -50.332  7.652  3.904 0.0000000000
96139  -51.664  7.950  1.670 0.0000000000
96204  -53.126  8.347  -0.939 0.0000000000
95248  -51.727  7.492  -2.155 0.0000000000
94307  -50.630  6.597  -4.244 0.0000000000
94314  -49.190  7.181  -5.523 0.0000000000
101985  -42.730  15.433  8.925 0.0000000000
102036  -45.074  15.059  5.690 0.0000000000
100412  -46.617  13.705  2.804 0.0000000000
102025  -50.169  15.374  6.332 0.0000000000
101236  -48.803  14.316  2.763 0.0000000000
100441  -47.656  13.439  0.089 0.0000000000
99653  -47.830  12.503  -2.906 0.0000000000
98017  -49.414  10.439  -6.096 0.0000000000
96236  -47.530  8.617  -5.514 0.0000000000
102923  -49.396  16.473  -1.030 0.0000000000
102945  -46.268  16.521  -2.536 0.0000000000
101299  -43.882  14.593  -1.342 0.0000000000
102082  -43.657  16.266  0.230 0.0000000000
102898  -42.468  16.760  1.471 0.0000000000
98670  -40.650  11.387  10.937 0.0000000000
99560  -40.753  12.002  9.417 0.0000000000
100369  -40.373  13.277  10.759 0.0000000000
105163  -55.060  19.528  11.690 0.0000000000
105900  -54.293  19.863  10.156 0.0000000000
93340  -53.817  6.574  -0.039 0.0000000000
95084  -50.552  7.898  14.572 0.0000000000
94180  -48.996  6.863  12.842 0.0000000000
94159  -49.323  6.786  14.504 0.0000000000
93201  -37.469  6.043  15.041 0.0000000000
95066  -36.347  7.452  15.581 0.0000000000
96044  -51.521  8.697  8.138 0.0000000000
96058  -49.982  8.408  7.341 0.0000000000
97966  -45.472  10.672  1.280 0.0000000000
96167  -46.447  8.774  0.375 0.0000000000
97133  -46.266  9.622  -0.264 0.0000000000
96197  -46.979  9.236  -1.429 0.0000000000
98766  -46.392  11.527  -0.885 0.0000000000
102776  -46.945  16.835  13.543 0.0000000000
103649  -46.609  17.396  11.700 0.0000000000
103665  -47.720  17.531  11.492 0.0000000000
101269  -54.868  14.863  1.829 0.0000000000
101268  -53.941  14.346  1.510 0.0000000000
101294  -54.112  14.338  -0.668 0.0000000000
100485  -53.357  13.968  -3.225 0.0000000000
102124  -53.524  14.778  -3.167 0.0000000000
102122  -51.755  15.159  -3.816 0.0000000000
102100  -53.183  15.668  -1.776 0.0000000000
104498  -48.189  18.280  4.738 0.0000000000
103756  -47.486  17.864  3.423 0.0000000000
104506  -47.207  18.290  3.717 0.0000000000
104513  -45.758  18.728  2.216 0.0000000000
105215  -46.591  19.418  4.368 0.0000000000
97908  -45.613  9.978  8.882 0.0000000000
97042  -45.368  9.269  7.402 0.0000000000
97041  -44.163  9.684  7.613 0.0000000000
99582  -42.550  12.568  6.170 0.0000000000
97935  -43.198  10.667  5.842 0.0000000000
99591  -43.550  12.516  4.895 0.0000000000
98725  -44.149  11.602  3.721 0.0000000000
100402  -44.011  13.195  4.665 0.0000000000
104415  -51.823  18.911  13.848 0.0000000000
104441  -51.992  18.340  12.193 0.0000000000
104443  -53.611  18.143  12.701 0.0000000000
103710  -56.117  16.836  9.224 0.0000000000
101990  -55.911  16.092  9.383 0.0000000000
102840  -56.091  16.367  7.961 0.0000000000
102042  -56.130  15.507  5.317 0.0000000000
102854  -55.548  16.473  5.494 0.0000000000
102867  -54.760  16.680  4.403 0.0000000000
103737  -54.366  16.979  5.340 0.0000000000
105186  -52.439  19.253  8.441 0.0000000000
103721  -52.509  18.014  6.701 0.0000000000
104468  -51.652  18.724  7.308 0.0000000000
104477  -50.287  18.708  6.536 0.0000000000
105184  -50.866  19.910  7.979 0.0000000000
93359  -49.981  5.341  -1.510 0.0000000000
98597  -41.053  11.919  17.385 0.0000000000
100345  -41.418  12.738  16.211 0.0000000000
99516  -41.800  12.634  17.797 0.0000000000
101906  -42.752  15.278  17.610 0.0000000000
101098  -43.465  14.278  17.854 0.0000000000
101907  -43.827  15.091  17.795 0.0000000000
101110  -45.307  14.770  16.594 0.0000000000
102716  -45.577  16.039  17.421 0.0000000000
104412  -44.950  18.638  14.273 0.0000000000
104370  -47.161  18.037  16.477 0.0000000000
104382  -48.043  18.516  16.598 0.0000000000
104365  -49.509  18.421  17.198 0.0000000000
105827  -49.261  19.613  16.009 0.0000000000
97013  -54.679  9.476  9.660 0.0000000000
97887  -54.762  9.933  11.111 0.0000000000
98655  -52.554  11.041  12.658 0.0000000000
97867  -50.686  10.746  11.663 0.0000000000
98675  -50.453  11.132  10.648 0.0000000000
98663  -48.916  10.840  10.640 0.0000000000
97880  -47.854  10.725  10.076 0.0000000000
97864  -47.959  10.604  10.855 0.0000000000
96018  -45.692  8.180  12.077 0.0000000000
96991  -45.362  9.598  11.540 0.0000000000
96990  -44.414  9.551  11.755 0.0000000000
94075  -42.726  6.858  20.541 0.0000000000
93139  -44.417  5.531  18.053 0.0000000000
93158  -45.050  5.424  17.257 0.0000000000
93160  -46.638  6.516  17.205 0.0000000000
92174  -45.410  4.788  15.672 0.0000000000
94144  -45.594  4.720  13.776 0.0000000000
93208  -44.230  4.341  13.910 0.0000000000
96939  -40.735  10.083  15.920 0.0000000000
96952  -39.921  9.318  15.770 0.0000000000
97112  -56.431  8.948  2.040 0.0000000000
96088  -46.818  8.089  5.280 0.0000000000
96090  -48.583  7.832  5.371 0.0000000000
95157  -48.586  7.529  3.808 0.0000000000
95206  -49.146  7.554  0.445 0.0000000000
95181  -50.334  7.648  1.851 0.0000000000
95208  -51.072  8.112  -0.091 0.0000000000
96171  -52.870  8.618  0.033 0.0000000000
96185  -51.970  8.419  -1.035 0.0000000000
95238  -52.896  7.927  -1.270 0.0000000000
96201  -51.046  7.941  -1.637 0.0000000000
96226  -48.801  8.672  -3.988 0.0000000000
95259  -50.424  7.518  -3.781 0.0000000000
95269  -49.941  7.502  -4.701 0.0000000000
94306  -50.142  6.651  -4.763 0.0000000000
95277  -49.482  7.708  -5.404 0.0000000000
101156  -42.313  15.062  11.989 0.0000000000
101163  -42.122  15.137  10.713 0.0000000000
101978  -43.112  15.765  11.331 0.0000000000
102835  -46.802  16.512  7.707 0.0000000000
102006  -45.375  15.916  7.125 0.0000000000
102038  -46.529  15.330  5.580 0.0000000000
101219  -46.392  14.382  4.157 0.0000000000
101220  -47.434  14.535  4.106 0.0000000000
102827  -52.345  16.248  8.755 0.0000000000
102825  -50.294  16.703  8.503 0.0000000000
102027  -51.883  15.018  6.817 0.0000000000
101265  -50.674  14.237  0.984 0.0000000000
101238  -51.138  14.244  3.081 0.0000000000
101250  -49.548  14.245  1.706 0.0000000000
100422  -48.456  14.056  1.422 0.0000000000
100433  -49.024  14.178  0.258 0.0000000000
99644  -47.519  12.957  -1.618 0.0000000000
100466  -48.753  13.702  -1.769 0.0000000000
100505  -49.862  13.016  -5.056 0.0000000000
99670  -49.089  12.069  -5.150 0.0000000000
98805  -49.100  11.260  -6.334 0.0000000000
97181  -48.419  9.885  -6.451 0.0000000000
98015  -47.853  10.646  -6.503 0.0000000000
97171  -46.551  9.586  -5.093 0.0000000000
98794  -47.073  11.477  -5.806 0.0000000000
102131  -48.257  15.059  -4.792 0.0000000000
100503  -46.985  13.276  -5.283 0.0000000000
102888  -51.186  16.593  2.063 0.0000000000
102913  -50.824  16.394  0.041 0.0000000000
102900  -50.111  16.541  0.874 0.0000000000
103792  -46.385  17.739  -0.381 0.0000000000
103793  -47.059  17.384  -0.885 0.0000000000
103808  -45.860  17.086  -2.005 0.0000000000
102098  -45.495  16.126  -1.994 0.0000000000
102932  -44.869  16.867  -1.245 0.0000000000
101288  -43.770  14.989  -0.799 0.0000000000
102921  -44.449  16.918  -0.618 0.0000000000
105241  -43.521  19.361  0.959 0.0000000000
104529  -43.326  18.309  0.312 0.0000000000
104521  -42.507  18.255  1.268 0.0000000000
103772  -41.746  17.587  2.142 0.0000000000
97893  -42.781  10.535  9.547 0.0000000000
97919  -43.151  10.280  7.756 0.0000000000
98694  -41.629  11.549  8.039 0.0000000000
99566  -41.701  12.490  7.400 0.0000000000
101175  -42.029  13.895  7.615 0.0000000000
103656  -54.800  17.968  12.738 0.0000000000
105153  -55.156  18.766  12.672 0.0000000000
104453  -55.611  17.886  10.776 0.0000000000
104465  -55.350  17.910  9.227 0.0000000000
103708  -54.698  17.827  8.173 0.0000000000
104458  -54.401  18.592  9.330 0.0000000000
105179  -53.756  19.228  9.462 0.0000000000
93351  -51.654  5.940  -0.916 0.0000000000
101093  -38.947  13.498  17.374 0.0000000000
101086  -40.733  13.625  18.197 0.0000000000
101106  -39.805  14.574  16.853 0.0000000000
96985  -50.448  9.456  12.279 0.0000000000
96983  -48.149  9.278  11.882 0.0000000000
96021  -48.848  8.475  12.164 0.0000000000
95103  -47.393  7.363  12.210 0.0000000000
95102  -46.345  7.290  12.165 0.0000000000
94095  -41.855  4.567  18.607 0.0000000000
93154  -41.418  3.695  16.920 0.0000000000
95069  -38.793  8.096  14.948 0.0000000000
96950  -38.410  8.992  15.839 0.0000000000
95982  -37.744  8.230  15.398 0.0000000000
96934  -36.002  8.988  16.542 0.0000000000
96137  -46.046  8.189  2.758 0.0000000000
95178  -47.548  7.527  2.463 0.0000000000
96152  -46.445  8.190  1.652 0.0000000000
95205  -48.201  7.647  0.609 0.0000000000
96183  -48.707  7.756  -0.651 0.0000000000
96200  -50.213  7.793  -1.791 0.0000000000
96199  -49.006  7.798  -1.513 0.0000000000
97150  -47.494  9.338  -2.576 0.0000000000
97158  -47.655  9.613  -3.354 0.0000000000
101962  -44.992  16.201  13.097 0.0000000000
101979  -44.133  16.390  11.207 0.0000000000
102794  -45.639  17.189  11.318 0.0000000000
103693  -46.470  17.369  9.666 0.0000000000
102836  -47.791  16.557  7.646 0.0000000000
101209  -54.579  14.523  5.138 0.0000000000
101207  -52.105  14.446  5.324 0.0000000000
101240  -53.543  14.228  3.388 0.0000000000
101267  -52.915  14.090  1.351 0.0000000000
101291  -51.256  14.095  -0.739 0.0000000000
100468  -50.466  13.876  -2.171 0.0000000000
100469  -51.528  13.953  -2.299 0.0000000000
100494  -51.055  13.938  -3.995 0.0000000000
101341  -49.994  13.703  -5.268 0.0000000000
101339  -48.339  13.666  -5.694 0.0000000000
101330  -49.759  14.378  -5.207 0.0000000000
102120  -49.761  15.501  -4.043 0.0000000000
102959  -49.108  15.721  -3.685 0.0000000000
103758  -49.434  16.971  3.416 0.0000000000
102886  -49.560  16.587  1.611 0.0000000000
103766  -48.528  16.935  2.139 0.0000000000
103775  -47.322  17.371  1.390 0.0000000000
104532  -45.766  18.177  0.075 0.0000000000
104537  -44.384  18.704  -0.416 0.0000000000
104531  -44.957  18.783  0.461 0.0000000000
105243  -44.840  19.097  1.395 0.0000000000
105233  -44.536  19.464  2.014 0.0000000000
97024  -48.503  9.648  8.701 0.0000000000
96057  -49.001  8.361  6.929 0.0000000000
97043  -46.556  9.183  7.373 0.0000000000
96071  -46.370  8.382  5.965 0.0000000000
96087  -45.942  8.297  5.173 0.0000000000
97057  -43.555  9.881  6.514 0.0000000000
97073  -44.380  9.359  4.943 0.0000000000
96103  -44.814  8.994  4.186 0.0000000000
97096  -44.637  9.767  3.043 0.0000000000
97959  -45.146  10.705  2.017 0.0000000000
98741  -45.383  11.538  1.697 0.0000000000
103637  -49.036  17.589  13.520 0.0000000000
103667  -49.594  17.834  11.747 0.0000000000
103668  -50.712  18.124  11.883 0.0000000000
103699  -52.297  17.290  10.378 0.0000000000
102828  -53.441  16.018  9.016 0.0000000000
103689  -54.637  16.995  11.479 0.0000000000
101988  -54.543  15.772  9.263 0.0000000000
102015  -54.700  14.956  7.716 0.0000000000
101210  -55.508  14.693  4.977 0.0000000000
102066  -55.556  15.426  3.090 0.0000000000
102074  -54.694  15.712  1.174 0.0000000000
102927  -53.560  15.984  -0.261 0.0000000000
102904  -54.173  16.201  1.632 0.0000000000
102876  -52.664  16.602  3.099 0.0000000000
102864  -52.032  16.760  3.839 0.0000000000
103722  -53.929  17.392  6.531 0.0000000000
103749  -52.265  17.065  4.706 0.0000000000
103748  -50.777  16.978  4.295 0.0000000000
103734  -50.120  17.779  5.294 0.0000000000
104488  -49.271  18.409  5.639 0.0000000000
105198  -48.661  19.601  6.265 0.0000000000
99543  -39.955  12.000  14.285 0.0000000000
100367  -40.171  13.208  11.924 0.0000000000
100356  -40.544  13.020  14.345 0.0000000000
101138  -41.804  13.900  14.576 0.0000000000
101139  -42.628  14.309  14.718 0.0000000000
100305  -42.424  13.663  18.105 0.0000000000
101108  -43.703  13.891  16.601 0.0000000000
101140  -43.725  14.864  14.517 0.0000000000
101934  -45.140  15.092  15.270 0.0000000000
101935  -45.932  15.518  15.411 0.0000000000
101937  -47.627  16.243  15.496 0.0000000000
103584  -44.345  17.076  15.985 0.0000000000
102727  -46.143  16.795  17.152 0.0000000000
102718  -47.914  16.420  17.182 0.0000000000
102730  -48.902  16.879  16.324 0.0000000000
103603  -49.740  17.763  15.536 0.0000000000
104384  -50.638  18.488  15.677 0.0000000000
105104  -51.970  19.493  15.802 0.0000000000
97028  -53.019  9.093  9.085 0.0000000000
97026  -50.857  9.238  8.721 0.0000000000
98657  -54.334  11.158  13.184 0.0000000000
97870  -54.357  10.424  11.806 0.0000000000
97885  -52.325  10.473  10.719 0.0000000000
97901  -50.710  10.391  9.768 0.0000000000
97008  -49.290  9.911  9.165 0.0000000000
97910  -47.611  10.020  9.108 0.0000000000
97896  -46.267  10.370  9.572 0.0000000000
97895  -45.218  10.364  9.532 0.0000000000
96992  -46.381  9.671  11.387 0.0000000000
97862  -45.651  10.131  10.947 0.0000000000
97876  -43.787  10.312  10.416 0.0000000000
97875  -42.756  10.329  10.603 0.0000000000
95924  -45.869  8.974  20.468 0.0000000000
94083  -44.216  6.785  19.529 0.0000000000
94084  -44.922  7.124  19.278 0.0000000000
95021  -46.341  8.174  19.235 0.0000000000
95031  -47.439  8.119  18.250 0.0000000000
94130  -47.598  6.830  16.804 0.0000000000
94146  -48.545  6.814  15.777 0.0000000000
93211  -47.709  5.782  14.708 0.0000000000
93221  -46.061  5.496  12.907 0.0000000000
95100  -44.577  7.109  12.539 0.0000000000
97837  -40.739  10.602  13.754 0.0000000000
98634  -40.469  11.218  15.033 0.0000000000
97790  -40.444  10.987  17.052 0.0000000000
98595  -40.061  11.445  17.942 0.0000000000
99478  -38.340  12.143  18.273 0.0000000000
95184  -56.981  7.764  2.734 0.0000000000
95183  -56.761  7.877  1.961 0.0000000000
95211  -55.748  8.026  0.149 0.0000000000
96075  -49.807  7.996  6.219 0.0000000000
96092  -50.646  7.817  5.211 0.0000000000
95168  -48.958  7.505  2.987 0.0000000000
96123  -50.796  7.728  2.545 0.0000000000
96140  -52.615  8.317  2.190 0.0000000000
96172  -53.669  8.868  0.507 0.0000000000
96188  -55.058  8.949  -0.230 0.0000000000
94271  -54.742  7.452  -0.344 0.0000000000
94281  -53.273  7.628  -1.109 0.0000000000
93362  -52.325  6.835  -1.749 0.0000000000
93361  -51.684  6.483  -2.048 0.0000000000
96215  -50.673  7.690  -2.501 0.0000000000
94299  -51.202  6.925  -3.464 0.0000000000
93370  -50.806  6.086  -3.062 0.0000000000
93377  -49.987  5.380  -3.831 0.0000000000
94297  -48.944  5.838  -4.469 0.0000000000
94296  -48.172  6.338  -4.273 0.0000000000
101165  -40.811  14.093  10.767 0.0000000000
101170  -42.117  14.762  8.592 0.0000000000
102004  -43.269  14.936  7.317 0.0000000000
101987  -44.140  16.313  8.872 0.0000000000
102005  -44.260  15.699  7.468 0.0000000000
101185  -44.192  14.730  5.961 0.0000000000
101218  -45.428  14.281  4.461 0.0000000000
100411  -45.839  13.396  3.195 0.0000000000
99620  -46.304  12.904  1.331 0.0000000000
103696  -49.148  17.541  9.962 0.0000000000
102824  -49.135  16.965  8.533 0.0000000000
102024  -49.059  15.617  6.314 0.0000000000
101223  -51.493  14.330  4.229 0.0000000000
101206  -50.612  14.773  5.346 0.0000000000
101205  -49.230  14.822  4.909 0.0000000000
101235  -47.650  14.259  3.262 0.0000000000
100421  -47.619  13.835  1.644 0.0000000000
99628  -46.450  12.642  0.520 0.0000000000
99643  -46.846  12.290  -1.247 0.0000000000
98008  -48.203  10.405  -4.507 0.0000000000
100492  -49.270  13.187  -3.614 0.0000000000
99669  -48.744  11.856  -4.808 0.0000000000
97173  -49.093  9.523  -5.358 0.0000000000
95276  -49.012  7.837  -5.814 0.0000000000
96237  -48.041  8.011  -5.845 0.0000000000
99677  -46.894  12.279  -5.523 0.0000000000
102925  -51.618  16.235  -0.850 0.0000000000
102937  -50.045  16.205  -1.972 0.0000000000
102947  -48.108  16.379  -2.566 0.0000000000
102911  -48.741  16.591  -0.171 0.0000000000
102935  -48.014  16.710  -1.788 0.0000000000
102956  -46.730  16.233  -3.018 0.0000000000
102106  -45.733  15.638  -2.622 0.0000000000
101300  -44.624  14.591  -2.045 0.0000000000
100476  -42.921  13.352  -1.990 0.0000000000
103790  -43.661  17.680  0.148 0.0000000000
102909  -43.008  16.768  1.026 0.0000000000
105921  -47.970  20.842  6.214 0.0000000000
105941  -46.962  19.867  5.079 0.0000000000
105940  -46.336  20.342  4.657 0.0000000000
105951  -45.286  20.071  3.569 0.0000000000
105949  -43.709  20.310  3.239 0.0000000000
98660  -40.532  11.161  11.932 0.0000000000
99556  -40.176  12.139  11.181 0.0000000000
95988  -50.640  8.624  15.733 0.0000000000
95072  -50.508  8.131  15.175 0.0000000000
95071  -49.818  7.604  15.444 0.0000000000
94147  -49.091  6.903  15.280 0.0000000000
93187  -37.115  5.697  15.306 0.0000000000
96043  -50.511  8.711  8.030 0.0000000000
96059  -51.155  8.346  7.277 0.0000000000
96042  -49.954  8.728  7.982 0.0000000000
97972  -45.725  10.586  0.417 0.0000000000
97132  -45.954  9.686  0.360 0.0000000000
97981  -45.759  11.027  0.050 0.0000000000
97982  -46.070  10.611  -0.415 0.0000000000
98757  -45.957  11.679  0.027 0.0000000000
102777  -47.572  17.056  13.635 0.0000000000
103651  -47.751  17.353  12.624 0.0000000000
102092  -54.606  14.952  -0.096 0.0000000000
101283  -54.375  14.671  0.620 0.0000000000
102102  -54.405  14.807  -1.058 0.0000000000
101304  -54.220  14.540  -1.954 0.0000000000
102101  -53.992  15.251  -1.474 0.0000000000
102111  -53.024  15.389  -2.782 0.0000000000
105217  -47.853  18.889  5.124 0.0000000000
104497  -47.560  18.474  4.385 0.0000000000
105216  -47.331  18.919  4.641 0.0000000000
105225  -46.832  18.844  4.108 0.0000000000
97907  -44.482  10.027  8.613 0.0000000000
97020  -44.542  9.761  8.161 0.0000000000
97920  -43.788  10.049  8.184 0.0000000000
100394  -42.902  13.189  5.892 0.0000000000
99583  -43.012  12.512  5.578 0.0000000000
100395  -43.580  13.580  5.426 0.0000000000
104399  -52.549  19.331  14.593 0.0000000000
104434  -52.887  18.704  13.111 0.0000000000
103709  -55.681  17.332  8.660 0.0000000000
102829  -56.118  16.572  8.755 0.0000000000
102844  -55.759  16.431  6.229 0.0000000000
103724  -55.754  16.574  6.660 0.0000000000
103738  -55.105  16.747  5.533 0.0000000000
103723  -55.213  16.853  6.315 0.0000000000
105192  -51.886  19.081  7.863 0.0000000000
105191  -51.215  19.251  7.642 0.0000000000
93338  -51.398  5.569  0.200 0.0000000000
93350  -50.576  5.473  -0.720 0.0000000000
99494  -40.591  11.929  18.098 0.0000000000
99515  -41.483  12.289  17.265 0.0000000000
99495  -41.104  12.249  17.964 0.0000000000
102713  -42.952  15.729  17.199 0.0000000000
102714  -43.512  15.761  17.250 0.0000000000
102715  -44.523  15.878  17.371 0.0000000000
105114  -47.951  19.123  15.392 0.0000000000
105102  -48.392  19.015  16.084 0.0000000000
97872  -55.963  9.837  11.292 0.0000000000
97888  -55.629  9.822  11.009 0.0000000000
97871  -55.352  10.138  11.663 0.0000000000
98664  -49.761  11.063  11.005 0.0000000000
97865  -49.091  10.636  11.236 0.0000000000
96994  -48.543  10.082  11.556 0.0000000000
96980  -45.075  8.977  12.063 0.0000000000
96979  -44.160  9.017  12.305 0.0000000000
92157  -43.628  4.616  17.215 0.0000000000
92172  -43.849  4.282  16.151 0.0000000000
93177  -45.130  5.128  16.629 0.0000000000
92173  -44.902  4.745  16.155 0.0000000000
92183  -44.641  4.222  15.049 0.0000000000
92182  -43.778  4.010  15.009 0.0000000000
95985  -40.380  8.775  15.121 0.0000000000
96142  -54.295  8.868  2.840 0.0000000000
96106  -47.284  7.772  4.613 0.0000000000
95155  -46.929  7.679  3.915 0.0000000000
95207  -50.094  7.659  0.190 0.0000000000
96170  -51.969  8.454  -0.311 0.0000000000
95222  -51.028  8.161  -0.884 0.0000000000
96184  -51.398  8.218  -1.179 0.0000000000
95236  -51.022  8.107  -1.207 0.0000000000
96239  -49.606  8.152  -4.475 0.0000000000
96248  -49.560  8.132  -5.102 0.0000000000
96238  -49.250  8.712  -4.930 0.0000000000
101969  -43.212  15.409  12.660 0.0000000000
102008  -47.423  16.091  6.997 0.0000000000
102007  -46.412  16.016  7.056 0.0000000000
102022  -46.997  15.702  6.294 0.0000000000
101203  -47.006  14.974  4.819 0.0000000000
102039  -47.551  15.330  5.565 0.0000000000
102013  -52.567  15.196  7.381 0.0000000000
101996  -51.942  15.868  7.996 0.0000000000
101264  -49.741  14.247  0.653 0.0000000000
101278  -49.691  14.289  -0.173 0.0000000000
100451  -48.590  13.835  -0.962 0.0000000000
100452  -49.395  14.033  -1.210 0.0000000000
100516  -49.472  12.880  -5.656 0.0000000000
99680  -49.203  11.967  -5.989 0.0000000000
99688  -48.918  11.844  -6.309 0.0000000000
98023  -48.468  10.686  -6.638 0.0000000000
98803  -48.157  11.318  -6.570 0.0000000000
98795  -47.621  11.391  -6.283 0.0000000000
99686  -47.952  11.866  -6.345 0.0000000000
101327  -46.629  14.311  -4.502 0.0000000000
102129  -46.726  14.964  -4.207 0.0000000000
102117  -46.619  15.480  -3.620 0.0000000000
102901  -51.070  16.506  1.018 0.0000000000
102887  -50.347  16.565  1.713 0.0000000000
104545  -45.769  17.930  -1.151 0.0000000000
103801  -46.141  17.672  -1.386 0.0000000000
103800  -45.305  17.572  -1.474 0.0000000000
102933  -45.386  16.670  -1.742 0.0000000000
102089  -44.594  16.309  -0.918 0.0000000000
103799  -44.683  17.755  -0.919 0.0000000000
105240  -42.796  18.935  1.017 0.0000000000
98687  -41.821  11.050  9.083 0.0000000000
99562  -40.629  12.595  9.446 0.0000000000
98693  -41.212  12.045  8.465 0.0000000000
99565  -41.302  12.540  8.153 0.0000000000
100378  -41.625  13.304  7.835 0.0000000000
104418  -54.538  19.175  13.463 0.0000000000
105152  -54.850  19.474  12.880 0.0000000000
105170  -55.386  18.669  11.269 0.0000000000
104452  -55.272  18.472  10.383 0.0000000000
104460  -55.552  17.815  9.799 0.0000000000
104459  -55.064  18.321  9.595 0.0000000000
104464  -54.813  18.155  8.824 0.0000000000
105180  -54.652  18.944  9.967 0.0000000000
105178  -52.897  19.712  9.146 0.0000000000
93329  -53.681  5.949  1.107 0.0000000000
101105  -38.853  14.052  16.737 0.0000000000
101094  -39.622  13.863  17.505 0.0000000000
96023  -50.953  8.693  13.020 0.0000000000
96022  -49.940  8.568  12.351 0.0000000000
95105  -49.468  7.629  12.583 0.0000000000
94179  -48.078  6.624  12.699 0.0000000000
95104  -48.439  7.519  12.338 0.0000000000
94178  -46.999  6.333  12.663 0.0000000000
94153  -39.533  6.003  14.107 0.0000000000
95079  -39.058  7.370  14.521 0.0000000000
95068  -38.243  7.765  14.978 0.0000000000
95967  -36.452  8.422  15.968 0.0000000000
95966  -35.644  8.301  16.170 0.0000000000
95177  -46.774  7.727  2.559 0.0000000000
96168  -47.221  7.913  0.850 0.0000000000
95219  -48.643  7.681  -0.115 0.0000000000
97149  -46.989  9.710  -1.923 0.0000000000
96198  -47.661  8.669  -1.859 0.0000000000
96212  -48.033  8.868  -3.077 0.0000000000
97157  -47.266  9.956  -2.650 0.0000000000
102781  -45.289  16.753  12.101 0.0000000000
102774  -45.661  16.652  12.814 0.0000000000
103682  -47.604  17.566  10.617 0.0000000000
103681  -46.803  17.527  10.526 0.0000000000
103694  -47.439  17.491  9.791 0.0000000000
103704  -47.327  17.285  8.996 0.0000000000
102823  -48.074  16.999  8.342 0.0000000000
101225  -53.987  14.383  4.306 0.0000000000
101282  -53.627  14.151  0.421 0.0000000000
101281  -52.630  13.981  0.312 0.0000000000
101292  -52.382  13.916  -0.785 0.0000000000
101303  -51.811  13.945  -1.477 0.0000000000
100470  -52.802  13.803  -2.039 0.0000000000
101311  -52.878  14.147  -3.598 0.0000000000
100484  -52.080  14.137  -3.316 0.0000000000
100495  -51.562  14.218  -4.017 0.0000000000
100506  -50.489  13.767  -4.660 0.0000000000
101332  -51.225  14.275  -4.343 0.0000000000
101331  -50.545  14.282  -4.782 0.0000000000
102134  -51.200  14.737  -4.339 0.0000000000
102109  -51.187  15.565  -3.387 0.0000000000
102121  -50.823  15.335  -4.062 0.0000000000
102108  -50.386  15.635  -3.488 0.0000000000
102949  -50.628  15.807  -2.796 0.0000000000
103757  -48.128  17.661  3.747 0.0000000000
103765  -47.208  17.768  2.727 0.0000000000
103774  -46.618  17.867  1.855 0.0000000000
103783  -46.482  17.736  0.716 0.0000000000
104523  -45.926  18.277  1.218 0.0000000000
105234  -45.444  19.070  2.354 0.0000000000
105961  -44.942  19.709  2.836 0.0000000000
97023  -47.217  9.628  8.237 0.0000000000
97059  -45.873  8.784  6.619 0.0000000000
96070  -45.550  8.574  5.847 0.0000000000
97918  -42.334  10.898  7.445 0.0000000000
97040  -43.373  10.059  7.168 0.0000000000
97928  -42.791  10.617  6.776 0.0000000000
97942  -43.597  10.731  4.983 0.0000000000
97072  -43.754  9.850  5.498 0.0000000000
97084  -43.961  10.056  4.698 0.0000000000
97085  -44.362  9.808  3.990 0.0000000000
96120  -44.715  9.304  3.599 0.0000000000
98732  -44.587  11.535  3.004 0.0000000000
98733  -45.007  11.508  2.368 0.0000000000
99610  -44.948  12.171  2.745 0.0000000000
103638  -49.868  17.965  13.670 0.0000000000
103653  -49.703  17.888  12.713 0.0000000000
103639  -50.468  18.263  13.222 0.0000000000
103687  -52.594  17.551  11.039 0.0000000000
103669  -51.856  18.035  11.602 0.0000000000
102813  -52.624  16.722  9.646 0.0000000000
102814  -53.860  16.330  9.880 0.0000000000
103672  -54.825  17.470  12.170 0.0000000000
102803  -55.243  16.607  10.759 0.0000000000
102000  -55.999  15.934  8.743 0.0000000000
101989  -55.477  15.834  9.395 0.0000000000
101999  -55.231  15.348  8.579 0.0000000000
101180  -55.013  14.765  6.794 0.0000000000
101181  -55.718  14.977  6.419 0.0000000000
102880  -55.841  16.058  4.109 0.0000000000
101228  -55.993  15.198  4.141 0.0000000000
102065  -55.336  15.692  2.565 0.0000000000
102905  -54.936  16.010  2.032 0.0000000000
102892  -55.131  16.204  2.901 0.0000000000
102866  -53.943  16.650  4.074 0.0000000000
102877  -53.680  16.565  3.229 0.0000000000
102865  -52.990  16.741  3.949 0.0000000000
103707  -54.237  18.147  8.322 0.0000000000
103713  -53.634  18.058  7.648 0.0000000000
103720  -51.780  18.032  6.311 0.0000000000
103735  -51.491  17.742  5.731 0.0000000000
104489  -50.604  18.154  5.978 0.0000000000
105200  -49.860  19.194  6.734 0.0000000000
104476  -49.651  18.859  6.369 0.0000000000
105209  -48.856  19.021  6.035 0.0000000000
105199  -49.274  19.253  6.444 0.0000000000
92347  -49.490  5.027  -0.890 0.0000000000
92359  -48.678  4.949  -2.522 0.0000000000
99536  -40.454  11.988  15.308 0.0000000000
99544  -40.255  12.366  14.609 0.0000000000
100349  -40.716  12.724  15.286 0.0000000000
100350  -41.377  13.418  15.161 0.0000000000
100351  -42.170  13.833  15.259 0.0000000000
101126  -42.771  13.945  15.647 0.0000000000
101087  -41.341  13.873  18.149 0.0000000000
100304  -41.794  13.420  18.243 0.0000000000
101088  -42.131  14.135  18.154 0.0000000000
101099  -44.248  14.396  17.540 0.0000000000
100318  -43.611  13.894  17.539 0.0000000000
101127  -43.597  14.221  15.753 0.0000000000
101128  -44.656  14.637  15.665 0.0000000000
101141  -44.571  15.036  14.850 0.0000000000
101909  -45.864  15.339  17.237 0.0000000000
101919  -46.093  15.262  16.449 0.0000000000
101920  -46.884  15.652  16.165 0.0000000000
101936  -46.909  16.190  15.219 0.0000000000
104378  -45.134  18.093  15.026 0.0000000000
103598  -43.922  17.259  15.520 0.0000000000
103599  -44.825  17.609  15.475 0.0000000000
103585  -45.010  17.074  16.270 0.0000000000
103586  -45.854  17.181  16.608 0.0000000000
103577  -47.837  17.358  17.318 0.0000000000
103576  -47.074  17.170  17.293 0.0000000000
102729  -48.216  16.293  16.502 0.0000000000
103589  -49.003  17.101  16.825 0.0000000000
102731  -49.339  17.297  15.966 0.0000000000
103590  -49.514  17.533  16.534 0.0000000000
105095  -50.326  19.246  16.764 0.0000000000
103580  -50.223  18.430  16.848 0.0000000000
104374  -50.777  18.872  16.476 0.0000000000
104385  -51.451  19.082  15.772 0.0000000000
105096  -51.513  19.773  16.269 0.0000000000
97014  -55.686  9.627  9.545 0.0000000000
97012  -53.580  9.433  9.807 0.0000000000
97027  -51.916  9.166  8.973 0.0000000000
97010  -51.275  9.767  9.474 0.0000000000
98656  -53.422  11.206  12.840 0.0000000000
98668  -52.963  11.136  12.278 0.0000000000
97853  -53.978  10.922  12.427 0.0000000000
97869  -53.178  10.812  11.739 0.0000000000
97868  -52.452  10.884  11.397 0.0000000000
98674  -49.563  11.006  10.313 0.0000000000
97884  -51.114  10.754  10.362 0.0000000000
97882  -49.674  10.901  9.925 0.0000000000
97900  -49.726  10.489  9.636 0.0000000000
97899  -48.761  10.373  9.561 0.0000000000
97007  -48.831  9.956  9.191 0.0000000000
97897  -47.215  10.420  9.578 0.0000000000
97878  -45.949  10.472  10.274 0.0000000000
96993  -47.460  9.877  11.414 0.0000000000
97877  -44.886  10.417  10.332 0.0000000000
97860  -43.556  9.961  11.336 0.0000000000
95922  -44.254  8.523  21.076 0.0000000000
95923  -45.145  8.773  20.778 0.0000000000
96881  -45.596  9.164  20.961 0.0000000000
95013  -45.273  8.327  20.195 0.0000000000
94096  -42.925  5.380  19.057 0.0000000000
93140  -45.261  6.192  18.040 0.0000000000
94098  -44.723  6.427  18.783 0.0000000000
94099  -45.559  6.985  18.574 0.0000000000
95020  -45.604  7.859  19.485 0.0000000000
95029  -46.022  7.482  18.707 0.0000000000
95030  -46.725  7.802  18.492 0.0000000000
94100  -46.182  7.242  18.277 0.0000000000
93179  -46.863  6.164  16.548 0.0000000000
94129  -47.014  6.695  17.153 0.0000000000
93180  -47.470  6.391  16.302 0.0000000000
94131  -48.214  6.988  16.423 0.0000000000
93197  -47.480  6.077  15.756 0.0000000000
94157  -48.045  6.293  15.434 0.0000000000
94155  -45.051  4.651  13.538 0.0000000000
93209  -46.132  5.012  13.605 0.0000000000
94156  -45.489  5.132  13.099 0.0000000000
94176  -45.175  6.478  12.510 0.0000000000
96963  -41.289  9.466  14.599 0.0000000000
96968  -41.790  9.442  13.714 0.0000000000
97838  -41.342  10.103  13.376 0.0000000000
98645  -40.351  11.166  14.220 0.0000000000
97830  -40.749  10.610  14.621 0.0000000000
96938  -40.362  9.954  16.211 0.0000000000
97809  -40.643  10.642  16.236 0.0000000000
96936  -38.133  9.357  16.397 0.0000000000
96917  -37.442  9.887  17.211 0.0000000000
97766  -37.488  10.951  18.075 0.0000000000
98579  -38.696  11.621  18.315 0.0000000000
99477  -37.754  12.111  18.021 0.0000000000
99492  -38.075  12.490  17.837 0.0000000000
95170  -57.186  7.552  3.476 0.0000000000
96128  -57.046  8.547  3.200 0.0000000000
97123  -55.887  9.146  1.249 0.0000000000
96159  -56.509  8.540  1.546 0.0000000000
96175  -56.292  8.550  0.918 0.0000000000
95198  -56.384  7.899  1.048 0.0000000000
96174  -56.100  8.900  0.440 0.0000000000
96056  -48.450  8.359  6.646 0.0000000000
96074  -48.898  8.062  6.124 0.0000000000
96108  -49.114  7.625  4.451 0.0000000000
96091  -49.561  7.791  5.231 0.0000000000
95179  -48.410  7.481  2.285 0.0000000000
95167  -48.082  7.446  3.132 0.0000000000
95182  -50.995  7.751  1.417 0.0000000000
96138  -50.950  7.747  1.892 0.0000000000
96156  -53.635  8.737  1.533 0.0000000000
96155  -52.778  8.425  1.043 0.0000000000
96186  -52.734  8.508  -0.726 0.0000000000
96187  -53.913  8.844  -0.452 0.0000000000
95224  -54.774  8.175  -0.533 0.0000000000
95223  -53.690  8.119  -0.912 0.0000000000
94270  -53.949  7.392  -0.650 0.0000000000
95237  -52.248  7.729  -1.659 0.0000000000
94280  -52.626  7.292  -1.542 0.0000000000
94290  -52.070  7.278  -2.025 0.0000000000
94289  -51.649  6.974  -2.684 0.0000000000
95260  -50.881  7.116  -3.814 0.0000000000
94308  -50.913  6.815  -3.911 0.0000000000
94288  -51.220  6.623  -3.200 0.0000000000
94298  -50.925  6.508  -3.714 0.0000000000
93378  -50.545  6.042  -4.073 0.0000000000
94305  -49.291  6.344  -4.989 0.0000000000
93381  -49.444  5.697  -4.412 0.0000000000
94304  -48.638  7.014  -5.333 0.0000000000
101154  -40.679  13.829  12.480 0.0000000000
101161  -40.719  13.994  11.613 0.0000000000
101167  -42.015  15.042  9.552 0.0000000000
101173  -42.299  14.452  7.855 0.0000000000
101993  -42.707  15.038  8.047 0.0000000000
102799  -44.777  16.870  10.266 0.0000000000
102798  -44.206  16.546  10.295 0.0000000000
102807  -44.466  16.595  9.376 0.0000000000
102833  -44.919  16.268  7.890 0.0000000000
102020  -44.872  15.317  6.292 0.0000000000
102019  -43.912  14.992  6.647 0.0000000000
101186  -44.719  14.859  5.685 0.0000000000
101217  -44.754  14.162  4.760 0.0000000000
101201  -45.125  14.722  5.194 0.0000000000
101234  -46.873  14.206  3.542 0.0000000000
100405  -46.284  13.896  3.498 0.0000000000
99612  -46.078  13.033  2.050 0.0000000000
103685  -50.461  17.798  10.835 0.0000000000
103684  -49.390  17.720  10.795 0.0000000000
102011  -50.486  15.710  7.190 0.0000000000
102838  -49.863  16.340  7.784 0.0000000000
102010  -49.479  15.921  7.058 0.0000000000
101224  -52.813  14.237  4.324 0.0000000000
101237  -50.071  14.325  2.707 0.0000000000
101222  -49.986  14.471  3.877 0.0000000000
101221  -48.538  14.526  3.978 0.0000000000
100432  -48.376  13.881  0.602 0.0000000000
100431  -47.685  13.658  0.918 0.0000000000
100430  -46.945  13.392  1.124 0.0000000000
99629  -46.986  12.945  0.037 0.0000000000
99635  -46.595  12.365  -0.368 0.0000000000
99636  -47.231  12.920  -0.632 0.0000000000
99652  -47.118  12.195  -2.093 0.0000000000
98780  -47.716  11.250  -3.791 0.0000000000
100482  -49.840  13.598  -3.010 0.0000000000
98789  -49.170  11.686  -5.546 0.0000000000
98788  -49.036  11.180  -5.400 0.0000000000
98009  -48.834  10.397  -5.122 0.0000000000
98016  -49.250  10.318  -5.706 0.0000000000
96247  -49.226  8.594  -5.629 0.0000000000
97182  -49.161  9.719  -6.154 0.0000000000
96245  -47.963  9.212  -6.163 0.0000000000
96246  -48.517  8.644  -6.081 0.0000000000
95268  -47.865  7.429  -5.248 0.0000000000
96224  -46.690  8.511  -4.562 0.0000000000
100514  -47.778  13.064  -5.813 0.0000000000
100504  -47.568  13.570  -5.520 0.0000000000
100502  -46.139  13.323  -4.453 0.0000000000
99668  -46.271  12.410  -4.887 0.0000000000
102915  -52.949  16.270  0.375 0.0000000000
102926  -52.766  16.113  -0.713 0.0000000000
102914  -51.891  16.342  0.181 0.0000000000
102924  -50.507  16.326  -0.985 0.0000000000
102936  -48.903  16.447  -1.918 0.0000000000
102899  -49.113  16.584  0.863 0.0000000000
103802  -47.061  17.165  -1.814 0.0000000000
103794  -47.635  16.966  -1.301 0.0000000000
103810  -46.872  17.047  -2.165 0.0000000000
102946  -47.062  16.728  -2.478 0.0000000000
102107  -46.334  16.004  -2.972 0.0000000000
102097  -44.838  15.683  -1.518 0.0000000000
100464  -44.013  13.955  -1.976 0.0000000000
100463  -43.335  13.836  -1.717 0.0000000000
101298  -43.179  14.139  -1.269 0.0000000000
102088  -43.949  15.729  -0.394 0.0000000000
101287  -42.999  14.521  -0.566 0.0000000000
101277  -42.801  14.956  0.107 0.0000000000
102081  -42.930  15.706  0.591 0.0000000000
103791  -44.155  17.786  -0.359 0.0000000000
104536  -43.774  18.441  -0.126 0.0000000000
103781  -42.758  17.560  1.157 0.0000000000
103782  -43.206  17.596  0.655 0.0000000000
102073  -42.604  16.222  1.183 0.0000000000
102072  -41.896  15.739  1.510 0.0000000000
105930  -46.828  20.854  5.300 0.0000000000
106637  -44.953  20.637  3.859 0.0000000000
105950  -44.541  20.225  3.342 0.0000000000
98680  -40.531  11.714  10.526 0.0000000000
99559  -40.442  12.266  10.109 0.0000000000
100372  -40.514  13.153  9.807 0.0000000000
105891  -54.660  20.324  10.944 0.0000000000
106578  -54.102  21.185  9.992 0.0000000000
101136  -37.566  14.763  14.993 0.0000000000
101929  -38.569  14.968  15.443 0.0000000000
96000  -50.985  8.467  14.932 0.0000000000
95095  -50.546  7.862  13.621 0.0000000000
95094  -49.982  7.329  13.218 0.0000000000
95083  -50.032  7.281  14.153 0.0000000000
94172  -49.456  6.862  13.541 0.0000000000
94171  -48.616  6.306  13.701 0.0000000000
95077  -37.610  6.743  14.912 0.0000000000
95067  -37.348  7.300  15.099 0.0000000000
94139  -36.698  6.551  15.350 0.0000000000
96045  -52.583  8.724  8.243 0.0000000000
96060  -52.233  8.430  7.347 0.0000000000
96076  -50.865  8.052  6.306 0.0000000000
97109  -45.325  9.773  1.756 0.0000000000
96151  -45.767  9.038  1.214 0.0000000000
96166  -45.919  9.308  0.711 0.0000000000
96181  -46.872  8.948  -0.806 0.0000000000
97142  -46.551  9.759  -1.062 0.0000000000
97988  -46.554  10.617  -1.409 0.0000000000
102775  -46.252  16.706  13.279 0.0000000000
102782  -46.172  17.138  12.192 0.0000000000
102783  -46.886  17.062  12.803 0.0000000000
101254  -54.239  14.437  2.537 0.0000000000
100455  -53.693  13.824  -1.406 0.0000000000
100471  -54.032  13.900  -2.331 0.0000000000
100486  -53.998  13.995  -3.138 0.0000000000
101320  -53.199  14.319  -3.512 0.0000000000
102123  -52.712  15.012  -3.518 0.0000000000
102110  -52.018  15.573  -3.023 0.0000000000
102099  -52.410  15.739  -2.270 0.0000000000
104507  -47.810  18.028  4.102 0.0000000000
104515  -46.908  18.144  3.023 0.0000000000
104514  -46.348  18.434  2.584 0.0000000000
104505  -46.627  18.532  3.293 0.0000000000
105224  -46.364  18.926  3.544 0.0000000000
97021  -45.024  9.662  8.185 0.0000000000
98711  -42.354  12.093  6.479 0.0000000000
98704  -42.478  11.216  6.689 0.0000000000
98712  -42.673  11.594  6.183 0.0000000000
98718  -43.254  11.595  5.305 0.0000000000
98719  -43.687  11.611  4.493 0.0000000000
99592  -44.055  12.517  4.156 0.0000000000
104397  -50.930  18.555  14.670 0.0000000000
104432  -51.038  18.422  12.667 0.0000000000
104433  -51.880  18.698  12.930 0.0000000000
104442  -52.886  18.260  12.435 0.0000000000
103688  -53.615  17.246  11.268 0.0000000000
103700  -55.987  17.075  9.991 0.0000000000
102804  -55.743  16.794  10.568 0.0000000000
102830  -56.113  16.410  9.169 0.0000000000
102028  -55.980  15.497  6.233 0.0000000000
102869  -55.925  16.052  4.952 0.0000000000
102868  -55.481  16.428  4.609 0.0000000000
102879  -55.316  16.344  3.772 0.0000000000
102853  -55.113  16.707  5.055 0.0000000000
104462  -53.007  18.763  8.331 0.0000000000
103712  -52.897  18.221  7.320 0.0000000000
104469  -52.564  18.540  7.644 0.0000000000
104479  -52.020  18.420  7.027 0.0000000000
104478  -51.376  18.312  6.519 0.0000000000
104467  -50.959  18.833  7.088 0.0000000000
105190  -50.417  19.400  7.258 0.0000000000
93349  -49.998  5.258  -0.936 0.0000000000
93369  -49.946  5.321  -2.645 0.0000000000
99514  -41.195  12.000  16.865 0.0000000000
100344  -40.826  12.406  15.804 0.0000000000
99530  -41.374  12.292  16.716 0.0000000000
100327  -41.700  12.486  16.852 0.0000000000
100328  -42.234  12.889  17.173 0.0000000000
101905  -41.779  15.094  17.466 0.0000000000
101899  -42.625  14.584  17.996 0.0000000000
101900  -43.131  14.674  17.982 0.0000000000
101908  -44.850  15.226  17.467 0.0000000000
104379  -45.642  18.083  15.330 0.0000000000
103601  -46.244  17.612  16.304 0.0000000000
104380  -46.615  18.213  15.803 0.0000000000
104381  -47.564  18.442  16.275 0.0000000000
104363  -48.177  18.019  17.249 0.0000000000
104373  -49.045  18.559  17.199 0.0000000000
105094  -49.386  19.112  16.837 0.0000000000
97002  -55.233  9.701  10.391 0.0000000000
97001  -54.183  9.678  10.464 0.0000000000
97000  -53.098  9.852  10.463 0.0000000000
98654  -51.733  10.829  12.128 0.0000000000
98666  -51.525  10.957  11.531 0.0000000000
98676  -51.368  11.066  10.947 0.0000000000
98665  -50.691  11.022  11.325 0.0000000000
98672  -48.319  10.833  10.118 0.0000000000
98662  -48.366  10.804  10.382 0.0000000000
96019  -46.709  8.214  11.912 0.0000000000
96981  -46.046  9.001  11.838 0.0000000000
96989  -43.677  9.517  12.027 0.0000000000
93156  -42.940  4.391  17.362 0.0000000000
93138  -43.488  5.048  18.123 0.0000000000
93159  -46.008  6.238  17.393 0.0000000000
93178  -45.759  5.289  16.257 0.0000000000
93195  -45.733  4.700  14.783 0.0000000000
93194  -45.034  4.371  14.245 0.0000000000
95998  -41.605  8.642  14.268 0.0000000000
97819  -41.066  10.114  15.031 0.0000000000
96953  -40.783  9.594  15.438 0.0000000000
96937  -39.366  9.981  16.649 0.0000000000
97100  -56.700  8.926  3.203 0.0000000000
97122  -54.915  9.199  1.826 0.0000000000
96089  -47.690  7.945  5.383 0.0000000000
96107  -48.172  7.659  4.619 0.0000000000
95158  -49.384  7.558  3.622 0.0000000000
95194  -49.732  7.520  1.146 0.0000000000
95195  -50.623  7.686  0.869 0.0000000000
95196  -51.361  7.939  0.741 0.0000000000
96154  -52.053  8.266  0.526 0.0000000000
95209  -51.606  8.248  0.193 0.0000000000
96203  -52.407  8.200  -1.332 0.0000000000
96217  -51.985  7.914  -1.737 0.0000000000
96216  -51.418  7.703  -2.068 0.0000000000
96227  -49.669  7.941  -3.603 0.0000000000
96228  -50.257  7.659  -3.139 0.0000000000
95258  -49.946  7.784  -4.189 0.0000000000
95270  -50.518  7.059  -4.297 0.0000000000
94315  -49.645  7.061  -5.155 0.0000000000
101155  -41.462  14.433  12.533 0.0000000000
101162  -41.429  14.554  11.281 0.0000000000
101982  -42.792  15.707  10.010 0.0000000000
102821  -46.192  16.893  8.543 0.0000000000
102820  -45.224  16.664  8.581 0.0000000000
102834  -45.824  16.393  7.808 0.0000000000
102021  -45.975  15.572  6.343 0.0000000000
101202  -46.003  14.904  4.921 0.0000000000
102812  -51.689  16.758  9.212 0.0000000000
102811  -50.770  17.029  9.199 0.0000000000
102826  -51.320  16.441  8.582 0.0000000000
102839  -50.891  16.070  7.901 0.0000000000
102026  -51.069  15.235  6.657 0.0000000000
101252  -52.060  14.218  2.235 0.0000000000
101251  -50.882  14.270  2.007 0.0000000000
101249  -48.760  14.226  1.999 0.0000000000
100423  -49.024  14.132  0.956 0.0000000000
100442  -48.424  13.839  -0.187 0.0000000000
100450  -47.876  13.483  -0.780 0.0000000000
100480  -48.133  13.319  -2.141 0.0000000000
100481  -48.827  13.353  -2.764 0.0000000000
99662  -49.484  12.669  -4.888 0.0000000000
99671  -49.276  12.258  -5.491 0.0000000000
98025  -49.209  10.566  -6.333 0.0000000000
97194  -49.144  10.136  -6.369 0.0000000000
98024  -48.907  10.709  -6.581 0.0000000000
97180  -47.486  9.910  -5.948 0.0000000000
98007  -46.743  10.647  -5.580 0.0000000000
101328  -47.668  14.203  -5.281 0.0000000000
102902  -52.104  16.445  1.198 0.0000000000
102912  -49.779  16.492  -0.059 0.0000000000
103784  -47.158  17.298  0.174 0.0000000000
103785  -47.812  16.911  -0.435 0.0000000000
102944  -45.754  16.451  -2.204 0.0000000000
102096  -44.137  15.232  -0.998 0.0000000000
102920  -44.001  16.882  -0.008 0.0000000000
105248  -43.527  18.931  0.258 0.0000000000
105247  -43.125  18.658  0.542 0.0000000000
104528  -42.901  18.259  0.759 0.0000000000
103773  -42.278  17.559  1.646 0.0000000000
104520  -42.063  18.300  1.750 0.0000000000
97905  -42.473  10.711  8.409 0.0000000000
98686  -41.234  11.720  8.966 0.0000000000
98703  -42.155  11.661  6.948 0.0000000000
99574  -42.164  12.593  6.722 0.0000000000
100379  -42.067  13.335  7.161 0.0000000000
100385  -42.576  13.405  6.490 0.0000000000
104435  -53.954  18.431  13.186 0.0000000000
104417  -54.040  19.031  13.762 0.0000000000
103657  -55.117  18.144  12.657 0.0000000000
103673  -55.265  17.842  12.217 0.0000000000
105164  -55.312  18.791  12.149 0.0000000000
104444  -55.515  18.105  11.732 0.0000000000
103714  -54.874  17.387  7.437 0.0000000000
104463  -53.754  18.525  8.632 0.0000000000
105187  -53.157  19.091  8.812 0.0000000000
105909  -52.143  20.095  8.845 0.0000000000
100314  -39.392  13.124  18.079 0.0000000000
100302  -40.372  13.092  18.448 0.0000000000
100315  -40.139  13.617  18.068 0.0000000000
101095  -40.612  14.207  17.673 0.0000000000
101124  -39.029  14.763  16.106 0.0000000000
101915  -40.285  15.128  16.544 0.0000000000
101904  -41.131  14.758  17.370 0.0000000000
97848  -50.024  10.054  11.884 0.0000000000
96984  -49.320  9.488  11.997 0.0000000000
96020  -47.768  8.335  12.007 0.0000000000
95101  -45.391  7.297  12.313 0.0000000000
94081  -42.208  5.824  20.042 0.0000000000
94094  -40.780  4.164  18.760 0.0000000000
94113  -41.614  3.987  17.675 0.0000000000
94112  -41.118  3.802  17.675 0.0000000000
93155  -42.128  4.071  17.360 0.0000000000
95984  -39.386  8.536  15.129 0.0000000000
95983  -38.511  8.541  15.391 0.0000000000
95969  -38.036  8.780  15.786 0.0000000000
95968  -37.388  8.691  15.930 0.0000000000
95981  -37.023  8.075  15.506 0.0000000000
96122  -46.000  8.118  3.654 0.0000000000
95165  -46.547  7.785  3.335 0.0000000000
95191  -47.087  7.700  1.944 0.0000000000
95192  -47.744  7.590  1.573 0.0000000000
95220  -49.434  7.630  -0.511 0.0000000000
95234  -49.980  7.702  -1.164 0.0000000000
96213  -48.779  8.188  -2.811 0.0000000000
96225  -48.147  9.134  -3.689 0.0000000000
97164  -48.227  9.541  -4.213 0.0000000000
101961  -43.974  15.452  13.557 0.0000000000
101970  -43.986  15.953  12.301 0.0000000000
101971  -44.600  16.446  11.903 0.0000000000
102793  -44.835  16.757  11.191 0.0000000000
102800  -45.406  17.179  10.478 0.0000000000
103663  -46.350  17.436  11.273 0.0000000000
103680  -46.058  17.410  10.551 0.0000000000
102809  -46.203  17.177  9.136 0.0000000000
103703  -46.662  17.177  8.912 0.0000000000
102822  -47.143  16.943  8.330 0.0000000000
101190  -54.194  14.595  6.099 0.0000000000
101189  -52.853  14.674  6.429 0.0000000000
101208  -53.418  14.423  5.285 0.0000000000
101253  -53.205  14.180  2.390 0.0000000000
101266  -51.796  14.150  1.195 0.0000000000
101280  -51.555  14.121  0.181 0.0000000000
101290  -50.234  14.161  -0.921 0.0000000000
101302  -50.962  14.004  -1.518 0.0000000000
100483  -50.831  13.925  -3.196 0.0000000000
100517  -50.001  13.328  -5.200 0.0000000000
100515  -48.680  12.808  -6.062 0.0000000000
101340  -49.227  13.670  -5.655 0.0000000000
102133  -50.297  14.928  -4.651 0.0000000000
102132  -49.308  15.054  -4.818 0.0000000000
102119  -48.785  15.500  -4.169 0.0000000000
102958  -48.442  15.894  -3.459 0.0000000000
103767  -49.779  16.655  2.374 0.0000000000
104538  -45.220  18.425  -0.554 0.0000000000
104543  -44.971  18.292  -1.105 0.0000000000
104530  -44.495  18.993  0.034 0.0000000000
104522  -45.517  18.711  1.702 0.0000000000
105250  -44.532  19.169  0.783 0.0000000000
105242  -44.215  19.409  1.152 0.0000000000
105232  -43.742  19.637  1.784 0.0000000000
97045  -49.106  8.826  7.807 0.0000000000
97044  -47.912  8.836  7.243 0.0000000000
97061  -47.515  8.518  6.544 0.0000000000
97060  -46.902  8.663  6.643 0.0000000000
96072  -47.224  8.310  6.017 0.0000000000
96105  -46.408  7.984  4.416 0.0000000000
96086  -45.090  8.709  5.118 0.0000000000
96104  -45.546  8.429  4.300 0.0000000000
96121  -45.211  8.796  3.244 0.0000000000
97097  -45.071  9.407  2.477 0.0000000000
97950  -44.351  10.679  3.398 0.0000000000
97958  -44.704  10.702  2.645 0.0000000000
97108  -44.900  10.051  2.335 0.0000000000
98748  -45.656  11.580  0.824 0.0000000000
103618  -48.603  17.344  14.030 0.0000000000
103652  -48.814  17.607  12.634 0.0000000000
104440  -51.388  18.280  12.058 0.0000000000
103686  -51.561  17.752  10.909 0.0000000000
103698  -51.387  17.360  9.952 0.0000000000
101997  -53.010  15.611  8.209 0.0000000000
103655  -54.266  17.871  12.614 0.0000000000
103671  -53.852  17.616  12.106 0.0000000000
102802  -54.296  16.659  10.686 0.0000000000
102815  -54.913  16.175  10.050 0.0000000000
101998  -54.116  15.379  8.445 0.0000000000
101179  -53.957  14.726  7.007 0.0000000000
101226  -54.989  14.592  4.249 0.0000000000
101192  -55.937  14.965  5.623 0.0000000000
101227  -55.710  14.871  4.184 0.0000000000
101242  -55.318  14.817  3.495 0.0000000000
102076  -55.344  15.240  2.411 0.0000000000
102084  -54.872  15.157  0.884 0.0000000000
102083  -54.541  15.440  0.394 0.0000000000
102916  -53.967  15.949  0.577 0.0000000000
102878  -54.588  16.506  3.461 0.0000000000
102890  -53.426  16.469  2.327 0.0000000000
102889  -52.349  16.518  2.188 0.0000000000
102875  -51.567  16.637  3.082 0.0000000000
103736  -52.980  17.328  5.635 0.0000000000
103747  -49.166  17.700  4.688 0.0000000000
103733  -49.505  17.929  5.238 0.0000000000
104499  -48.845  18.073  5.062 0.0000000000
104487  -48.589  18.535  5.351 0.0000000000
105208  -48.365  18.997  5.595 0.0000000000
98651  -39.875  11.801  13.707 0.0000000000
99550  -39.910  12.311  13.727 0.0000000000
100364  -40.308  13.290  13.185 0.0000000000
100357  -41.121  13.650  14.024 0.0000000000
101144  -41.781  14.197  13.732 0.0000000000
101145  -42.713  14.849  13.403 0.0000000000
101146  -43.414  15.113  13.712 0.0000000000
99496  -41.633  12.839  18.236 0.0000000000
100316  -42.265  13.076  18.044 0.0000000000
100317  -42.922  13.600  17.760 0.0000000000
100329  -43.192  13.555  16.990 0.0000000000
100347  -43.145  13.797  16.253 0.0000000000
101950  -44.308  15.212  14.341 0.0000000000
101951  -44.996  15.489  14.385 0.0000000000
101952  -45.958  16.240  14.196 0.0000000000
101129  -45.489  14.943  15.900 0.0000000000
101953  -46.641  16.414  14.468 0.0000000000
102760  -47.184  16.651  14.372 0.0000000000
102742  -47.618  16.507  15.079 0.0000000000
102726  -45.219  16.544  16.937 0.0000000000
102717  -46.765  16.455  17.283 0.0000000000
103587  -46.768  17.485  16.810 0.0000000000
102728  -46.683  16.982  17.264 0.0000000000
101911  -47.554  15.923  16.633 0.0000000000
102743  -48.271  16.537  15.582 0.0000000000
102762  -48.627  17.004  15.058 0.0000000000
103619  -49.039  17.421  14.516 0.0000000000
103602  -49.384  17.527  15.067 0.0000000000
104396  -50.234  18.178  14.661 0.0000000000
103579  -49.863  18.008  17.090 0.0000000000
103604  -50.001  17.995  16.125 0.0000000000
104383  -50.357  18.256  15.154 0.0000000000
104398  -51.834  19.093  14.873 0.0000000000
105822  -51.752  20.515  16.161 0.0000000000
97029  -54.098  9.106  9.008 0.0000000000
97886  -53.638  10.127  11.114 0.0000000000
96999  -52.586  10.019  10.405 0.0000000000
97902  -51.637  10.234  10.099 0.0000000000
97009  -50.254  9.839  9.220 0.0000000000
97898  -47.978  10.463  9.574 0.0000000000
97909  -46.659  10.018  8.946 0.0000000000
97894  -44.109  10.413  9.521 0.0000000000
97863  -46.727  10.243  10.863 0.0000000000
97892  -42.042  10.596  10.102 0.0000000000
97874  -41.846  10.537  10.820 0.0000000000
98671  -41.101  10.848  11.161 0.0000000000
95057  -49.565  8.013  16.235 0.0000000000
96873  -46.387  9.944  21.962 0.0000000000
96882  -46.163  9.405  21.013 0.0000000000
95925  -46.551  9.148  20.327 0.0000000000
94082  -43.334  6.536  19.889 0.0000000000
95019  -44.465  7.485  19.912 0.0000000000
94097  -43.870  5.934  18.976 0.0000000000
95929  -45.623  8.526  20.127 0.0000000000
95930  -46.252  8.613  19.764 0.0000000000
95931  -47.124  8.974  19.714 0.0000000000
95942  -47.402  8.543  18.822 0.0000000000
95957  -47.865  8.385  18.202 0.0000000000
94115  -46.607  7.001  17.691 0.0000000000
95044  -47.818  7.692  17.555 0.0000000000
95045  -48.565  8.018  17.294 0.0000000000
95056  -48.842  7.622  16.546 0.0000000000
95070  -49.073  7.223  15.760 0.0000000000
93212  -48.242  6.026  14.289 0.0000000000
93223  -47.427  5.599  13.718 0.0000000000
93210  -46.819  5.225  14.227 0.0000000000
93222  -46.749  5.563  13.235 0.0000000000
94169  -47.261  5.800  13.155 0.0000000000
94177  -45.960  6.443  12.490 0.0000000000
93207  -43.161  4.180  14.264 0.0000000000
93220  -43.507  4.907  13.207 0.0000000000
94166  -43.202  6.055  12.899 0.0000000000
95093  -43.733  7.049  12.775 0.0000000000
96009  -44.066  7.840  12.728 0.0000000000
96016  -43.891  8.505  12.657 0.0000000000
97844  -40.848  10.576  12.830 0.0000000000
98652  -40.131  11.364  13.305 0.0000000000
98633  -40.208  11.675  14.595 0.0000000000
98623  -40.709  11.343  15.867 0.0000000000
97818  -40.718  10.665  15.426 0.0000000000
98596  -40.543  11.575  17.659 0.0000000000
98581  -40.264  11.733  18.136 0.0000000000
96951  -38.954  9.198  15.808 0.0000000000
97768  -39.001  11.155  18.095 0.0000000000
98580  -39.633  11.602  18.220 0.0000000000
99479  -39.272  12.295  18.356 0.0000000000
99493  -38.707  12.600  18.051 0.0000000000
100313  -38.421  13.000  17.523 0.0000000000
101104  -38.092  13.744  16.462 0.0000000000
99513  -36.919  12.505  16.906 0.0000000000
100342  -36.765  13.424  15.861 0.0000000000
100343  -37.552  13.715  16.021 0.0000000000
94244  -57.005  7.252  3.007 0.0000000000
96143  -56.866  8.442  2.511 0.0000000000
94243  -56.708  7.228  2.443 0.0000000000
94252  -56.484  7.374  1.740 0.0000000000
94251  -56.064  7.023  1.272 0.0000000000
94250  -55.525  6.803  0.855 0.0000000000
95180  -49.351  7.541  2.100 0.0000000000
96124  -51.598  7.935  2.983 0.0000000000
96157  -54.145  8.880  2.048 0.0000000000
97121  -54.290  8.994  1.564 0.0000000000
97135  -55.100  9.252  0.513 0.0000000000
97143  -54.366  9.106  0.230 0.0000000000
96173  -55.596  9.155  0.123 0.0000000000
95225  -55.364  8.539  -0.275 0.0000000000
95210  -55.180  7.666  -0.248 0.0000000000
94259  -55.168  7.093  0.198 0.0000000000
94258  -54.480  6.999  -0.161 0.0000000000
93353  -53.429  6.944  -0.702 0.0000000000
94269  -53.209  7.198  -1.036 0.0000000000
93352  -52.682  6.662  -1.006 0.0000000000
95246  -50.656  7.535  -3.134 0.0000000000
95247  -51.148  7.426  -3.018 0.0000000000
93371  -51.356  6.565  -2.799 0.0000000000
92366  -49.430  5.088  -3.303 0.0000000000
93382  -50.044  5.918  -4.595 0.0000000000
93368  -48.565  5.231  -3.178 0.0000000000
100373  -40.896  13.748  9.454 0.0000000000
101166  -41.284  14.445  10.121 0.0000000000
101169  -41.443  14.317  9.054 0.0000000000
101172  -41.711  14.071  8.220 0.0000000000
101176  -42.603  14.183  7.136 0.0000000000
101183  -42.981  14.041  6.532 0.0000000000
101983  -43.584  16.216  10.322 0.0000000000
101986  -43.603  16.093  9.231 0.0000000000
102819  -44.526  16.366  8.521 0.0000000000
101995  -44.048  16.056  8.388 0.0000000000
101994  -43.406  15.597  8.209 0.0000000000
102018  -43.477  14.678  6.750 0.0000000000
101184  -43.521  14.339  6.221 0.0000000000
100396  -44.287  13.756  4.864 0.0000000000
100403  -44.703  13.491  4.128 0.0000000000
100410  -45.202  13.242  3.436 0.0000000000
100404  -45.637  13.808  3.787 0.0000000000
99601  -45.322  12.793  2.937 0.0000000000
99611  -45.417  12.381  2.243 0.0000000000
99619  -45.714  12.342  1.485 0.0000000000
99627  -45.931  12.365  0.918 0.0000000000
103666  -48.603  17.637  11.669 0.0000000000
103683  -48.447  17.617  10.732 0.0000000000
103706  -48.900  17.349  9.325 0.0000000000
102810  -49.738  17.220  9.213 0.0000000000
102837  -48.808  16.490  7.708 0.0000000000
102009  -48.442  16.057  7.002 0.0000000000
101188  -51.548  14.806  6.140 0.0000000000
101187  -50.854  15.046  6.120 0.0000000000
102041  -49.551  15.215  5.680 0.0000000000
102040  -48.594  15.270  5.599 0.0000000000
101204  -48.068  14.879  4.849 0.0000000000
100414  -48.240  14.151  2.054 0.0000000000
100413  -47.611  14.033  2.404 0.0000000000
100420  -46.828  13.543  1.887 0.0000000000
98749  -45.907  12.114  0.537 0.0000000000
98773  -46.744  11.474  -1.798 0.0000000000
98002  -47.671  10.250  -3.896 0.0000000000
97172  -48.704  9.816  -4.803 0.0000000000
100467  -49.560  13.763  -2.077 0.0000000000
99654  -48.633  12.789  -3.584 0.0000000000
99661  -49.044  12.637  -4.398 0.0000000000
99660  -48.320  12.089  -4.096 0.0000000000
98787  -48.444  11.206  -4.674 0.0000000000
95275  -48.493  7.690  -5.743 0.0000000000
99679  -48.072  12.402  -6.187 0.0000000000
99678  -47.533  12.177  -5.959 0.0000000000
102090  -53.601  15.749  -0.962 0.0000000000
102939  -52.292  15.983  -1.547 0.0000000000
102938  -51.368  15.951  -2.046 0.0000000000
102948  -49.427  15.962  -3.004 0.0000000000
102957  -47.450  16.122  -3.242 0.0000000000
102922  -48.408  16.681  -1.105 0.0000000000
101310  -45.654  14.873  -3.102 0.0000000000
101309  -45.195  14.674  -2.633 0.0000000000
102105  -45.126  15.144  -2.192 0.0000000000
100478  -44.536  13.598  -2.736 0.0000000000
100477  -43.556  13.367  -2.231 0.0000000000
100449  -42.186  13.850  -0.797 0.0000000000
102910  -43.505  16.819  0.527 0.0000000000
102897  -41.941  16.778  1.937 0.0000000000
106586  -52.212  21.140  8.867 0.0000000000
105923  -49.086  20.080  6.769 0.0000000000
105932  -48.029  19.920  6.026 0.0000000000
106602  -48.011  21.413  6.269 0.0000000000
105931  -47.459  20.406  5.664 0.0000000000
105952  -45.951  19.779  3.955 0.0000000000
105939  -45.621  20.627  4.221 0.0000000000
105960  -44.111  19.868  2.619 0.0000000000
92144  -44.025  5.041  17.653 0.0000000000
92145  -44.306  5.171  17.614 0.0000000000
92158  -44.389  4.903  17.087 0.0000000000
92159  -44.853  5.045  16.799 0.0000000000
92184  -45.188  4.558  15.432 0.0000000000
92188  -43.804  4.108  14.435 0.0000000000
92189  -44.106  4.108  14.592 0.0000000000
92354  -49.311  5.085  -1.992 0.0000000000
92365  -48.953  4.996  -3.173 0.0000000000
93157  -44.524  5.254  17.528 0.0000000000
93186  -36.520  5.910  15.541 0.0000000000
93224  -48.013  5.824  13.915 0.0000000000
93228  -45.973  5.922  12.676 0.0000000000
93229  -46.357  5.928  12.743 0.0000000000
93341  -54.604  6.708  0.232 0.0000000000
93376  -48.948  5.389  -3.848 0.0000000000
93383  -50.376  6.269  -4.485 0.0000000000
94114  -46.014  6.829  17.980 0.0000000000
94116  -47.236  7.113  17.402 0.0000000000
94140  -37.321  6.443  15.055 0.0000000000
94143  -45.382  4.536  14.065 0.0000000000
94145  -47.908  6.536  16.094 0.0000000000
94158  -48.545  6.352  14.827 0.0000000000
94168  -45.519  5.837  12.678 0.0000000000
94181  -49.536  7.076  12.969 0.0000000000
94242  -56.340  6.893  2.025 0.0000000000
94260  -55.749  7.260  0.612 0.0000000000
94279  -52.100  6.920  -2.054 0.0000000000
94313  -48.845  7.405  -5.671 0.0000000000
95018  -43.869  7.161  20.026 0.0000000000
95043  -47.086  7.419  17.764 0.0000000000
95055  -48.125  7.263  16.842 0.0000000000
95156  -47.718  7.566  3.907 0.0000000000
95166  -47.249  7.534  3.232 0.0000000000
95197  -56.043  7.529  0.732 0.0000000000
95212  -56.170  8.375  0.599 0.0000000000
95235  -50.662  7.945  -1.232 0.0000000000
95271  -50.775  6.898  -4.105 0.0000000000
95941  -46.771  8.416  19.203 0.0000000000
96144  -57.112  8.148  3.111 0.0000000000
96153  -47.084  7.782  1.490 0.0000000000
96158  -56.255  8.864  1.084 0.0000000000
96169  -51.494  8.344  -0.739 0.0000000000
96189  -55.666  8.798  -0.099 0.0000000000
96202  -51.756  8.086  -1.524 0.0000000000
97046  -49.669  8.751  7.936 0.0000000000
97120  -45.675  9.837  0.956 0.0000000000
97124  -56.307  8.930  1.447 0.0000000000
97134  -54.346  9.098  0.986 0.0000000000
97144  -54.641  9.115  -0.057 0.0000000000
97183  -49.258  10.201  -6.268 0.0000000000
97192  -48.717  10.355  -6.589 0.0000000000
97193  -48.991  10.200  -6.514 0.0000000000
97810  -40.827  10.211  15.634 0.0000000000
97852  -53.383  11.075  12.320 0.0000000000
97881  -48.322  10.722  9.872 0.0000000000
97883  -50.217  10.903  10.048 0.0000000000
97903  -52.096  10.159  10.275 0.0000000000
97911  -48.193  10.101  9.303 0.0000000000
97973  -45.956  10.113  0.016 0.0000000000
98014  -47.329  10.817  -6.081 0.0000000000
98578  -37.720  11.561  18.158 0.0000000000
98594  -37.421  11.897  17.865 0.0000000000
98617  -41.172  11.929  17.110 0.0000000000
98644  -39.989  11.636  14.008 0.0000000000
98653  -51.104  10.803  11.721 0.0000000000
98673  -48.781  10.825  10.073 0.0000000000
98677  -51.998  10.981  11.279 0.0000000000
98683  -48.916  10.702  9.845 0.0000000000
98796  -49.363  10.768  -5.808 0.0000000000
98797  -49.339  11.252  -5.920 0.0000000000
98804  -48.695  11.293  -6.545 0.0000000000
99481  -41.032  12.799  18.374 0.0000000000
99482  -41.429  13.090  18.351 0.0000000000
99535  -40.182  12.017  14.701 0.0000000000
99549  -39.837  11.938  13.925 0.0000000000
99563  -40.914  12.472  8.839 0.0000000000
99602  -45.836  13.084  2.634 0.0000000000
99687  -48.474  11.962  -6.344 0.0000000000
100301  -39.837  12.701  18.433 0.0000000000
100303  -41.140  13.321  18.378 0.0000000000
100312  -37.855  12.736  17.434 0.0000000000
100326  -38.381  13.474  16.977 0.0000000000
100330  -43.902  13.926  17.138 0.0000000000
100370  -40.706  13.788  10.155 0.0000000000
100375  -40.738  13.093  9.186 0.0000000000
100440  -47.108  13.264  0.535 0.0000000000
100443  -49.088  14.145  -0.480 0.0000000000
100453  -50.019  13.982  -1.577 0.0000000000
100454  -53.103  13.784  -1.204 0.0000000000
100456  -54.198  14.052  -1.575 0.0000000000
100465  -48.127  13.530  -1.450 0.0000000000
100472  -54.307  14.158  -1.865 0.0000000000
100496  -53.583  14.109  -3.418 0.0000000000
100497  -53.795  14.007  -3.349 0.0000000000
100507  -51.112  14.078  -4.290 0.0000000000
100513  -47.298  12.714  -5.663 0.0000000000
100524  -49.065  12.354  -6.119 0.0000000000
101089  -42.832  14.136  18.088 0.0000000000
101097  -42.176  14.720  17.873 0.0000000000
101100  -45.004  14.713  17.223 0.0000000000
101107  -40.588  14.780  17.045 0.0000000000
101122  -37.116  14.125  15.411 0.0000000000
101177  -43.171  14.444  6.789 0.0000000000
101191  -55.229  14.678  5.861 0.0000000000
101199  -43.875  14.296  5.699 0.0000000000
101200  -44.345  14.337  5.342 0.0000000000
101211  -56.072  15.049  4.781 0.0000000000
101243  -55.750  15.132  3.574 0.0000000000
101255  -55.014  14.793  2.754 0.0000000000
101256  -55.430  15.085  2.929 0.0000000000
101270  -55.247  15.007  2.456 0.0000000000
101289  -49.593  14.205  -0.684 0.0000000000
101301  -50.423  14.010  -1.539 0.0000000000
101305  -54.272  14.359  -1.464 0.0000000000
101312  -53.246  14.076  -3.580 0.0000000000
101313  -53.989  14.407  -2.787 0.0000000000
101318  -46.484  14.862  -4.038 0.0000000000
101321  -53.757  14.251  -3.305 0.0000000000
101338  -47.839  13.647  -5.605 0.0000000000
101918  -42.669  15.723  17.108 0.0000000000
101921  -47.656  15.947  15.954 0.0000000000
101980  -44.513  16.523  11.441 0.0000000000
101991  -56.051  16.247  9.342 0.0000000000
102001  -56.063  16.121  9.132 0.0000000000
102003  -42.711  14.666  7.580 0.0000000000
102012  -51.467  15.491  7.331 0.0000000000
102014  -53.608  15.047  7.680 0.0000000000
102037  -45.596  15.193  5.653 0.0000000000
102051  -56.069  15.565  4.492 0.0000000000
102058  -55.837  15.542  3.781 0.0000000000
102075  -55.093  15.444  1.781 0.0000000000
102087  -43.202  15.193  -0.035 0.0000000000
102112  -53.789  15.069  -2.408 0.0000000000
102116  -45.974  15.180  -3.306 0.0000000000
102130  -47.245  15.023  -4.496 0.0000000000
102719  -48.625  16.756  16.900 0.0000000000
102741  -43.914  16.906  16.023 0.0000000000
102744  -49.091  17.183  15.504 0.0000000000
102745  -49.384  17.386  15.706 0.0000000000
102759  -46.580  16.564  13.984 0.0000000000
102761  -48.139  16.973  14.498 0.0000000000
102784  -47.273  17.065  13.156 0.0000000000
102792  -44.476  16.642  10.748 0.0000000000
102806  -43.941  16.397  9.808 0.0000000000
102816  -55.728  16.376  10.014 0.0000000000
102817  -56.016  16.486  9.572 0.0000000000
102832  -44.430  16.121  8.059 0.0000000000
102845  -55.976  16.186  6.803 0.0000000000
102855  -55.953  16.039  5.833 0.0000000000
102891  -54.381  16.376  2.561 0.0000000000
102934  -47.545  16.797  -2.086 0.0000000000
103588  -47.341  17.496  17.142 0.0000000000
103591  -50.157  18.224  16.534 0.0000000000
103620  -49.701  17.836  14.620 0.0000000000
103650  -46.999  17.381  12.029 0.0000000000
103654  -50.323  18.165  12.824 0.0000000000
103664  -46.995  17.532  11.279 0.0000000000
103670  -52.834  17.858  11.755 0.0000000000
103692  -45.845  17.317  10.039 0.0000000000
103701  -56.097  16.709  9.497 0.0000000000
103705  -48.195  17.329  9.121 0.0000000000
103751  -54.136  16.830  4.628 0.0000000000
103768  -50.440  16.605  2.281 0.0000000000
103803  -47.543  16.908  -1.749 0.0000000000
103809  -46.529  17.110  -2.122 0.0000000000
104364  -48.694  18.048  17.344 0.0000000000
104366  -50.151  18.606  17.025 0.0000000000
104371  -47.673  18.007  16.921 0.0000000000
104372  -48.543  18.539  16.922 0.0000000000
104375  -51.448  19.298  16.143 0.0000000000
104395  -46.057  18.433  15.143 0.0000000000
104411  -44.432  18.606  14.013 0.0000000000
104413  -50.114  18.111  14.177 0.0000000000
104436  -54.827  18.606  13.059 0.0000000000
104437  -55.264  18.340  12.446 0.0000000000
104539  -45.777  18.036  -0.805 0.0000000000
105086  -49.802  18.936  17.126 0.0000000000
105087  -49.999  18.787  17.157 0.0000000000
105093  -48.825  18.997  16.642 0.0000000000
105103  -48.964  19.221  16.459 0.0000000000
105115  -51.960  19.315  15.397 0.0000000000
105116  -52.624  19.497  15.079 0.0000000000
105131  -52.874  19.408  14.500 0.0000000000
105235  -45.921  18.927  2.943 0.0000000000
105249  -44.179  19.211  0.291 0.0000000000
105255  -43.863  18.853  -0.197 0.0000000000
105826  -48.686  19.420  15.735 0.0000000000
