#!ascii label  , from subject sub-THP0005 vox2ras=TkReg
1075
50764  -9.879  -30.878  50.056 0.0000000000
62613  -29.413  -22.455  41.803 0.0000000000
69687  -28.816  -15.515  37.792 0.0000000000
55694  -27.037  -26.982  44.975 0.0000000000
74714  -38.655  -11.744  28.400 0.0000000000
74671  -32.479  -10.871  30.054 0.0000000000
66176  -28.175  -19.439  47.188 0.0000000000
56915  -29.680  -25.352  43.126 0.0000000000
77001  -42.684  -8.321  30.747 0.0000000000
78212  -47.393  -8.514  27.800 0.0000000000
81517  -50.350  -5.726  24.665 0.0000000000
74527  -32.120  -10.039  39.588 0.0000000000
71996  -30.217  -12.195  34.121 0.0000000000
78107  -33.121  -7.711  35.830 0.0000000000
74586  -37.754  -10.218  34.423 0.0000000000
58190  -20.410  -25.064  43.464 0.0000000000
48424  -6.985  -31.778  51.874 0.0000000000
66273  -26.508  -18.553  40.654 0.0000000000
73203  -29.412  -11.424  42.459 0.0000000000
58240  -23.955  -25.131  39.656 0.0000000000
54519  -27.303  -27.912  39.263 0.0000000000
81553  -48.385  -5.787  18.913 0.0000000000
83733  -53.331  -3.232  22.558 0.0000000000
70901  -36.556  -12.588  29.589 0.0000000000
73377  -41.156  -12.234  33.570 0.0000000000
51969  -11.915  -29.838  46.621 0.0000000000
45121  -5.244  -36.588  49.475 0.0000000000
78169  -44.683  -7.892  29.036 0.0000000000
75768  -32.209  -9.507  37.123 0.0000000000
58203  -18.271  -24.998  41.549 0.0000000000
49589  -8.482  -31.509  51.366 0.0000000000
61504  -27.931  -22.155  39.038 0.0000000000
63864  -27.340  -20.659  42.228 0.0000000000
56932  -25.232  -25.700  42.158 0.0000000000
55779  -25.735  -26.947  39.690 0.0000000000
54479  -27.056  -27.334  41.207 0.0000000000
60369  -29.808  -23.855  42.657 0.0000000000
56978  -30.486  -26.586  39.980 0.0000000000
59348  -31.243  -24.484  39.797 0.0000000000
55676  -25.564  -26.659  45.568 0.0000000000
56913  -23.978  -25.745  43.588 0.0000000000
79451  -42.941  -7.818  23.449 0.0000000000
81533  -46.780  -5.819  20.315 0.0000000000
82603  -51.937  -4.113  23.714 0.0000000000
74625  -31.049  -11.420  31.603 0.0000000000
72077  -34.906  -12.083  29.373 0.0000000000
73337  -39.150  -12.086  35.132 0.0000000000
56892  -14.329  -25.831  44.702 0.0000000000
56862  -13.500  -26.154  46.199 0.0000000000
55622  -12.532  -26.690  47.983 0.0000000000
54406  -12.730  -28.450  45.274 0.0000000000
45134  -6.762  -36.323  49.050 0.0000000000
63839  -28.950  -21.232  44.848 0.0000000000
65018  -27.569  -20.105  44.154 0.0000000000
67399  -27.351  -17.640  46.098 0.0000000000
54379  -27.939  -26.745  46.318 0.0000000000
54429  -28.240  -26.905  43.994 0.0000000000
58122  -29.231  -24.409  46.770 0.0000000000
61453  -29.583  -22.969  45.390 0.0000000000
77013  -40.436  -9.941  29.957 0.0000000000
77031  -42.191  -8.474  28.365 0.0000000000
78227  -43.661  -8.366  26.193 0.0000000000
79430  -45.671  -7.774  25.258 0.0000000000
80509  -47.599  -5.881  23.464 0.0000000000
79432  -48.316  -7.204  26.021 0.0000000000
71925  -29.909  -11.903  38.762 0.0000000000
70798  -29.550  -13.913  35.856 0.0000000000
73317  -30.673  -11.543  36.276 0.0000000000
74600  -31.588  -10.560  34.875 0.0000000000
76976  -32.683  -9.383  32.514 0.0000000000
74627  -35.539  -10.255  31.797 0.0000000000
79328  -35.936  -7.983  34.314 0.0000000000
58153  -18.414  -24.428  45.337 0.0000000000
58186  -16.418  -24.929  43.534 0.0000000000
82643  -54.148  -4.013  18.563 0.0000000000
49584  -5.679  -31.946  51.514 0.0000000000
65092  -26.478  -19.516  38.285 0.0000000000
67491  -27.714  -16.201  39.506 0.0000000000
67450  -26.701  -17.547  42.699 0.0000000000
69650  -27.990  -14.939  41.438 0.0000000000
70744  -28.695  -13.240  39.875 0.0000000000
73227  -31.005  -10.990  40.668 0.0000000000
54504  -29.013  -28.008  40.948 0.0000000000
56878  -22.259  -26.035  45.039 0.0000000000
58207  -22.213  -24.942  42.051 0.0000000000
81536  -49.171  -4.698  21.911 0.0000000000
82621  -50.656  -4.036  21.174 0.0000000000
82631  -52.546  -4.434  19.542 0.0000000000
84845  -54.692  -2.635  21.139 0.0000000000
49680  -10.590  -32.164  47.516 0.0000000000
48490  -9.163  -33.114  49.037 0.0000000000
72101  -38.394  -12.954  28.960 0.0000000000
73388  -37.037  -11.476  32.410 0.0000000000
70863  -38.942  -12.794  31.960 0.0000000000
73420  -40.030  -12.259  30.886 0.0000000000
75832  -41.501  -10.145  32.532 0.0000000000
51950  -10.865  -30.100  48.298 0.0000000000
47320  -7.536  -33.375  50.106 0.0000000000
46178  -6.171  -33.986  50.096 0.0000000000
47333  -5.377  -33.945  49.869 0.0000000000
49624  -9.213  -31.551  50.454 0.0000000000
61490  -29.527  -22.565  40.572 0.0000000000
62643  -29.191  -22.293  40.392 0.0000000000
63883  -28.318  -21.731  42.036 0.0000000000
55709  -26.387  -26.415  43.772 0.0000000000
55745  -26.591  -26.731  41.522 0.0000000000
55726  -26.975  -26.532  43.265 0.0000000000
61484  -29.704  -23.158  41.823 0.0000000000
59339  -30.924  -24.373  40.908 0.0000000000
60386  -30.858  -23.880  40.394 0.0000000000
60393  -31.098  -23.889  39.159 0.0000000000
55661  -26.592  -27.196  46.633 0.0000000000
55642  -25.745  -27.065  47.414 0.0000000000
55677  -26.422  -26.974  45.732 0.0000000000
55692  -25.554  -26.364  44.521 0.0000000000
80517  -45.513  -6.210  21.709 0.0000000000
68592  -28.127  -16.833  36.702 0.0000000000
68613  -28.619  -16.338  36.246 0.0000000000
74647  -31.641  -10.674  31.183 0.0000000000
74670  -31.807  -11.752  29.683 0.0000000000
73416  -34.018  -11.483  29.494 0.0000000000
55690  -13.872  -26.545  44.419 0.0000000000
56876  -14.138  -25.421  45.887 0.0000000000
55689  -13.564  -27.097  44.579 0.0000000000
54391  -12.779  -27.704  45.720 0.0000000000
54407  -13.018  -27.984  44.830 0.0000000000
64988  -28.515  -20.461  45.833 0.0000000000
66205  -28.022  -19.806  45.482 0.0000000000
66188  -27.766  -18.489  46.776 0.0000000000
55630  -28.156  -25.198  47.664 0.0000000000
55664  -28.534  -25.755  46.337 0.0000000000
58086  -28.856  -24.222  47.960 0.0000000000
64967  -28.333  -20.368  47.617 0.0000000000
62573  -29.171  -22.287  47.192 0.0000000000
63809  -28.912  -21.129  46.129 0.0000000000
63840  -29.222  -21.650  44.992 0.0000000000
76999  -41.090  -9.651  30.397 0.0000000000
77014  -41.057  -9.224  29.590 0.0000000000
77015  -42.112  -8.740  29.221 0.0000000000
78189  -45.614  -8.245  28.251 0.0000000000
77045  -43.984  -8.757  27.470 0.0000000000
78229  -45.255  -8.427  26.485 0.0000000000
78248  -45.013  -8.181  25.509 0.0000000000
78249  -45.933  -8.083  26.018 0.0000000000
79431  -46.990  -7.565  25.787 0.0000000000
79419  -47.819  -7.778  26.558 0.0000000000
73272  -31.156  -11.067  39.083 0.0000000000
73303  -30.769  -11.407  37.376 0.0000000000
73289  -31.218  -11.040  38.169 0.0000000000
76921  -32.496  -8.703  36.598 0.0000000000
75784  -32.111  -9.678  36.203 0.0000000000
76957  -32.355  -8.826  35.006 0.0000000000
75812  -32.013  -9.884  34.027 0.0000000000
78130  -33.494  -8.370  33.595 0.0000000000
78131  -34.599  -8.488  33.366 0.0000000000
79326  -34.649  -7.353  34.792 0.0000000000
58138  -20.631  -25.478  45.442 0.0000000000
58121  -19.964  -25.249  46.791 0.0000000000
58173  -19.513  -24.774  44.357 0.0000000000
58201  -16.843  -25.290  42.491 0.0000000000
83752  -54.864  -2.767  19.637 0.0000000000
85985  -54.659  -1.421  18.281 0.0000000000
49586  -6.527  -31.848  51.813 0.0000000000
63911  -26.737  -20.523  40.120 0.0000000000
62670  -27.069  -21.531  38.174 0.0000000000
65083  -26.474  -19.311  39.931 0.0000000000
66295  -26.729  -18.107  38.286 0.0000000000
67490  -26.959  -17.153  40.015 0.0000000000
67415  -27.119  -17.709  45.183 0.0000000000
67435  -26.770  -17.666  44.059 0.0000000000
68523  -26.913  -16.448  44.415 0.0000000000
71887  -28.174  -12.735  42.642 0.0000000000
70726  -27.951  -13.874  41.959 0.0000000000
71898  -28.462  -12.700  41.616 0.0000000000
69656  -28.305  -15.019  40.426 0.0000000000
71899  -28.866  -12.410  40.825 0.0000000000
71910  -29.235  -12.185  40.074 0.0000000000
73226  -30.438  -11.112  41.186 0.0000000000
54518  -26.539  -27.885  38.968 0.0000000000
55711  -29.204  -26.356  43.174 0.0000000000
54464  -28.932  -27.499  42.248 0.0000000000
55727  -29.523  -27.374  41.819 0.0000000000
55782  -29.239  -27.359  39.155 0.0000000000
56867  -23.205  -26.377  46.593 0.0000000000
56931  -24.217  -25.485  42.303 0.0000000000
58193  -22.743  -25.275  42.670 0.0000000000
58225  -23.529  -24.873  40.612 0.0000000000
59337  -21.941  -24.516  39.737 0.0000000000
80510  -48.286  -5.908  23.934 0.0000000000
81521  -47.862  -5.472  22.752 0.0000000000
81523  -49.348  -5.458  23.601 0.0000000000
82609  -52.126  -3.752  22.846 0.0000000000
82613  -50.550  -4.363  22.228 0.0000000000
83736  -52.010  -3.477  21.539 0.0000000000
82630  -51.685  -4.192  19.649 0.0000000000
83746  -52.902  -3.435  20.831 0.0000000000
83747  -53.648  -3.503  20.642 0.0000000000
83734  -54.137  -2.825  22.116 0.0000000000
71981  -29.854  -13.092  35.370 0.0000000000
70809  -28.985  -14.711  34.643 0.0000000000
70942  -36.775  -14.163  26.971 0.0000000000
70903  -37.729  -12.939  29.061 0.0000000000
75813  -36.122  -9.945  33.298 0.0000000000
74628  -36.143  -10.688  32.256 0.0000000000
74613  -37.041  -10.786  33.199 0.0000000000
73359  -40.560  -12.631  34.336 0.0000000000
72019  -38.659  -12.852  32.981 0.0000000000
72043  -39.887  -13.504  32.676 0.0000000000
73402  -39.695  -12.614  30.920 0.0000000000
73404  -41.046  -12.600  32.206 0.0000000000
75849  -41.059  -11.018  31.678 0.0000000000
75831  -41.281  -10.905  32.927 0.0000000000
54352  -11.916  -27.800  47.814 0.0000000000
53151  -11.439  -28.478  48.317 0.0000000000
53137  -10.905  -28.769  49.049 0.0000000000
53163  -11.446  -29.647  47.587 0.0000000000
50822  -11.495  -30.865  46.726 0.0000000000
51992  -11.927  -30.491  46.310 0.0000000000
46222  -8.590  -35.197  48.011 0.0000000000
47338  -8.473  -33.646  49.208 0.0000000000
46208  -7.785  -34.948  48.964 0.0000000000
43950  -6.087  -37.114  49.404 0.0000000000
46193  -6.381  -34.812  49.599 0.0000000000
46192  -5.638  -35.003  49.530 0.0000000000
47334  -5.750  -34.072  49.908 0.0000000000
46191  -4.996  -35.327  49.374 0.0000000000
61435  -28.598  -22.816  48.629 0.0000000000
78143  -43.607  -7.535  31.366 0.0000000000
78153  -43.656  -7.848  29.975 0.0000000000
78154  -44.987  -7.385  30.259 0.0000000000
74543  -31.964  -10.086  38.484 0.0000000000
59313  -20.396  -24.686  41.813 0.0000000000
59303  -19.359  -24.683  42.840 0.0000000000
50727  -8.107  -31.243  52.067 0.0000000000
49588  -8.002  -31.693  51.548 0.0000000000
61505  -28.726  -22.648  38.714 0.0000000000
62624  -27.715  -21.515  40.791 0.0000000000
65066  -26.655  -19.725  41.393 0.0000000000
74445  -30.416  -10.585  42.867 0.0000000000
56951  -24.775  -25.510  41.286 0.0000000000
56996  -24.818  -26.150  39.482 0.0000000000
56952  -25.628  -25.917  40.979 0.0000000000
55767  -26.314  -27.054  40.463 0.0000000000
54501  -26.812  -27.572  39.926 0.0000000000
58194  -29.891  -24.286  43.022 0.0000000000
55748  -29.933  -26.169  41.837 0.0000000000
58227  -30.544  -25.062  41.479 0.0000000000
56979  -31.019  -25.959  39.850 0.0000000000
58273  -30.991  -25.740  37.204 0.0000000000
55659  -24.715  -26.717  46.352 0.0000000000
56879  -23.339  -26.181  45.508 0.0000000000
55675  -24.556  -26.353  45.327 0.0000000000
56914  -24.792  -25.710  43.005 0.0000000000
78264  -41.997  -8.110  24.235 0.0000000000
81544  -47.513  -5.857  19.577 0.0000000000
82590  -51.358  -5.303  25.362 0.0000000000
82601  -50.587  -5.247  24.162 0.0000000000
73371  -30.616  -11.853  33.525 0.0000000000
72121  -34.900  -13.149  28.653 0.0000000000
72100  -35.865  -12.559  29.312 0.0000000000
74572  -38.598  -9.979  35.438 0.0000000000
74603  -37.994  -10.974  34.232 0.0000000000
74574  -39.657  -10.922  36.267 0.0000000000
58151  -16.201  -24.460  45.576 0.0000000000
58132  -14.839  -24.665  46.709 0.0000000000
56847  -13.846  -25.219  47.903 0.0000000000
56846  -13.247  -26.119  47.247 0.0000000000
54371  -12.568  -27.610  46.513 0.0000000000
53178  -12.205  -29.371  46.226 0.0000000000
52018  -12.263  -30.361  45.528 0.0000000000
52042  -12.709  -30.352  44.565 0.0000000000
62599  -28.698  -22.076  43.203 0.0000000000
65036  -27.911  -20.817  43.721 0.0000000000
66222  -27.939  -20.143  44.816 0.0000000000
54412  -27.382  -27.232  45.894 0.0000000000
54444  -27.501  -26.996  44.162 0.0000000000
54414  -28.215  -26.845  44.989 0.0000000000
55680  -28.606  -26.211  45.216 0.0000000000
56881  -29.332  -24.868  45.152 0.0000000000
61436  -28.969  -22.977  47.932 0.0000000000
59267  -29.574  -23.679  45.944 0.0000000000
59285  -29.647  -23.831  44.639 0.0000000000
61465  -29.432  -23.275  44.095 0.0000000000
61471  -29.213  -22.898  43.842 0.0000000000
54361  -27.354  -26.558  47.383 0.0000000000
75879  -39.512  -10.901  29.585 0.0000000000
75897  -38.175  -10.905  27.596 0.0000000000
77028  -39.044  -9.845  28.365 0.0000000000
77041  -40.256  -8.763  27.728 0.0000000000
78205  -40.901  -8.348  26.795 0.0000000000
78168  -43.482  -8.292  28.893 0.0000000000
77043  -42.527  -8.243  27.538 0.0000000000
78226  -42.719  -8.134  26.322 0.0000000000
78246  -43.294  -8.170  25.405 0.0000000000
79441  -43.637  -7.770  24.052 0.0000000000
79453  -45.268  -6.837  23.547 0.0000000000
80507  -45.796  -6.258  22.775 0.0000000000
79454  -46.165  -6.541  23.595 0.0000000000
80491  -47.958  -6.777  25.153 0.0000000000
80492  -48.879  -6.602  25.423 0.0000000000
79420  -49.107  -7.641  27.066 0.0000000000
80494  -50.413  -6.206  25.889 0.0000000000
70768  -28.893  -13.755  37.728 0.0000000000
69704  -29.368  -14.769  36.286 0.0000000000
71956  -29.505  -12.870  37.249 0.0000000000
71970  -30.209  -12.289  35.827 0.0000000000
73334  -30.661  -11.668  35.276 0.0000000000
74570  -31.564  -10.545  37.058 0.0000000000
73335  -31.176  -11.064  35.638 0.0000000000
73354  -31.095  -11.169  34.602 0.0000000000
74611  -31.596  -10.713  33.769 0.0000000000
75845  -32.135  -10.024  31.749 0.0000000000
75846  -33.310  -9.636  31.258 0.0000000000
74648  -34.245  -10.169  30.626 0.0000000000
76989  -34.158  -9.448  31.868 0.0000000000
76972  -35.551  -9.487  33.106 0.0000000000
76959  -36.728  -9.214  34.218 0.0000000000
78097  -37.404  -7.819  35.644 0.0000000000
76943  -37.899  -9.053  35.209 0.0000000000
58135  -18.269  -24.315  46.315 0.0000000000
59301  -18.481  -24.577  43.215 0.0000000000
58171  -17.480  -24.471  44.443 0.0000000000
58170  -16.413  -24.654  44.631 0.0000000000
58185  -15.792  -25.015  44.056 0.0000000000
67516  -27.612  -17.107  37.561 0.0000000000
68580  -28.422  -15.916  38.364 0.0000000000
65035  -27.442  -20.344  43.299 0.0000000000
66240  -26.774  -18.889  43.020 0.0000000000
67463  -26.653  -17.760  41.989 0.0000000000
68551  -27.115  -15.911  41.944 0.0000000000
67464  -27.087  -16.774  41.505 0.0000000000
68560  -28.068  -15.728  39.961 0.0000000000
69665  -28.365  -15.207  39.517 0.0000000000
69666  -28.360  -14.816  38.946 0.0000000000
71924  -29.201  -12.551  39.243 0.0000000000
73271  -30.545  -11.449  39.333 0.0000000000
74508  -31.539  -10.633  40.594 0.0000000000
74466  -31.371  -10.376  41.917 0.0000000000
74489  -31.983  -10.259  41.173 0.0000000000
54445  -27.901  -27.118  43.463 0.0000000000
54480  -27.827  -27.792  41.489 0.0000000000
54520  -28.012  -28.036  39.643 0.0000000000
55770  -29.956  -27.274  40.150 0.0000000000
55781  -28.550  -27.808  39.270 0.0000000000
56849  -21.471  -26.095  46.795 0.0000000000
58175  -21.015  -25.512  44.004 0.0000000000
56895  -23.068  -25.901  44.407 0.0000000000
58176  -21.546  -25.617  43.660 0.0000000000
58191  -21.117  -25.275  43.205 0.0000000000
59324  -21.235  -24.464  40.694 0.0000000000
80518  -46.472  -5.740  22.072 0.0000000000
81534  -47.447  -5.220  20.665 0.0000000000
81545  -48.255  -4.911  19.965 0.0000000000
82607  -50.263  -4.891  23.184 0.0000000000
82620  -49.882  -4.386  21.529 0.0000000000
81554  -49.521  -4.696  19.264 0.0000000000
81555  -50.923  -4.774  18.928 0.0000000000
81556  -51.945  -5.061  18.965 0.0000000000
81557  -52.756  -5.043  18.827 0.0000000000
82632  -53.348  -4.505  19.371 0.0000000000
83748  -54.432  -3.366  20.187 0.0000000000
50799  -10.366  -31.541  48.460 0.0000000000
49643  -9.551  -32.110  49.501 0.0000000000
48505  -9.787  -32.970  48.227 0.0000000000
69719  -28.965  -15.507  35.526 0.0000000000
73437  -38.547  -12.676  28.580 0.0000000000
73400  -35.374  -11.111  30.488 0.0000000000
72059  -36.226  -11.780  30.564 0.0000000000
72060  -36.787  -12.152  30.916 0.0000000000
73375  -37.831  -11.793  33.309 0.0000000000
70845  -37.773  -12.449  31.854 0.0000000000
70861  -37.595  -12.576  30.978 0.0000000000
72080  -38.464  -12.799  29.878 0.0000000000
72102  -38.943  -12.707  29.788 0.0000000000
73438  -39.017  -12.342  29.316 0.0000000000
75863  -40.243  -10.885  30.505 0.0000000000
75864  -41.017  -10.193  30.955 0.0000000000
76990  -41.866  -8.980  31.283 0.0000000000
51904  -10.328  -29.609  50.408 0.0000000000
53122  -10.494  -29.080  49.985 0.0000000000
50782  -10.363  -30.566  49.298 0.0000000000
50800  -10.667  -30.923  48.179 0.0000000000
49693  -11.122  -32.169  46.386 0.0000000000
49642  -9.074  -32.657  49.714 0.0000000000
48476  -7.907  -33.170  50.101 0.0000000000
48459  -7.121  -32.889  50.862 0.0000000000
46207  -7.197  -35.220  49.125 0.0000000000
47335  -6.763  -34.018  49.860 0.0000000000
47304  -6.407  -32.992  50.970 0.0000000000
48441  -5.851  -32.655  51.232 0.0000000000
48457  -5.306  -33.065  50.594 0.0000000000
43949  -4.812  -37.542  49.458 0.0000000000
46205  -4.429  -35.447  48.958 0.0000000000
51903  -9.985  -29.992  50.908 0.0000000000
62627  -29.434  -22.371  41.329 0.0000000000
62612  -29.030  -21.952  41.799 0.0000000000
55710  -27.075  -26.662  43.991 0.0000000000
62606  -29.188  -22.508  42.615 0.0000000000
60379  -30.369  -23.704  41.115 0.0000000000
61491  -29.800  -22.974  40.827 0.0000000000
55678  -27.042  -27.202  45.789 0.0000000000
55693  -26.364  -26.673  44.794 0.0000000000
80516  -44.809  -6.753  21.343 0.0000000000
68593  -28.519  -16.291  37.396 0.0000000000
69703  -29.165  -15.645  36.775 0.0000000000
74646  -31.302  -11.405  30.551 0.0000000000
74694  -32.641  -11.719  29.420 0.0000000000
73435  -33.519  -12.040  29.174 0.0000000000
74695  -33.316  -11.336  29.536 0.0000000000
55703  -13.645  -27.569  43.983 0.0000000000
54422  -13.406  -28.002  44.184 0.0000000000
66189  -28.165  -19.532  46.297 0.0000000000
58085  -28.528  -24.338  48.356 0.0000000000
56837  -28.470  -24.784  47.837 0.0000000000
59251  -28.790  -23.973  48.245 0.0000000000
64977  -28.499  -20.380  46.665 0.0000000000
58070  -28.207  -24.220  49.062 0.0000000000
77000  -41.857  -8.946  30.288 0.0000000000
78152  -42.780  -8.439  29.724 0.0000000000
78211  -46.400  -8.395  27.583 0.0000000000
78210  -45.401  -8.476  27.361 0.0000000000
78230  -46.103  -8.271  26.773 0.0000000000
78250  -46.529  -8.023  26.356 0.0000000000
79418  -47.297  -7.819  26.397 0.0000000000
78231  -47.087  -8.127  26.812 0.0000000000
74542  -31.592  -10.611  38.827 0.0000000000
76941  -32.378  -8.719  35.623 0.0000000000
78118  -32.918  -8.238  34.609 0.0000000000
78117  -32.632  -8.601  34.329 0.0000000000
78119  -34.318  -7.833  34.113 0.0000000000
78108  -33.816  -7.529  34.918 0.0000000000
58174  -20.277  -25.127  44.218 0.0000000000
58155  -20.142  -25.161  44.996 0.0000000000
58189  -19.628  -24.764  43.538 0.0000000000
85975  -55.496  -1.402  19.825 0.0000000000
84855  -54.921  -2.124  19.129 0.0000000000
85978  -55.278  -1.332  19.263 0.0000000000
49568  -7.361  -31.437  52.104 0.0000000000
49567  -6.804  -31.332  52.300 0.0000000000
48423  -6.744  -31.956  51.748 0.0000000000
65074  -26.592  -19.821  40.681 0.0000000000
66283  -26.621  -18.081  39.501 0.0000000000
69622  -27.104  -15.442  44.762 0.0000000000
73202  -28.809  -11.832  42.784 0.0000000000
73225  -29.330  -11.625  41.561 0.0000000000
58253  -23.551  -25.393  38.819 0.0000000000
58254  -24.316  -25.733  39.053 0.0000000000
55712  -29.354  -25.752  43.634 0.0000000000
54447  -29.009  -26.897  42.746 0.0000000000
55728  -29.563  -26.704  42.282 0.0000000000
58209  -24.074  -25.161  41.340 0.0000000000
58208  -23.246  -25.033  41.833 0.0000000000
58239  -22.904  -24.807  39.529 0.0000000000
81568  -49.274  -5.917  18.403 0.0000000000
81516  -49.476  -5.834  24.239 0.0000000000
81515  -48.874  -5.779  23.928 0.0000000000
82610  -52.832  -3.568  23.018 0.0000000000
82615  -52.188  -3.531  22.145 0.0000000000
83732  -52.650  -3.509  22.471 0.0000000000
83745  -52.283  -3.418  20.999 0.0000000000
83737  -52.693  -3.387  21.724 0.0000000000
83738  -53.458  -3.177  21.494 0.0000000000
71995  -29.745  -12.976  34.294 0.0000000000
70924  -35.826  -13.229  28.466 0.0000000000
70902  -37.027  -12.841  29.266 0.0000000000
70925  -36.828  -13.300  28.113 0.0000000000
74601  -36.714  -10.234  33.475 0.0000000000
74602  -37.346  -10.556  33.812 0.0000000000
72000  -40.392  -13.108  33.787 0.0000000000
73376  -40.774  -12.949  33.425 0.0000000000
73389  -40.577  -13.156  32.541 0.0000000000
73390  -41.117  -12.647  32.874 0.0000000000
74629  -41.249  -11.844  32.651 0.0000000000
74614  -41.182  -11.224  33.633 0.0000000000
54370  -12.194  -28.299  46.825 0.0000000000
53164  -11.739  -29.111  47.315 0.0000000000
51968  -11.566  -30.098  47.111 0.0000000000
47364  -8.500  -34.792  48.336 0.0000000000
45122  -5.905  -36.243  49.420 0.0000000000
75727  -32.665  -8.870  39.708 0.0000000000
59322  -19.645  -24.660  41.222 0.0000000000
50746  -8.806  -31.282  51.302 0.0000000000
50728  -8.692  -30.852  52.047 0.0000000000
61506  -29.891  -23.101  38.360 0.0000000000
63882  -27.761  -21.383  41.684 0.0000000000
62625  -28.258  -21.811  40.922 0.0000000000
63900  -27.742  -21.465  41.133 0.0000000000
63899  -27.231  -20.856  40.981 0.0000000000
63881  -27.133  -20.519  41.749 0.0000000000
59315  -29.969  -24.229  42.264 0.0000000000
58211  -30.162  -24.610  42.019 0.0000000000
59326  -30.437  -24.339  41.440 0.0000000000
59338  -31.147  -24.404  40.479 0.0000000000
58242  -31.067  -24.948  40.607 0.0000000000
58255  -31.223  -25.263  39.350 0.0000000000
56999  -30.901  -25.933  38.847 0.0000000000
58264  -31.110  -25.491  38.258 0.0000000000
59352  -31.339  -24.636  38.693 0.0000000000
60398  -31.328  -23.939  38.039 0.0000000000
55660  -25.659  -26.968  46.525 0.0000000000
55641  -24.810  -27.008  47.319 0.0000000000
55708  -25.605  -25.997  43.275 0.0000000000
55707  -24.805  -25.859  43.559 0.0000000000
78280  -42.491  -7.994  23.829 0.0000000000
73385  -30.649  -11.997  32.480 0.0000000000
72098  -34.322  -12.600  28.980 0.0000000000
72099  -35.201  -12.511  29.127 0.0000000000
72078  -35.632  -12.003  29.779 0.0000000000
75753  -39.276  -9.396  36.179 0.0000000000
74573  -39.032  -10.444  35.693 0.0000000000
74590  -40.982  -11.306  35.721 0.0000000000
58150  -15.083  -24.832  45.666 0.0000000000
58133  -15.942  -24.239  46.562 0.0000000000
56863  -13.925  -25.276  46.926 0.0000000000
54390  -12.476  -28.464  45.937 0.0000000000
53191  -12.675  -29.347  45.114 0.0000000000
63845  -28.612  -21.273  44.369 0.0000000000
65019  -28.199  -20.770  44.301 0.0000000000
65003  -28.561  -20.655  45.017 0.0000000000
66204  -27.664  -18.714  45.821 0.0000000000
54397  -27.685  -27.076  46.137 0.0000000000
54413  -27.790  -27.127  45.424 0.0000000000
54398  -28.092  -26.900  45.748 0.0000000000
55665  -28.846  -25.416  46.231 0.0000000000
55681  -28.958  -25.500  45.678 0.0000000000
55696  -29.108  -25.599  44.641 0.0000000000
62544  -28.404  -22.037  48.891 0.0000000000
62579  -29.429  -22.315  46.442 0.0000000000
61447  -29.475  -22.858  46.649 0.0000000000
60344  -29.609  -23.112  45.670 0.0000000000
59275  -29.588  -23.818  45.520 0.0000000000
60345  -29.584  -23.395  45.290 0.0000000000
60354  -29.572  -23.551  44.372 0.0000000000
61459  -29.511  -23.113  44.876 0.0000000000
62594  -29.116  -22.278  44.498 0.0000000000
63846  -28.865  -21.759  44.426 0.0000000000
62600  -28.901  -22.380  43.629 0.0000000000
55629  -27.812  -25.610  47.597 0.0000000000
54378  -27.592  -26.824  46.834 0.0000000000
54396  -27.215  -27.213  46.599 0.0000000000
75880  -39.865  -10.308  29.658 0.0000000000
75899  -39.425  -10.300  29.217 0.0000000000
77030  -41.126  -8.775  28.623 0.0000000000
77042  -41.477  -8.358  27.701 0.0000000000
78208  -43.886  -8.642  26.853 0.0000000000
77044  -43.368  -8.482  27.398 0.0000000000
77055  -43.342  -8.350  26.770 0.0000000000
78207  -42.548  -8.093  26.970 0.0000000000
78245  -42.296  -8.079  25.222 0.0000000000
79429  -45.190  -7.955  25.090 0.0000000000
78267  -44.498  -8.161  25.069 0.0000000000
79442  -44.825  -7.707  24.561 0.0000000000
79452  -44.032  -7.249  23.199 0.0000000000
79443  -46.142  -7.111  24.504 0.0000000000
79444  -47.140  -6.820  24.770 0.0000000000
80487  -50.477  -6.370  26.722 0.0000000000
71940  -29.254  -12.717  38.273 0.0000000000
71957  -30.160  -12.163  36.807 0.0000000000
75752  -32.294  -9.474  38.033 0.0000000000
74558  -31.869  -10.100  37.549 0.0000000000
75783  -32.042  -9.921  35.690 0.0000000000
74584  -31.781  -10.409  36.046 0.0000000000
73372  -31.053  -11.341  33.662 0.0000000000
76969  -32.712  -9.016  33.201 0.0000000000
75827  -32.105  -9.915  32.826 0.0000000000
75828  -32.668  -9.551  32.048 0.0000000000
76988  -33.887  -9.491  31.653 0.0000000000
76977  -33.479  -9.262  32.149 0.0000000000
78120  -35.489  -8.337  33.884 0.0000000000
78132  -35.347  -8.944  33.381 0.0000000000
76958  -36.121  -9.313  33.769 0.0000000000
78121  -36.455  -8.516  34.356 0.0000000000
79305  -37.453  -7.208  36.500 0.0000000000
78098  -37.853  -7.826  36.199 0.0000000000
76922  -37.704  -8.466  35.412 0.0000000000
76923  -38.306  -8.941  35.713 0.0000000000
58136  -19.249  -24.748  46.122 0.0000000000
59311  -18.728  -24.774  42.302 0.0000000000
59302  -18.908  -24.602  43.064 0.0000000000
59310  -18.340  -24.688  42.804 0.0000000000
58187  -17.823  -24.637  43.313 0.0000000000
65100  -26.420  -19.640  37.235 0.0000000000
67504  -27.308  -16.872  38.842 0.0000000000
67517  -27.971  -16.302  38.209 0.0000000000
67505  -28.042  -16.119  38.827 0.0000000000
63852  -27.931  -21.163  43.169 0.0000000000
66253  -26.666  -18.549  42.519 0.0000000000
69644  -27.478  -15.009  42.515 0.0000000000
68556  -27.701  -15.759  40.907 0.0000000000
67477  -27.405  -16.436  40.473 0.0000000000
70743  -28.423  -14.313  39.854 0.0000000000
70755  -28.361  -14.578  39.381 0.0000000000
70756  -28.561  -13.788  38.937 0.0000000000
73249  -30.280  -11.408  40.205 0.0000000000
71911  -29.818  -11.800  39.515 0.0000000000
73250  -31.062  -11.039  39.959 0.0000000000
74435  -30.754  -10.202  43.269 0.0000000000
74465  -30.817  -10.576  42.216 0.0000000000
74446  -31.058  -10.251  42.625 0.0000000000
75700  -32.544  -9.702  41.101 0.0000000000
56997  -25.153  -26.769  39.199 0.0000000000
54481  -28.602  -27.998  41.581 0.0000000000
54463  -28.182  -27.591  42.456 0.0000000000
54503  -28.360  -28.097  40.563 0.0000000000
54502  -27.547  -27.836  40.345 0.0000000000
56953  -30.412  -26.801  40.639 0.0000000000
55747  -30.159  -27.012  41.343 0.0000000000
56865  -21.300  -25.815  45.642 0.0000000000
56877  -21.492  -25.798  44.586 0.0000000000
56896  -23.946  -26.076  44.753 0.0000000000
56911  -22.303  -25.653  43.510 0.0000000000
58192  -22.012  -25.406  43.109 0.0000000000
58206  -21.264  -24.920  42.272 0.0000000000
59314  -20.983  -24.631  41.447 0.0000000000
58223  -21.611  -24.682  41.465 0.0000000000
80508  -46.686  -6.062  23.119 0.0000000000
80519  -47.215  -5.664  22.680 0.0000000000
81529  -48.467  -5.117  22.353 0.0000000000
81528  -47.489  -5.296  21.878 0.0000000000
81535  -48.303  -4.868  21.274 0.0000000000
82602  -51.171  -4.721  23.917 0.0000000000
82608  -51.235  -4.265  22.984 0.0000000000
82628  -49.946  -4.197  20.520 0.0000000000
82629  -50.687  -4.081  19.971 0.0000000000
82623  -52.349  -3.761  20.254 0.0000000000
82624  -53.099  -3.955  20.116 0.0000000000
83739  -54.220  -2.936  21.137 0.0000000000
83740  -54.673  -2.775  20.759 0.0000000000
83749  -54.931  -2.674  20.321 0.0000000000
84846  -55.150  -2.297  20.966 0.0000000000
49662  -10.104  -32.149  48.453 0.0000000000
49679  -10.178  -32.696  47.837 0.0000000000
69720  -29.394  -14.621  35.454 0.0000000000
70926  -37.571  -13.335  27.995 0.0000000000
72123  -38.077  -13.171  27.953 0.0000000000
75847  -34.580  -9.767  31.493 0.0000000000
74673  -34.783  -10.800  30.333 0.0000000000
74649  -35.295  -10.551  31.013 0.0000000000
73387  -36.485  -11.313  31.915 0.0000000000
73401  -35.998  -11.239  31.038 0.0000000000
72038  -36.548  -11.687  31.292 0.0000000000
72039  -37.108  -11.961  31.887 0.0000000000
73336  -38.558  -11.513  34.726 0.0000000000
73356  -38.141  -11.738  34.000 0.0000000000
73357  -38.691  -12.328  34.398 0.0000000000
72041  -38.873  -12.873  32.520 0.0000000000
70832  -38.299  -12.540  32.722 0.0000000000
70846  -38.520  -12.647  32.299 0.0000000000
70862  -38.380  -12.672  31.367 0.0000000000
70883  -37.861  -12.765  30.230 0.0000000000
72061  -38.630  -12.710  30.696 0.0000000000
72081  -39.098  -12.677  30.511 0.0000000000
73419  -39.484  -12.299  30.282 0.0000000000
74674  -39.599  -11.570  29.907 0.0000000000
74675  -39.972  -11.759  30.561 0.0000000000
75850  -41.458  -9.866  31.607 0.0000000000
76980  -41.787  -9.202  32.197 0.0000000000
51934  -10.947  -29.594  48.388 0.0000000000
51933  -10.656  -29.879  48.885 0.0000000000
53136  -10.580  -29.384  49.388 0.0000000000
49694  -11.437  -31.663  46.119 0.0000000000
47337  -7.895  -33.696  49.569 0.0000000000
48477  -8.502  -32.990  49.946 0.0000000000
48460  -7.707  -32.626  50.720 0.0000000000
45145  -7.141  -36.720  48.642 0.0000000000
45135  -7.194  -36.101  48.735 0.0000000000
47318  -6.467  -33.636  50.330 0.0000000000
47305  -6.802  -33.066  50.818 0.0000000000
47303  -6.102  -32.927  51.099 0.0000000000
47317  -5.882  -33.490  50.557 0.0000000000
47316  -5.557  -33.328  50.512 0.0000000000
45132  -4.652  -36.437  49.156 0.0000000000
49606  -8.982  -31.357  50.949 0.0000000000
61499  -29.394  -22.594  39.929 0.0000000000
62626  -29.232  -22.202  40.849 0.0000000000
62611  -28.603  -21.863  41.480 0.0000000000
55724  -26.132  -26.067  41.934 0.0000000000
55725  -26.665  -26.455  42.626 0.0000000000
54461  -26.985  -26.883  41.989 0.0000000000
61479  -29.752  -23.563  42.270 0.0000000000
60375  -30.090  -24.020  41.811 0.0000000000
61485  -30.086  -23.753  41.553 0.0000000000
60387  -30.752  -24.072  40.921 0.0000000000
61500  -30.430  -23.248  39.535 0.0000000000
54395  -26.848  -27.201  47.154 0.0000000000
80526  -46.128  -5.972  20.957 0.0000000000
67536  -27.426  -17.400  36.297 0.0000000000
73415  -30.919  -12.166  29.973 0.0000000000
73436  -34.355  -11.916  29.322 0.0000000000
73417  -34.873  -11.447  29.835 0.0000000000
56891  -13.813  -26.415  44.734 0.0000000000
56875  -13.701  -26.290  45.257 0.0000000000
55673  -13.247  -27.017  45.499 0.0000000000
53192  -12.877  -28.735  44.809 0.0000000000
53206  -12.927  -29.790  44.412 0.0000000000
53207  -13.214  -29.132  44.084 0.0000000000
67385  -27.363  -17.579  46.797 0.0000000000
55645  -27.900  -26.186  46.828 0.0000000000
55663  -28.294  -26.464  46.018 0.0000000000
55646  -28.157  -25.564  47.071 0.0000000000
56853  -28.857  -24.744  47.212 0.0000000000
58106  -28.996  -24.358  47.525 0.0000000000
62572  -28.799  -21.850  47.577 0.0000000000
63790  -28.851  -21.384  47.033 0.0000000000
63810  -29.286  -21.753  46.303 0.0000000000
62590  -29.389  -22.198  45.168 0.0000000000
63827  -29.308  -21.644  45.638 0.0000000000
63826  -28.992  -21.097  45.412 0.0000000000
55613  -27.882  -25.156  48.322 0.0000000000
78188  -44.405  -8.510  28.050 0.0000000000
78209  -44.577  -8.679  27.074 0.0000000000
78228  -44.439  -8.511  26.256 0.0000000000
78247  -44.156  -8.298  25.523 0.0000000000
73288  -30.662  -11.464  38.424 0.0000000000
71941  -30.073  -12.048  37.815 0.0000000000
73304  -31.265  -10.909  37.439 0.0000000000
76940  -32.140  -9.381  35.357 0.0000000000
75797  -31.941  -9.899  35.089 0.0000000000
76956  -32.310  -9.015  34.429 0.0000000000
78129  -32.751  -8.587  33.990 0.0000000000
76970  -33.955  -8.795  32.793 0.0000000000
79327  -35.370  -7.636  34.454 0.0000000000
58137  -20.141  -25.223  45.845 0.0000000000
58154  -19.376  -24.766  45.200 0.0000000000
58202  -17.783  -25.019  42.143 0.0000000000
56910  -15.976  -25.623  42.671 0.0000000000
83751  -54.496  -3.400  19.197 0.0000000000
83759  -54.670  -2.772  18.987 0.0000000000
84862  -54.545  -2.327  18.568 0.0000000000
85984  -54.388  -1.655  17.898 0.0000000000
49585  -6.198  -31.701  51.913 0.0000000000
62640  -27.225  -21.379  39.541 0.0000000000
62657  -27.478  -21.749  38.971 0.0000000000
63910  -26.904  -21.003  39.489 0.0000000000
65082  -26.551  -20.005  39.295 0.0000000000
65093  -26.487  -18.971  39.087 0.0000000000
66241  -26.843  -19.015  43.575 0.0000000000
68540  -26.847  -16.210  43.207 0.0000000000
70718  -27.620  -13.991  43.087 0.0000000000
70733  -28.399  -13.720  40.783 0.0000000000
70734  -28.722  -12.886  40.370 0.0000000000
73248  -29.599  -11.634  40.734 0.0000000000
76837  -31.929  -9.344  42.807 0.0000000000
55780  -26.129  -27.469  39.438 0.0000000000
54430  -28.709  -26.665  43.563 0.0000000000
54446  -28.419  -27.028  43.003 0.0000000000
54482  -29.199  -27.824  41.548 0.0000000000
55783  -29.965  -26.795  39.014 0.0000000000
56866  -22.355  -26.150  46.161 0.0000000000
56930  -23.403  -25.438  42.788 0.0000000000
56912  -22.802  -25.602  43.456 0.0000000000
58224  -22.325  -24.593  40.785 0.0000000000
81522  -48.548  -5.487  23.298 0.0000000000
81530  -49.418  -5.033  22.894 0.0000000000
82614  -51.448  -3.823  21.978 0.0000000000
82622  -51.554  -3.695  20.763 0.0000000000
84841  -54.733  -2.527  21.643 0.0000000000
48519  -10.727  -32.788  46.794 0.0000000000
48518  -10.162  -33.491  47.108 0.0000000000
70810  -29.538  -13.916  34.942 0.0000000000
70820  -29.103  -13.872  33.987 0.0000000000
75830  -35.652  -9.937  32.531 0.0000000000
74612  -36.408  -10.457  32.907 0.0000000000
73373  -36.732  -11.022  32.610 0.0000000000
73358  -39.522  -12.725  34.579 0.0000000000
71998  -39.004  -12.953  33.862 0.0000000000
71999  -39.856  -13.188  33.944 0.0000000000
72020  -39.425  -13.353  33.229 0.0000000000
72042  -39.231  -13.139  32.383 0.0000000000
72062  -39.308  -12.816  31.442 0.0000000000
72063  -39.907  -13.296  32.029 0.0000000000
73403  -40.364  -12.706  31.527 0.0000000000
74651  -40.475  -11.717  31.166 0.0000000000
74652  -41.015  -12.056  31.758 0.0000000000
55621  -12.011  -27.156  48.425 0.0000000000
54337  -11.555  -27.626  48.876 0.0000000000
53150  -11.282  -29.280  48.074 0.0000000000
51951  -11.161  -30.040  47.849 0.0000000000
50801  -11.187  -30.636  47.371 0.0000000000
50842  -11.714  -31.225  46.047 0.0000000000
47353  -8.697  -34.043  48.524 0.0000000000
47352  -8.124  -34.440  48.877 0.0000000000
47351  -7.623  -34.470  49.214 0.0000000000
45133  -6.295  -36.587  49.276 0.0000000000
46206  -6.658  -35.574  49.281 0.0000000000
45123  -6.362  -35.910  49.318 0.0000000000
46177  -5.984  -34.218  49.915 0.0000000000
60314  -28.413  -23.296  49.119 0.0000000000
66153  -27.821  -19.446  48.823 0.0000000000
78190  -46.735  -8.405  28.463 0.0000000000
75726  -32.477  -9.395  39.887 0.0000000000
75737  -32.423  -9.379  39.040 0.0000000000
75738  -32.697  -8.739  39.059 0.0000000000
76887  -32.654  -8.854  38.419 0.0000000000
76900  -32.717  -8.655  37.596 0.0000000000
78095  -33.003  -7.954  37.015 0.0000000000
79315  -34.260  -6.982  35.492 0.0000000000
58205  -20.461  -24.895  42.683 0.0000000000
58204  -19.906  -24.789  42.980 0.0000000000
59312  -19.624  -24.723  42.206 0.0000000000
59321  -18.919  -24.816  41.449 0.0000000000
49569  -7.832  -31.424  51.955 0.0000000000
49587  -7.537  -31.795  51.666 0.0000000000
62642  -28.739  -22.158  40.314 0.0000000000
61498  -28.420  -22.259  39.616 0.0000000000
62641  -27.608  -21.664  39.930 0.0000000000
73189  -29.860  -10.993  42.809 0.0000000000
58226  -24.360  -25.282  40.502 0.0000000000
58241  -24.513  -25.603  39.785 0.0000000000
56976  -24.929  -25.807  40.330 0.0000000000
56977  -25.403  -26.332  39.973 0.0000000000
55766  -25.910  -26.528  40.394 0.0000000000
55744  -26.194  -26.452  41.031 0.0000000000
56916  -29.883  -24.772  43.136 0.0000000000
56933  -30.019  -25.340  42.150 0.0000000000
56954  -30.591  -26.037  41.032 0.0000000000
58228  -30.758  -24.596  41.135 0.0000000000
56998  -30.540  -26.318  39.181 0.0000000000
55640  -23.766  -26.732  47.155 0.0000000000
55658  -23.931  -26.453  46.103 0.0000000000
56880  -23.961  -26.222  45.319 0.0000000000
55691  -24.757  -26.058  44.209 0.0000000000
78244  -41.289  -8.401  24.932 0.0000000000
81552  -47.886  -6.063  19.103 0.0000000000
81518  -50.817  -5.653  25.090 0.0000000000
82595  -50.694  -5.436  24.541 0.0000000000
82596  -51.099  -5.257  24.844 0.0000000000
82597  -51.903  -4.504  24.675 0.0000000000
83729  -54.265  -2.726  23.274 0.0000000000
72016  -30.070  -12.423  33.362 0.0000000000
72037  -29.948  -12.654  32.537 0.0000000000
75786  -38.100  -9.639  35.032 0.0000000000
74587  -38.488  -10.559  34.971 0.0000000000
74588  -39.046  -11.256  35.484 0.0000000000
74589  -39.557  -11.808  35.790 0.0000000000
73338  -40.013  -12.328  35.290 0.0000000000
73339  -40.896  -11.844  35.262 0.0000000000
73360  -41.120  -11.786  34.362 0.0000000000
74615  -41.151  -10.778  34.050 0.0000000000
55657  -13.004  -26.910  46.372 0.0000000000
55638  -12.746  -26.943  47.055 0.0000000000
54353  -12.398  -27.462  47.230 0.0000000000
51993  -12.139  -30.044  46.199 0.0000000000
43938  -5.718  -37.610  49.606 0.0000000000
62605  -28.840  -22.052  42.544 0.0000000000
63853  -28.341  -21.500  43.504 0.0000000000
66221  -27.340  -19.078  44.818 0.0000000000
54427  -27.442  -27.182  45.148 0.0000000000
54428  -27.832  -27.079  44.545 0.0000000000
55679  -28.326  -26.653  45.507 0.0000000000
54415  -28.533  -26.584  44.380 0.0000000000
55695  -28.921  -26.195  44.108 0.0000000000
56897  -29.528  -25.142  44.020 0.0000000000
60320  -28.781  -23.499  48.308 0.0000000000
59252  -29.038  -23.932  47.831 0.0000000000
59261  -29.280  -23.934  47.176 0.0000000000
61441  -29.276  -22.960  47.335 0.0000000000
60329  -29.428  -23.418  46.866 0.0000000000
59266  -29.494  -23.881  46.276 0.0000000000
58140  -29.554  -24.147  45.496 0.0000000000
56898  -29.618  -24.582  44.353 0.0000000000
58177  -29.780  -24.237  43.975 0.0000000000
59294  -29.769  -23.923  43.761 0.0000000000
60362  -29.667  -23.690  43.516 0.0000000000
61464  -29.349  -22.758  44.665 0.0000000000
61472  -29.553  -23.400  43.200 0.0000000000
61478  -29.413  -22.984  42.882 0.0000000000
54360  -26.963  -26.571  47.710 0.0000000000
74713  -38.260  -11.654  27.759 0.0000000000
75898  -38.772  -10.597  28.505 0.0000000000
77029  -39.832  -9.637  28.838 0.0000000000
77040  -38.828  -9.581  27.481 0.0000000000
78167  -42.807  -8.526  29.166 0.0000000000
78187  -43.686  -8.552  28.283 0.0000000000
77032  -43.107  -8.530  28.175 0.0000000000
78206  -41.953  -8.112  26.911 0.0000000000
78225  -41.598  -8.176  25.995 0.0000000000
78265  -42.958  -7.961  24.370 0.0000000000
78266  -43.912  -8.115  24.793 0.0000000000
80506  -44.814  -6.566  22.426 0.0000000000
80498  -46.921  -6.470  23.964 0.0000000000
80499  -47.762  -6.338  24.316 0.0000000000
80500  -48.690  -6.222  24.552 0.0000000000
80501  -49.559  -6.237  24.934 0.0000000000
78232  -48.085  -8.233  27.269 0.0000000000
79433  -49.154  -6.927  26.120 0.0000000000
80493  -49.666  -6.490  25.666 0.0000000000
80502  -50.148  -6.171  25.259 0.0000000000
81512  -51.140  -5.620  25.636 0.0000000000
69688  -29.104  -14.755  37.268 0.0000000000
70782  -29.307  -13.862  36.755 0.0000000000
71969  -29.745  -13.028  36.301 0.0000000000
71982  -30.256  -12.340  34.899 0.0000000000
74557  -31.565  -10.595  37.910 0.0000000000
73318  -31.212  -10.974  36.654 0.0000000000
74571  -31.881  -10.114  36.725 0.0000000000
73353  -30.637  -11.732  34.363 0.0000000000
73386  -30.976  -11.583  33.083 0.0000000000
74626  -31.379  -10.970  32.567 0.0000000000
75860  -32.484  -10.147  30.847 0.0000000000
75861  -33.271  -10.215  30.432 0.0000000000
75829  -35.162  -9.802  31.991 0.0000000000
76979  -35.198  -9.492  32.690 0.0000000000
75798  -36.460  -9.861  33.657 0.0000000000
75799  -36.997  -9.802  34.049 0.0000000000
79316  -35.449  -7.115  35.182 0.0000000000
79317  -36.216  -7.667  34.845 0.0000000000
79304  -36.693  -7.084  35.976 0.0000000000
78109  -37.054  -8.055  35.092 0.0000000000
76942  -37.367  -9.066  34.691 0.0000000000
75785  -37.570  -9.707  34.531 0.0000000000
75769  -38.488  -9.554  35.513 0.0000000000
76924  -38.755  -8.930  36.086 0.0000000000
58188  -18.847  -24.557  43.660 0.0000000000
58172  -18.599  -24.501  44.398 0.0000000000
58152  -17.319  -24.297  45.459 0.0000000000
58169  -15.439  -25.018  44.673 0.0000000000
56909  -15.113  -25.717  43.419 0.0000000000
87066  -55.322  -0.487  18.592 0.0000000000
66307  -26.936  -18.045  37.101 0.0000000000
63866  -28.344  -21.692  42.602 0.0000000000
63865  -27.743  -21.129  42.568 0.0000000000
65052  -27.246  -20.321  42.695 0.0000000000
65034  -26.919  -19.510  42.929 0.0000000000
65051  -26.805  -19.751  42.235 0.0000000000
66265  -26.528  -18.611  41.689 0.0000000000
67476  -26.798  -17.476  41.066 0.0000000000
68568  -28.278  -15.802  39.135 0.0000000000
69676  -28.468  -15.432  38.666 0.0000000000
69677  -28.620  -14.718  38.190 0.0000000000
74526  -31.590  -10.616  39.778 0.0000000000
73204  -30.186  -10.947  42.100 0.0000000000
74487  -30.885  -10.718  41.731 0.0000000000
74488  -31.334  -10.620  41.278 0.0000000000
75663  -31.671  -9.898  42.316 0.0000000000
74467  -31.772  -10.255  41.586 0.0000000000
74509  -32.087  -10.193  40.494 0.0000000000
75714  -32.479  -9.629  40.449 0.0000000000
54462  -27.445  -26.976  42.690 0.0000000000
55746  -29.604  -27.697  40.991 0.0000000000
55769  -29.062  -27.805  40.109 0.0000000000
55768  -28.507  -28.005  39.869 0.0000000000
54536  -27.900  -27.973  38.688 0.0000000000
56848  -20.712  -25.644  46.394 0.0000000000
56864  -20.702  -25.569  45.843 0.0000000000
58156  -20.811  -25.513  44.825 0.0000000000
56894  -22.112  -25.803  43.966 0.0000000000
56893  -21.524  -25.770  44.043 0.0000000000
59323  -20.381  -24.526  40.926 0.0000000000
59325  -21.683  -24.413  40.257 0.0000000000
81527  -46.796  -5.471  21.173 0.0000000000
81524  -49.972  -5.425  23.854 0.0000000000
81531  -49.756  -5.216  23.380 0.0000000000
82612  -49.865  -4.722  22.442 0.0000000000
81546  -49.116  -4.406  20.748 0.0000000000
81569  -50.266  -5.673  18.279 0.0000000000
81570  -51.341  -5.755  18.250 0.0000000000
81558  -53.231  -4.925  18.736 0.0000000000
82633  -54.128  -4.127  19.388 0.0000000000
82625  -53.768  -3.969  19.996 0.0000000000
84852  -55.348  -2.014  20.004 0.0000000000
85976  -55.699  -1.196  20.344 0.0000000000
50781  -10.168  -31.372  49.004 0.0000000000
48491  -9.655  -32.589  48.820 0.0000000000
48504  -9.312  -33.725  47.980 0.0000000000
48517  -9.490  -34.287  47.331 0.0000000000
72015  -29.437  -13.261  33.070 0.0000000000
73453  -38.368  -12.518  27.914 0.0000000000
74672  -33.889  -10.805  29.912 0.0000000000
74650  -35.942  -10.835  31.630 0.0000000000
73418  -35.669  -11.510  30.328 0.0000000000
72079  -36.341  -12.265  30.097 0.0000000000
70881  -36.818  -12.430  30.335 0.0000000000
73355  -37.609  -11.221  33.588 0.0000000000
72017  -37.510  -11.813  32.669 0.0000000000
71997  -38.330  -12.378  33.627 0.0000000000
72018  -37.989  -12.229  32.966 0.0000000000
70844  -37.273  -12.340  31.305 0.0000000000
70860  -37.133  -12.453  30.770 0.0000000000
70882  -37.176  -12.628  30.216 0.0000000000
73454  -38.800  -12.220  28.642 0.0000000000
74696  -39.034  -11.578  29.088 0.0000000000
75862  -39.766  -11.115  30.028 0.0000000000
75848  -40.602  -11.213  31.129 0.0000000000
76998  -40.693  -10.156  30.488 0.0000000000
75865  -41.472  -9.536  30.921 0.0000000000
75814  -41.239  -10.800  33.407 0.0000000000
51917  -10.207  -30.170  50.202 0.0000000000
51918  -10.410  -29.880  49.723 0.0000000000
49663  -10.449  -31.699  48.162 0.0000000000
50821  -11.061  -31.342  47.089 0.0000000000
52017  -12.007  -30.866  45.799 0.0000000000
50854  -11.963  -31.365  45.187 0.0000000000
49605  -8.702  -31.743  50.817 0.0000000000
49604  -8.229  -31.951  50.984 0.0000000000
48444  -7.552  -32.122  51.357 0.0000000000
48443  -7.051  -32.365  51.416 0.0000000000
46220  -7.463  -35.807  48.603 0.0000000000
47336  -7.247  -34.064  49.659 0.0000000000
46194  -6.899  -34.538  49.584 0.0000000000
47319  -7.078  -33.394  50.388 0.0000000000
48442  -6.389  -32.396  51.470 0.0000000000
48458  -5.576  -33.066  50.862 0.0000000000
48440  -5.503  -32.655  51.095 0.0000000000
49603  -5.298  -32.078  51.043 0.0000000000
43937  -5.227  -37.831  49.700 0.0000000000
47350  -4.713  -34.419  49.281 0.0000000000
48461  -8.416  -32.324  50.518 0.0000000000
49623  -8.929  -32.267  50.176 0.0000000000
50765  -10.256  -30.391  49.841 0.0000000000
50841  -11.367  -31.424  46.457 0.0000000000
53138  -11.291  -28.255  48.837 0.0000000000
54377  -27.171  -27.001  47.269 0.0000000000
54465  -29.278  -27.136  42.284 0.0000000000
55614  -28.155  -24.967  48.143 0.0000000000
55644  -27.584  -26.440  47.130 0.0000000000
55662  -27.087  -27.276  46.229 0.0000000000
55674  -23.957  -26.286  45.585 0.0000000000
55729  -29.593  -25.911  42.681 0.0000000000
56824  -28.101  -24.700  48.702 0.0000000000
56838  -28.749  -24.598  47.632 0.0000000000
56852  -28.555  -25.192  46.999 0.0000000000
56868  -28.752  -25.348  46.489 0.0000000000
56869  -29.077  -25.026  46.347 0.0000000000
56882  -29.507  -24.470  44.923 0.0000000000
56934  -30.041  -24.864  42.304 0.0000000000
58105  -28.724  -24.476  47.878 0.0000000000
58139  -29.426  -24.397  45.899 0.0000000000
58157  -29.492  -24.385  45.283 0.0000000000
58158  -29.602  -24.177  44.889 0.0000000000
58210  -30.099  -25.118  42.069 0.0000000000
58243  -31.028  -24.594  40.905 0.0000000000
59244  -28.488  -23.864  48.770 0.0000000000
59274  -29.547  -24.055  45.817 0.0000000000
59304  -29.843  -24.009  43.035 0.0000000000
60321  -29.171  -23.475  47.601 0.0000000000
60336  -29.591  -23.331  46.054 0.0000000000
60337  -29.592  -23.539  45.712 0.0000000000
60380  -30.598  -23.930  41.094 0.0000000000
61425  -28.316  -22.609  49.486 0.0000000000
61452  -29.596  -22.786  45.916 0.0000000000
61458  -29.514  -22.684  45.323 0.0000000000
61497  -27.991  -22.088  39.564 0.0000000000
61511  -27.108  -21.916  37.414 0.0000000000
62585  -29.494  -22.226  45.807 0.0000000000
62656  -27.160  -21.361  39.148 0.0000000000
62671  -27.562  -21.971  38.511 0.0000000000
63791  -29.244  -21.933  46.748 0.0000000000
63854  -28.619  -21.800  43.864 0.0000000000
66254  -26.743  -18.484  42.975 0.0000000000
67449  -26.652  -17.929  42.409 0.0000000000
70831  -38.038  -12.420  32.487 0.0000000000
70847  -38.995  -12.865  32.282 0.0000000000
72021  -40.208  -13.349  33.296 0.0000000000
72040  -37.678  -12.174  32.404 0.0000000000
72122  -35.460  -12.833  28.863 0.0000000000
73224  -28.761  -11.992  42.190 0.0000000000
73320  -40.742  -11.554  35.858 0.0000000000
73374  -37.325  -11.329  32.951 0.0000000000
74585  -31.931  -10.135  36.339 0.0000000000
75684  -31.780  -10.113  41.849 0.0000000000
75770  -38.978  -9.571  35.883 0.0000000000
75815  -41.397  -10.333  33.634 0.0000000000
76901  -32.881  -8.446  38.129 0.0000000000
76971  -34.886  -9.106  32.914 0.0000000000
76978  -34.655  -9.407  32.268 0.0000000000
77016  -42.762  -8.547  28.775 0.0000000000
77033  -43.709  -8.665  27.897 0.0000000000
77054  -42.932  -8.204  27.021 0.0000000000
78080  -32.968  -8.180  37.506 0.0000000000
79440  -43.173  -7.852  23.950 0.0000000000
81511  -50.597  -5.906  25.289 0.0000000000
82606  -49.861  -4.885  22.831 0.0000000000
87062  -55.469  -0.788  19.258 0.0000000000
87067  -55.655  0.036  18.729 0.0000000000
