#!ascii label  , from subject sub-THP0005 vox2ras=TkReg
944
61501  -34.653  -22.483  39.553 0.0000000000
55742  -21.253  -27.713  41.193 0.0000000000
52149  -30.390  -30.407  39.643 0.0000000000
80506  -44.814  -6.566  22.426 0.0000000000
80557  -52.546  -6.711  17.601 0.0000000000
54437  -13.781  -28.237  43.529 0.0000000000
78224  -40.552  -8.538  25.728 0.0000000000
65095  -32.411  -19.606  38.424 0.0000000000
55784  -33.624  -27.540  39.888 0.0000000000
55759  -16.876  -27.358  40.432 0.0000000000
52044  -18.268  -30.698  44.056 0.0000000000
60429  -30.882  -24.231  35.143 0.0000000000
62742  -27.264  -21.409  34.766 0.0000000000
52125  -25.550  -30.313  40.115 0.0000000000
57026  -29.870  -26.748  37.675 0.0000000000
68756  -38.080  -16.849  27.015 0.0000000000
72170  -40.795  -12.894  26.125 0.0000000000
74773  -44.473  -11.858  24.160 0.0000000000
47404  -11.202  -34.623  45.558 0.0000000000
46235  -8.285  -36.037  47.788 0.0000000000
67591  -29.190  -17.722  32.496 0.0000000000
69778  -31.467  -16.342  30.897 0.0000000000
68721  -34.037  -17.170  29.312 0.0000000000
48572  -14.767  -33.480  44.611 0.0000000000
54458  -20.967  -28.362  42.771 0.0000000000
53212  -22.853  -30.012  43.529 0.0000000000
58256  -34.390  -25.039  39.159 0.0000000000
59344  -19.914  -24.694  39.658 0.0000000000
56972  -19.117  -26.473  39.725 0.0000000000
54456  -18.986  -28.739  42.304 0.0000000000
61507  -30.873  -23.348  38.501 0.0000000000
58286  -31.278  -25.641  36.214 0.0000000000
70957  -37.724  -14.306  26.215 0.0000000000
68773  -39.957  -15.637  26.536 0.0000000000
73516  -38.478  -12.452  25.504 0.0000000000
75957  -41.210  -10.214  23.378 0.0000000000
77117  -43.743  -9.299  21.715 0.0000000000
75960  -46.178  -10.808  22.751 0.0000000000
78322  -46.173  -8.432  20.491 0.0000000000
78335  -48.565  -8.192  19.830 0.0000000000
66327  -26.728  -18.181  36.112 0.0000000000
65150  -28.183  -19.313  33.362 0.0000000000
68632  -28.089  -16.393  35.161 0.0000000000
70859  -29.436  -14.447  31.120 0.0000000000
72094  -30.600  -13.779  29.226 0.0000000000
69812  -32.426  -16.169  29.514 0.0000000000
72119  -33.031  -13.934  28.614 0.0000000000
70923  -34.642  -14.320  28.223 0.0000000000
52127  -27.415  -31.061  40.234 0.0000000000
50865  -12.407  -31.806  44.327 0.0000000000
50883  -14.223  -31.421  43.220 0.0000000000
42835  -8.665  -38.483  49.433 0.0000000000
42804  -6.361  -38.676  49.989 0.0000000000
77040  -38.828  -9.581  27.481 0.0000000000
67518  -32.037  -17.979  37.663 0.0000000000
53275  -32.294  -29.321  40.274 0.0000000000
54472  -15.170  -28.321  41.761 0.0000000000
52089  -15.523  -30.463  42.117 0.0000000000
52107  -17.945  -30.097  41.558 0.0000000000
81584  -53.558  -5.744  16.214 0.0000000000
60414  -33.678  -23.611  35.787 0.0000000000
62719  -32.508  -21.847  35.136 0.0000000000
61541  -29.560  -23.166  34.708 0.0000000000
56993  -21.870  -26.170  38.953 0.0000000000
54500  -22.956  -28.742  40.569 0.0000000000
54532  -24.192  -28.248  38.877 0.0000000000
52160  -25.848  -29.822  38.574 0.0000000000
52182  -28.453  -30.052  37.641 0.0000000000
55791  -28.648  -27.663  38.358 0.0000000000
53328  -29.910  -29.402  37.487 0.0000000000
54557  -32.293  -28.110  37.432 0.0000000000
57046  -33.353  -26.241  36.417 0.0000000000
67629  -38.494  -17.989  29.927 0.0000000000
75938  -39.447  -10.640  24.551 0.0000000000
74758  -42.367  -11.671  25.096 0.0000000000
78348  -50.275  -8.300  18.963 0.0000000000
47388  -9.841  -35.121  46.531 0.0000000000
43964  -10.332  -37.520  48.675 0.0000000000
63966  -31.282  -20.655  35.343 0.0000000000
66349  -30.587  -19.301  34.679 0.0000000000
67575  -31.299  -17.964  34.401 0.0000000000
70819  -28.673  -14.753  33.554 0.0000000000
68677  -29.830  -16.926  31.783 0.0000000000
69750  -32.200  -16.654  32.881 0.0000000000
69765  -33.436  -16.678  32.869 0.0000000000
66420  -34.662  -18.096  32.113 0.0000000000
66423  -36.999  -18.811  31.313 0.0000000000
67642  -36.410  -17.602  28.737 0.0000000000
69846  -35.995  -15.508  26.978 0.0000000000
52074  -25.275  -30.470  43.159 0.0000000000
49703  -11.553  -31.947  45.605 0.0000000000
47425  -12.988  -34.402  44.818 0.0000000000
50868  -17.059  -32.213  44.781 0.0000000000
41766  -5.265  -39.608  50.463 0.0000000000
55723  -21.238  -28.058  41.885 0.0000000000
54443  -21.810  -28.982  42.917 0.0000000000
54477  -22.265  -28.505  41.406 0.0000000000
59349  -34.576  -24.249  39.619 0.0000000000
56991  -20.273  -26.015  39.149 0.0000000000
58248  -19.286  -25.806  39.451 0.0000000000
55763  -20.521  -27.136  40.282 0.0000000000
55741  -20.164  -27.548  41.142 0.0000000000
72139  -37.749  -13.281  27.080 0.0000000000
72154  -37.924  -13.377  26.244 0.0000000000
73471  -37.922  -12.495  27.030 0.0000000000
79452  -44.032  -7.249  23.199 0.0000000000
78292  -42.488  -8.745  22.463 0.0000000000
79468  -43.863  -8.106  21.467 0.0000000000
77119  -45.254  -9.430  21.221 0.0000000000
79470  -45.121  -7.242  20.684 0.0000000000
80535  -45.907  -7.194  20.317 0.0000000000
68631  -27.532  -17.047  35.436 0.0000000000
73399  -30.556  -12.193  31.109 0.0000000000
72095  -31.400  -13.867  28.706 0.0000000000
73434  -32.590  -12.435  29.049 0.0000000000
72098  -34.322  -12.600  28.980 0.0000000000
52129  -29.595  -30.851  40.647 0.0000000000
52113  -28.809  -31.018  41.580 0.0000000000
52115  -30.576  -30.567  42.214 0.0000000000
52043  -13.208  -30.328  43.964 0.0000000000
53221  -14.021  -29.428  43.025 0.0000000000
79499  -52.213  -7.834  17.663 0.0000000000
42805  -7.377  -38.833  50.548 0.0000000000
65086  -33.438  -19.568  39.360 0.0000000000
66296  -32.170  -18.689  38.208 0.0000000000
54506  -33.343  -28.237  40.345 0.0000000000
55749  -33.873  -27.812  41.468 0.0000000000
58235  -17.199  -25.857  40.751 0.0000000000
56929  -16.276  -26.012  41.859 0.0000000000
56928  -15.492  -26.377  42.185 0.0000000000
55738  -16.117  -27.377  40.896 0.0000000000
53252  -16.584  -29.224  40.899 0.0000000000
53269  -17.157  -28.789  40.616 0.0000000000
54440  -19.677  -28.428  43.132 0.0000000000
54439  -18.980  -28.927  43.577 0.0000000000
60430  -32.583  -24.043  34.794 0.0000000000
60448  -32.117  -23.531  34.501 0.0000000000
60411  -29.856  -23.579  35.224 0.0000000000
58253  -23.551  -25.393  38.819 0.0000000000
56995  -23.076  -26.885  38.792 0.0000000000
58262  -23.866  -26.071  38.660 0.0000000000
54534  -25.930  -28.321  38.474 0.0000000000
53307  -26.257  -29.241  38.176 0.0000000000
52161  -26.587  -30.119  38.363 0.0000000000
54552  -27.521  -28.928  37.777 0.0000000000
55793  -29.848  -26.687  38.340 0.0000000000
55792  -29.380  -27.001  38.112 0.0000000000
54554  -29.265  -28.394  37.240 0.0000000000
54555  -30.428  -28.232  36.877 0.0000000000
53330  -31.542  -28.833  37.697 0.0000000000
54575  -30.774  -27.656  36.584 0.0000000000
59380  -31.364  -24.854  35.620 0.0000000000
57054  -32.228  -26.050  35.731 0.0000000000
58301  -32.571  -25.441  35.481 0.0000000000
58287  -33.562  -25.365  36.015 0.0000000000
67644  -38.260  -17.879  29.054 0.0000000000
68724  -39.704  -17.200  29.771 0.0000000000
68741  -39.476  -17.133  28.588 0.0000000000
72155  -40.492  -14.080  26.113 0.0000000000
69849  -40.925  -15.206  27.317 0.0000000000
78204  -39.733  -8.691  26.568 0.0000000000
77062  -38.563  -9.943  25.649 0.0000000000
78242  -39.716  -9.301  24.905 0.0000000000
75959  -42.616  -10.912  23.068 0.0000000000
75949  -41.626  -10.905  23.728 0.0000000000
74772  -43.512  -11.739  24.367 0.0000000000
73521  -43.232  -11.995  25.803 0.0000000000
78336  -49.412  -8.261  19.639 0.0000000000
79495  -49.010  -7.166  18.715 0.0000000000
79497  -50.459  -7.695  18.341 0.0000000000
48549  -10.848  -34.011  45.670 0.0000000000
47389  -10.253  -34.563  46.299 0.0000000000
46267  -10.794  -34.911  45.953 0.0000000000
45148  -10.972  -36.976  48.620 0.0000000000
43942  -9.932  -37.561  50.518 0.0000000000
61560  -29.499  -22.299  34.328 0.0000000000
62718  -31.657  -21.111  35.285 0.0000000000
62744  -29.226  -21.456  34.162 0.0000000000
66384  -28.087  -18.641  33.230 0.0000000000
65145  -29.963  -19.698  33.924 0.0000000000
66368  -30.345  -18.977  33.533 0.0000000000
66369  -30.833  -18.663  34.280 0.0000000000
67592  -30.375  -18.217  32.769 0.0000000000
70820  -29.103  -13.872  33.987 0.0000000000
69777  -30.235  -15.750  30.563 0.0000000000
69776  -29.356  -15.472  31.196 0.0000000000
68691  -30.969  -16.555  31.248 0.0000000000
68678  -31.100  -17.185  32.146 0.0000000000
69763  -31.804  -16.574  31.835 0.0000000000
69751  -33.010  -16.433  33.368 0.0000000000
69779  -32.310  -16.495  31.465 0.0000000000
69813  -33.470  -16.443  29.166 0.0000000000
67626  -33.711  -17.712  30.736 0.0000000000
66443  -34.480  -18.397  30.258 0.0000000000
66421  -35.166  -18.610  31.858 0.0000000000
66444  -35.358  -18.495  29.915 0.0000000000
66445  -36.290  -18.333  29.615 0.0000000000
68723  -35.575  -17.169  28.766 0.0000000000
70924  -35.826  -13.229  28.466 0.0000000000
69845  -35.499  -14.911  27.358 0.0000000000
70925  -36.828  -13.300  28.113 0.0000000000
52123  -24.275  -29.760  40.358 0.0000000000
53242  -23.772  -29.845  41.322 0.0000000000
52094  -25.089  -30.470  42.018 0.0000000000
49714  -14.255  -33.099  43.782 0.0000000000
49713  -13.022  -32.702  43.757 0.0000000000
48571  -13.776  -33.905  44.513 0.0000000000
50898  -17.128  -31.343  42.556 0.0000000000
50885  -16.710  -32.011  43.390 0.0000000000
50869  -17.672  -31.546  44.320 0.0000000000
54411  -20.617  -28.890  44.507 0.0000000000
53210  -21.315  -29.246  44.236 0.0000000000
53198  -22.778  -30.047  44.395 0.0000000000
52046  -23.495  -30.218  43.918 0.0000000000
57000  -33.918  -26.700  39.568 0.0000000000
55772  -34.188  -26.876  41.042 0.0000000000
59333  -19.033  -24.852  40.675 0.0000000000
58236  -17.853  -25.722  40.356 0.0000000000
55760  -17.710  -27.382  40.288 0.0000000000
54498  -17.995  -28.080  40.510 0.0000000000
55739  -18.904  -28.007  40.945 0.0000000000
55705  -19.902  -28.072  42.457 0.0000000000
60403  -30.519  -23.814  36.507 0.0000000000
61514  -29.855  -23.450  36.953 0.0000000000
57015  -30.805  -25.953  38.294 0.0000000000
57043  -30.828  -26.764  36.481 0.0000000000
60404  -31.179  -24.127  36.989 0.0000000000
69861  -37.756  -15.398  26.244 0.0000000000
68772  -39.333  -15.969  26.468 0.0000000000
69862  -38.613  -15.208  25.878 0.0000000000
70969  -38.936  -14.172  25.370 0.0000000000
72169  -40.160  -13.317  25.714 0.0000000000
78262  -40.549  -9.216  23.935 0.0000000000
78278  -41.789  -9.036  22.990 0.0000000000
77102  -42.408  -9.669  22.516 0.0000000000
75969  -43.860  -10.414  22.291 0.0000000000
74785  -45.640  -11.318  23.247 0.0000000000
75970  -44.834  -10.197  22.055 0.0000000000
77120  -46.370  -9.818  21.569 0.0000000000
77139  -47.743  -9.185  20.965 0.0000000000
78323  -47.182  -8.467  20.381 0.0000000000
80537  -47.243  -6.772  19.590 0.0000000000
47390  -12.953  -35.275  46.818 0.0000000000
46237  -11.859  -36.011  47.055 0.0000000000
46238  -12.453  -35.665  47.405 0.0000000000
65130  -26.537  -19.796  35.398 0.0000000000
63980  -27.454  -20.786  34.183 0.0000000000
66347  -26.644  -18.900  34.921 0.0000000000
67573  -27.329  -18.006  33.829 0.0000000000
68663  -27.724  -17.186  33.700 0.0000000000
72015  -29.437  -13.261  33.070 0.0000000000
72058  -30.127  -12.633  31.797 0.0000000000
72057  -29.998  -13.317  30.918 0.0000000000
70880  -30.438  -15.025  29.701 0.0000000000
69796  -32.299  -16.421  30.611 0.0000000000
69811  -31.562  -15.497  29.002 0.0000000000
69829  -32.222  -15.454  28.735 0.0000000000
69830  -33.063  -15.643  28.754 0.0000000000
69831  -34.181  -15.828  28.611 0.0000000000
72120  -33.978  -13.623  28.678 0.0000000000
52126  -26.439  -30.707  40.160 0.0000000000
52096  -27.041  -30.952  42.365 0.0000000000
52112  -27.772  -31.065  41.390 0.0000000000
50882  -13.625  -31.615  43.528 0.0000000000
49729  -14.772  -32.397  43.345 0.0000000000
43962  -8.312  -38.011  48.424 0.0000000000
45146  -7.554  -36.458  48.269 0.0000000000
43961  -7.508  -37.513  48.528 0.0000000000
42817  -6.640  -38.041  49.358 0.0000000000
43938  -5.718  -37.610  49.606 0.0000000000
68614  -31.997  -17.551  37.028 0.0000000000
53292  -31.353  -29.780  39.496 0.0000000000
53258  -31.563  -30.188  42.163 0.0000000000
56909  -15.113  -25.717  43.419 0.0000000000
54438  -14.237  -27.905  42.986 0.0000000000
53222  -14.700  -29.815  42.436 0.0000000000
53238  -15.058  -29.339  41.984 0.0000000000
52105  -16.186  -29.991  41.487 0.0000000000
52070  -18.174  -30.858  42.933 0.0000000000
53254  -18.513  -29.497  41.730 0.0000000000
53239  -18.712  -29.518  42.875 0.0000000000
52045  -18.623  -30.123  44.001 0.0000000000
80558  -53.165  -6.693  17.143 0.0000000000
60406  -34.232  -23.554  37.607 0.0000000000
61515  -33.863  -22.553  37.089 0.0000000000
61544  -33.319  -22.766  35.352 0.0000000000
61561  -30.558  -22.890  34.271 0.0000000000
61540  -28.411  -22.646  34.913 0.0000000000
61512  -27.794  -22.348  37.806 0.0000000000
61521  -27.205  -22.179  36.661 0.0000000000
63963  -26.441  -20.845  36.474 0.0000000000
66294  -26.598  -18.803  37.538 0.0000000000
56975  -21.435  -26.571  39.360 0.0000000000
55743  -22.011  -27.731  40.598 0.0000000000
54515  -22.754  -27.796  39.737 0.0000000000
54516  -23.340  -28.252  39.515 0.0000000000
53273  -24.640  -29.547  39.437 0.0000000000
57012  -24.924  -27.125  38.825 0.0000000000
53305  -24.735  -28.814  38.779 0.0000000000
52144  -25.214  -29.895  39.171 0.0000000000
52146  -26.966  -30.868  39.101 0.0000000000
52147  -28.090  -31.078  39.175 0.0000000000
52148  -29.234  -30.839  39.410 0.0000000000
54536  -27.900  -27.973  38.688 0.0000000000
54553  -28.197  -28.444  37.753 0.0000000000
52183  -29.281  -30.050  37.710 0.0000000000
52165  -30.437  -30.223  38.863 0.0000000000
53311  -31.730  -29.130  38.364 0.0000000000
53312  -32.285  -28.825  38.745 0.0000000000
55794  -32.989  -27.983  38.419 0.0000000000
55820  -31.817  -27.254  36.374 0.0000000000
55821  -32.760  -27.276  36.889 0.0000000000
55806  -33.430  -26.997  37.704 0.0000000000
58265  -34.049  -25.617  37.732 0.0000000000
59360  -34.233  -24.367  37.641 0.0000000000
59346  -21.337  -24.794  39.259 0.0000000000
69834  -40.588  -15.805  27.714 0.0000000000
74743  -37.910  -11.486  25.996 0.0000000000
74754  -38.566  -11.538  25.264 0.0000000000
73518  -40.297  -12.391  25.436 0.0000000000
75947  -40.087  -10.623  24.108 0.0000000000
74769  -40.769  -11.196  24.446 0.0000000000
73519  -41.286  -12.297  25.931 0.0000000000
73496  -43.018  -12.184  26.828 0.0000000000
78349  -51.108  -8.700  18.661 0.0000000000
79498  -51.316  -7.827  17.936 0.0000000000
80556  -51.739  -6.783  17.847 0.0000000000
48517  -9.490  -34.287  47.331 0.0000000000
46236  -8.775  -35.736  47.492 0.0000000000
45167  -10.992  -36.388  46.768 0.0000000000
45157  -10.618  -36.967  47.630 0.0000000000
43974  -9.746  -37.538  47.986 0.0000000000
43963  -9.271  -38.182  48.944 0.0000000000
62673  -33.398  -21.579  37.099 0.0000000000
63933  -32.451  -20.949  37.120 0.0000000000
63932  -31.810  -20.163  37.476 0.0000000000
63982  -29.763  -20.510  34.243 0.0000000000
65114  -30.861  -19.875  35.423 0.0000000000
65101  -31.282  -19.589  36.974 0.0000000000
66329  -31.100  -18.811  36.279 0.0000000000
67556  -31.361  -17.948  35.689 0.0000000000
68651  -31.871  -17.217  35.161 0.0000000000
69736  -28.355  -15.689  34.158 0.0000000000
68664  -28.242  -16.715  33.132 0.0000000000
70843  -28.973  -13.971  32.159 0.0000000000
69762  -28.829  -15.589  31.904 0.0000000000
67607  -29.522  -17.194  32.144 0.0000000000
67609  -30.720  -17.689  32.543 0.0000000000
68665  -31.892  -17.123  33.759 0.0000000000
68706  -33.083  -16.796  30.977 0.0000000000
68693  -34.057  -17.231  32.219 0.0000000000
66424  -37.868  -18.505  31.101 0.0000000000
67628  -37.758  -18.157  29.621 0.0000000000
67657  -37.041  -17.394  27.981 0.0000000000
69832  -35.213  -15.581  27.825 0.0000000000
68754  -36.187  -16.433  27.437 0.0000000000
68755  -36.957  -16.646  27.074 0.0000000000
70956  -37.292  -14.631  26.504 0.0000000000
70943  -37.440  -13.739  27.034 0.0000000000
53255  -22.855  -29.161  41.493 0.0000000000
52073  -24.127  -30.197  42.878 0.0000000000
52075  -26.305  -30.701  43.325 0.0000000000
48550  -11.389  -33.883  45.121 0.0000000000
50854  -11.963  -31.365  45.187 0.0000000000
48569  -11.906  -33.560  44.684 0.0000000000
47424  -12.518  -34.357  44.840 0.0000000000
47391  -13.576  -34.720  46.409 0.0000000000
52069  -14.566  -30.555  42.764 0.0000000000
49730  -15.694  -32.463  43.486 0.0000000000
49704  -15.774  -33.070  44.967 0.0000000000
41768  -6.019  -39.478  51.518 0.0000000000
42792  -6.005  -39.183  50.839 0.0000000000
43937  -5.227  -37.831  49.700 0.0000000000
54476  -21.581  -28.154  41.729 0.0000000000
60394  -34.658  -23.413  39.104 0.0000000000
56974  -20.767  -26.599  39.538 0.0000000000
56973  -19.953  -26.613  39.627 0.0000000000
73453  -38.368  -12.518  27.914 0.0000000000
79463  -44.032  -7.147  21.846 0.0000000000
79469  -44.659  -7.609  20.873 0.0000000000
80516  -44.809  -6.753  21.343 0.0000000000
80524  -44.960  -7.038  20.847 0.0000000000
74693  -32.150  -12.109  29.297 0.0000000000
52130  -30.687  -30.490  41.066 0.0000000000
54422  -13.406  -28.002  44.184 0.0000000000
53207  -13.214  -29.132  44.084 0.0000000000
79500  -53.045  -7.805  17.336 0.0000000000
65084  -32.478  -19.176  38.589 0.0000000000
65094  -31.926  -19.554  37.966 0.0000000000
55771  -33.815  -27.600  40.886 0.0000000000
56970  -17.335  -26.522  40.344 0.0000000000
56950  -16.544  -26.410  40.889 0.0000000000
56949  -15.893  -26.668  41.413 0.0000000000
54496  -16.628  -28.236  40.642 0.0000000000
54497  -17.373  -28.199  40.495 0.0000000000
59396  -31.482  -24.365  34.937 0.0000000000
59397  -31.910  -24.112  34.672 0.0000000000
54518  -26.539  -27.885  38.968 0.0000000000
54535  -27.071  -28.551  38.337 0.0000000000
55803  -29.646  -27.324  37.079 0.0000000000
55804  -30.479  -27.305  36.676 0.0000000000
58300  -31.830  -25.550  35.652 0.0000000000
59381  -32.135  -24.746  35.142 0.0000000000
67674  -38.464  -17.290  27.730 0.0000000000
67659  -38.732  -17.541  28.472 0.0000000000
67675  -39.010  -17.262  28.003 0.0000000000
72156  -40.906  -13.618  26.457 0.0000000000
73494  -41.435  -13.009  26.902 0.0000000000
78223  -39.663  -8.987  25.461 0.0000000000
78243  -40.309  -9.010  24.618 0.0000000000
74783  -43.682  -11.517  23.506 0.0000000000
74782  -42.744  -11.283  23.562 0.0000000000
73538  -44.388  -12.096  24.993 0.0000000000
80553  -49.175  -6.754  18.492 0.0000000000
47403  -10.702  -34.412  45.895 0.0000000000
46268  -11.368  -35.274  45.905 0.0000000000
61559  -28.799  -22.057  34.289 0.0000000000
66385  -28.864  -18.579  32.892 0.0000000000
66367  -29.449  -19.226  33.210 0.0000000000
66386  -29.679  -18.643  32.823 0.0000000000
67639  -33.855  -17.902  29.930 0.0000000000
67640  -34.619  -17.967  29.490 0.0000000000
67641  -35.513  -17.845  29.218 0.0000000000
68722  -34.875  -17.242  29.044 0.0000000000
52124  -24.731  -29.918  40.104 0.0000000000
52109  -24.971  -30.285  40.986 0.0000000000
48553  -14.568  -33.827  45.405 0.0000000000
48554  -15.296  -33.428  45.312 0.0000000000
50886  -17.677  -31.364  43.299 0.0000000000
46222  -8.590  -35.197  48.011 0.0000000000
46221  -8.027  -35.494  48.339 0.0000000000
63913  -33.664  -20.348  39.031 0.0000000000
54441  -20.493  -28.390  43.171 0.0000000000
54426  -20.743  -28.787  43.846 0.0000000000
54442  -21.235  -28.770  43.268 0.0000000000
53225  -22.315  -29.527  42.994 0.0000000000
53211  -22.133  -29.746  43.976 0.0000000000
57001  -34.194  -25.793  39.442 0.0000000000
56981  -34.320  -26.139  40.511 0.0000000000
59323  -20.381  -24.526  40.926 0.0000000000
59334  -19.616  -24.660  40.257 0.0000000000
58237  -18.845  -25.400  39.855 0.0000000000
56971  -18.207  -26.506  40.057 0.0000000000
55761  -18.656  -27.510  40.415 0.0000000000
55722  -20.599  -27.994  42.205 0.0000000000
55721  -19.740  -27.883  41.791 0.0000000000
55706  -20.146  -28.144  42.778 0.0000000000
60397  -30.723  -23.487  37.509 0.0000000000
61506  -29.891  -23.101  38.360 0.0000000000
58264  -31.110  -25.491  38.258 0.0000000000
68771  -38.447  -16.163  26.481 0.0000000000
72167  -38.417  -13.354  25.645 0.0000000000
72168  -39.189  -13.367  25.337 0.0000000000
78264  -41.997  -8.110  24.235 0.0000000000
78279  -42.160  -8.206  23.303 0.0000000000
78293  -43.342  -8.725  21.852 0.0000000000
77103  -43.180  -9.616  22.101 0.0000000000
75968  -42.840  -10.494  22.649 0.0000000000
74793  -44.683  -10.972  22.639 0.0000000000
77104  -44.001  -9.795  21.931 0.0000000000
78305  -45.175  -8.817  20.779 0.0000000000
77137  -45.857  -9.061  20.847 0.0000000000
77138  -46.792  -9.153  20.919 0.0000000000
80536  -46.433  -6.734  20.144 0.0000000000
66326  -26.528  -18.957  35.832 0.0000000000
66348  -26.654  -18.435  35.500 0.0000000000
67555  -26.900  -17.823  35.111 0.0000000000
68649  -27.459  -17.081  34.549 0.0000000000
68650  -27.878  -16.545  34.123 0.0000000000
73398  -30.362  -12.783  30.296 0.0000000000
72076  -30.183  -13.584  29.940 0.0000000000
70879  -29.974  -14.548  30.193 0.0000000000
70899  -30.343  -14.357  29.623 0.0000000000
70900  -30.829  -14.813  29.102 0.0000000000
72118  -32.203  -14.196  28.547 0.0000000000
70920  -32.010  -14.845  28.531 0.0000000000
70921  -32.687  -14.818  28.570 0.0000000000
70922  -33.597  -14.702  28.531 0.0000000000
52099  -29.939  -30.695  42.911 0.0000000000
52098  -29.020  -30.780  42.683 0.0000000000
52068  -13.806  -30.326  43.422 0.0000000000
50867  -13.603  -31.014  43.603 0.0000000000
49728  -13.877  -32.234  43.484 0.0000000000
42834  -8.290  -38.437  49.086 0.0000000000
42833  -7.850  -38.217  48.764 0.0000000000
43939  -6.217  -37.772  49.503 0.0000000000
67506  -32.592  -17.952  38.637 0.0000000000
67519  -32.560  -17.579  38.031 0.0000000000
53274  -31.644  -29.956  40.791 0.0000000000
55737  -15.471  -27.363  41.581 0.0000000000
55719  -14.777  -27.262  42.515 0.0000000000
54455  -14.572  -28.432  42.373 0.0000000000
52106  -17.129  -30.165  41.296 0.0000000000
52091  -17.665  -30.817  42.056 0.0000000000
54475  -18.509  -28.557  41.012 0.0000000000
54474  -17.802  -28.608  40.655 0.0000000000
53223  -18.781  -29.635  43.887 0.0000000000
52071  -18.557  -30.184  43.354 0.0000000000
60405  -33.981  -23.557  36.904 0.0000000000
60446  -30.691  -23.443  34.378 0.0000000000
61562  -31.720  -22.909  34.303 0.0000000000
61513  -28.899  -23.031  37.370 0.0000000000
63922  -26.712  -20.680  38.702 0.0000000000
63931  -26.498  -20.555  37.711 0.0000000000
62688  -26.624  -21.320  36.918 0.0000000000
65100  -26.420  -19.640  37.235 0.0000000000
55776  -22.067  -26.863  39.378 0.0000000000
56994  -22.599  -26.491  38.831 0.0000000000
54531  -23.716  -27.854  38.935 0.0000000000
55778  -23.397  -27.424  38.907 0.0000000000
54517  -23.922  -28.624  39.272 0.0000000000
53289  -24.306  -29.025  39.202 0.0000000000
54533  -25.030  -28.270  38.583 0.0000000000
53306  -25.354  -29.136  38.526 0.0000000000
52145  -26.055  -30.396  39.182 0.0000000000
52162  -27.643  -30.385  38.108 0.0000000000
52163  -28.780  -30.623  38.308 0.0000000000
55782  -29.239  -27.359  39.155 0.0000000000
55781  -28.550  -27.808  39.270 0.0000000000
53327  -28.797  -29.301  37.404 0.0000000000
52184  -29.786  -29.965  37.860 0.0000000000
53310  -30.655  -29.792  38.376 0.0000000000
54556  -31.490  -28.412  37.186 0.0000000000
54537  -31.928  -28.616  37.772 0.0000000000
54538  -32.491  -28.417  38.299 0.0000000000
57028  -30.982  -26.247  36.574 0.0000000000
57044  -31.522  -26.442  36.112 0.0000000000
57045  -32.437  -26.622  36.089 0.0000000000
55822  -33.379  -26.729  37.055 0.0000000000
57016  -33.915  -26.206  38.456 0.0000000000
57029  -33.759  -26.218  37.357 0.0000000000
59367  -33.858  -24.496  36.261 0.0000000000
58274  -33.972  -25.263  36.961 0.0000000000
59359  -34.036  -24.427  36.927 0.0000000000
59347  -22.082  -24.897  39.092 0.0000000000
58251  -21.591  -25.422  38.890 0.0000000000
56992  -21.088  -26.019  39.085 0.0000000000
67619  -38.573  -18.112  30.820 0.0000000000
68725  -40.174  -16.576  29.204 0.0000000000
68708  -40.279  -16.644  30.294 0.0000000000
68758  -40.027  -16.150  27.102 0.0000000000
69848  -40.469  -15.546  26.916 0.0000000000
75915  -38.417  -10.350  27.645 0.0000000000
75914  -38.092  -10.470  26.890 0.0000000000
75937  -38.770  -10.638  25.064 0.0000000000
74755  -39.516  -11.554  24.883 0.0000000000
77077  -40.776  -9.469  23.650 0.0000000000
77076  -40.203  -9.763  23.871 0.0000000000
77088  -40.825  -9.951  23.502 0.0000000000
74770  -41.670  -11.250  24.307 0.0000000000
74757  -41.472  -11.651  25.157 0.0000000000
73520  -42.242  -11.973  25.980 0.0000000000
73497  -43.966  -12.289  26.723 0.0000000000
78325  -49.273  -8.661  20.416 0.0000000000
78347  -49.736  -8.136  19.188 0.0000000000
78337  -50.187  -8.481  19.653 0.0000000000
80555  -50.805  -6.764  17.990 0.0000000000
47377  -9.789  -34.494  46.818 0.0000000000
47376  -9.303  -35.027  47.008 0.0000000000
46248  -9.617  -35.838  46.784 0.0000000000
45168  -11.451  -36.191  46.888 0.0000000000
45158  -11.419  -36.424  47.373 0.0000000000
45156  -9.436  -36.803  47.282 0.0000000000
43954  -10.124  -37.632  49.699 0.0000000000
43953  -9.476  -38.053  50.112 0.0000000000
62691  -33.169  -21.989  35.841 0.0000000000
62674  -33.929  -22.206  37.470 0.0000000000
62717  -31.150  -20.830  34.937 0.0000000000
62689  -31.921  -20.904  36.002 0.0000000000
63948  -32.030  -20.937  36.393 0.0000000000
63947  -31.436  -20.401  36.100 0.0000000000
65143  -27.711  -19.868  33.669 0.0000000000
63981  -28.550  -20.763  33.824 0.0000000000
65144  -28.933  -19.862  33.496 0.0000000000
65131  -30.381  -19.966  34.686 0.0000000000
65115  -31.062  -19.586  36.104 0.0000000000
66328  -30.895  -19.248  35.559 0.0000000000
68633  -31.886  -17.372  36.267 0.0000000000
70809  -28.985  -14.711  34.643 0.0000000000
69749  -28.479  -15.659  32.864 0.0000000000
72036  -29.562  -13.269  31.902 0.0000000000
68689  -29.360  -16.220  31.578 0.0000000000
68676  -28.937  -16.613  32.151 0.0000000000
67608  -30.140  -17.545  32.211 0.0000000000
68666  -32.587  -16.455  33.855 0.0000000000
68705  -32.697  -16.574  30.618 0.0000000000
67627  -33.951  -17.778  31.285 0.0000000000
67617  -33.746  -17.334  31.519 0.0000000000
67618  -34.198  -17.723  31.805 0.0000000000
66422  -36.053  -18.914  31.582 0.0000000000
66407  -35.947  -18.672  32.532 0.0000000000
66408  -36.826  -18.855  32.317 0.0000000000
66409  -37.709  -18.686  32.086 0.0000000000
66446  -37.032  -18.195  29.357 0.0000000000
67643  -37.418  -17.878  28.803 0.0000000000
68738  -35.073  -16.503  28.615 0.0000000000
69833  -35.769  -16.109  27.540 0.0000000000
69847  -37.025  -15.475  26.613 0.0000000000
70942  -36.775  -14.163  26.971 0.0000000000
70926  -37.571  -13.335  27.995 0.0000000000
54478  -22.847  -28.943  41.125 0.0000000000
53256  -23.260  -29.353  40.989 0.0000000000
52093  -24.329  -30.172  41.692 0.0000000000
53227  -23.719  -29.985  42.070 0.0000000000
52047  -24.433  -30.375  44.153 0.0000000000
52048  -25.539  -30.501  44.307 0.0000000000
52095  -26.038  -30.777  42.215 0.0000000000
52076  -27.315  -30.769  43.451 0.0000000000
49702  -11.324  -32.821  45.385 0.0000000000
50855  -12.421  -31.017  44.657 0.0000000000
48570  -12.571  -33.763  44.394 0.0000000000
48551  -12.128  -34.168  44.818 0.0000000000
47405  -12.378  -34.952  45.496 0.0000000000
47406  -13.595  -34.436  45.426 0.0000000000
50884  -15.364  -31.643  42.797 0.0000000000
49716  -16.207  -32.658  44.326 0.0000000000
81579  -53.336  -5.679  17.074 0.0000000000
41767  -5.673  -39.670  50.989 0.0000000000
42803  -5.574  -38.767  50.119 0.0000000000
41776  -5.295  -39.262  50.250 0.0000000000
54459  -21.493  -28.454  42.340 0.0000000000
54460  -22.130  -28.946  42.378 0.0000000000
58249  -19.787  -25.333  39.340 0.0000000000
58238  -19.464  -24.932  39.672 0.0000000000
56990  -19.624  -26.059  39.313 0.0000000000
55762  -19.612  -27.196  40.299 0.0000000000
61500  -30.430  -23.248  39.535 0.0000000000
73493  -37.932  -12.462  26.163 0.0000000000
79461  -42.589  -8.026  22.901 0.0000000000
79462  -43.206  -7.852  22.362 0.0000000000
78303  -43.917  -8.864  21.415 0.0000000000
77118  -44.446  -9.456  21.521 0.0000000000
78304  -44.521  -8.695  20.989 0.0000000000
78320  -44.927  -8.312  20.661 0.0000000000
78321  -45.437  -8.389  20.573 0.0000000000
79479  -45.486  -7.649  20.446 0.0000000000
80525  -45.487  -6.779  20.733 0.0000000000
67536  -27.426  -17.400  36.297 0.0000000000
68592  -28.127  -16.833  36.702 0.0000000000
68612  -28.016  -16.831  35.968 0.0000000000
73414  -30.658  -12.954  29.539 0.0000000000
73432  -30.999  -13.258  29.076 0.0000000000
73433  -31.567  -12.654  29.148 0.0000000000
72096  -32.346  -13.306  28.717 0.0000000000
72097  -33.308  -12.977  28.835 0.0000000000
52128  -28.504  -31.114  40.396 0.0000000000
52114  -29.782  -30.748  41.843 0.0000000000
78351  -52.851  -8.846  17.702 0.0000000000
42819  -8.186  -38.711  49.850 0.0000000000
42793  -6.536  -39.061  51.407 0.0000000000
66308  -31.560  -18.773  37.360 0.0000000000
54505  -32.773  -28.707  39.846 0.0000000000
54483  -32.964  -28.848  40.679 0.0000000000
54484  -33.532  -28.420  41.403 0.0000000000
54485  -33.962  -27.917  41.902 0.0000000000
58221  -17.687  -25.323  41.134 0.0000000000
58220  -17.026  -25.651  41.526 0.0000000000
58201  -16.843  -25.290  42.491 0.0000000000
54473  -15.874  -28.306  41.102 0.0000000000
53253  -17.673  -29.286  40.921 0.0000000000
54424  -19.537  -28.861  44.323 0.0000000000
60431  -33.165  -23.593  35.043 0.0000000000
60447  -31.204  -23.692  34.477 0.0000000000
60427  -29.947  -23.450  34.733 0.0000000000
58252  -22.577  -25.580  38.678 0.0000000000
58261  -23.271  -26.020  38.575 0.0000000000
57010  -23.593  -26.699  38.625 0.0000000000
55787  -23.992  -27.417  38.674 0.0000000000
55789  -25.446  -27.517  38.873 0.0000000000
55790  -25.996  -27.802  38.887 0.0000000000
53308  -27.080  -29.445  37.833 0.0000000000
53326  -27.905  -29.423  37.610 0.0000000000
55783  -29.965  -26.795  39.014 0.0000000000
55802  -28.914  -27.688  37.572 0.0000000000
53329  -30.992  -29.068  37.555 0.0000000000
54576  -31.233  -27.824  36.588 0.0000000000
57055  -32.854  -25.990  35.790 0.0000000000
57056  -33.259  -25.800  35.916 0.0000000000
58302  -33.132  -25.487  35.633 0.0000000000
59382  -33.206  -24.654  35.356 0.0000000000
67630  -39.182  -17.715  30.348 0.0000000000
67645  -39.033  -17.657  29.350 0.0000000000
69864  -40.228  -15.008  26.327 0.0000000000
69865  -40.693  -15.118  26.776 0.0000000000
70959  -40.888  -14.535  26.724 0.0000000000
77053  -38.826  -9.208  26.069 0.0000000000
77052  -38.372  -9.882  26.484 0.0000000000
77063  -39.205  -9.722  25.009 0.0000000000
77075  -39.651  -10.039  24.341 0.0000000000
75958  -41.901  -10.558  23.204 0.0000000000
74781  -42.075  -11.122  23.793 0.0000000000
74771  -42.565  -11.476  24.334 0.0000000000
74759  -43.073  -11.771  24.952 0.0000000000
73537  -43.695  -11.964  25.185 0.0000000000
73522  -44.230  -12.236  25.823 0.0000000000
79486  -47.877  -7.512  19.521 0.0000000000
79487  -48.762  -7.535  19.109 0.0000000000
79488  -49.351  -7.898  19.137 0.0000000000
79496  -49.563  -7.559  18.730 0.0000000000
80554  -49.888  -6.752  18.249 0.0000000000
48533  -10.493  -33.926  46.152 0.0000000000
46249  -10.544  -35.591  46.333 0.0000000000
62746  -31.595  -22.001  34.452 0.0000000000
62745  -30.563  -21.408  34.437 0.0000000000
65151  -28.710  -19.149  33.189 0.0000000000
66350  -31.001  -18.656  35.164 0.0000000000
67574  -30.871  -18.375  33.596 0.0000000000
70858  -29.191  -14.892  31.226 0.0000000000
68690  -30.136  -16.388  31.333 0.0000000000
69764  -32.644  -16.533  32.372 0.0000000000
69780  -32.963  -16.574  31.835 0.0000000000
68720  -33.271  -17.025  29.955 0.0000000000
68719  -32.728  -16.608  30.317 0.0000000000
66430  -33.980  -18.057  30.757 0.0000000000
66431  -34.295  -18.240  31.135 0.0000000000
66432  -35.208  -18.755  30.863 0.0000000000
66433  -36.195  -18.793  30.553 0.0000000000
70940  -35.278  -14.368  27.707 0.0000000000
70941  -35.953  -14.146  27.430 0.0000000000
53257  -23.872  -29.629  40.585 0.0000000000
52108  -24.325  -29.967  40.843 0.0000000000
48552  -14.049  -34.120  45.233 0.0000000000
50897  -16.259  -31.369  42.427 0.0000000000
63912  -32.988  -20.004  38.720 0.0000000000
63924  -32.505  -20.144  38.227 0.0000000000
53197  -22.035  -29.824  45.245 0.0000000000
53224  -21.757  -29.275  43.484 0.0000000000
56980  -33.993  -26.986  40.372 0.0000000000
58222  -18.369  -25.099  40.775 0.0000000000
55720  -19.160  -28.197  41.532 0.0000000000
55740  -19.366  -27.744  40.978 0.0000000000
54457  -19.506  -28.282  42.237 0.0000000000
54425  -20.158  -28.625  44.022 0.0000000000
60412  -30.381  -23.920  35.582 0.0000000000
61505  -28.726  -22.648  38.714 0.0000000000
57014  -30.316  -26.337  38.194 0.0000000000
57027  -30.436  -26.582  37.145 0.0000000000
58272  -30.628  -26.164  37.592 0.0000000000
58273  -30.991  -25.740  37.204 0.0000000000
59358  -31.318  -24.806  37.604 0.0000000000
59366  -31.265  -24.913  36.583 0.0000000000
60413  -30.888  -24.351  36.054 0.0000000000
68757  -39.187  -16.799  27.342 0.0000000000
69863  -39.539  -15.283  26.097 0.0000000000
70968  -38.282  -14.229  25.636 0.0000000000
69874  -39.245  -14.786  25.695 0.0000000000
69875  -39.719  -14.859  25.952 0.0000000000
70970  -39.837  -14.299  25.746 0.0000000000
78263  -41.174  -8.796  23.796 0.0000000000
77089  -41.287  -9.673  23.234 0.0000000000
78291  -42.106  -9.278  22.659 0.0000000000
77101  -41.904  -9.728  22.835 0.0000000000
74791  -43.098  -11.131  23.060 0.0000000000
74792  -43.767  -11.117  22.814 0.0000000000
74784  -44.605  -11.530  23.345 0.0000000000
74794  -45.420  -10.787  22.531 0.0000000000
75971  -45.767  -10.402  22.178 0.0000000000
75978  -45.012  -9.766  21.627 0.0000000000
75979  -45.545  -9.965  21.756 0.0000000000
75972  -46.577  -10.345  22.223 0.0000000000
78324  -48.341  -8.783  20.583 0.0000000000
78334  -47.803  -8.152  19.990 0.0000000000
79480  -46.359  -7.691  20.202 0.0000000000
79481  -47.119  -7.583  19.905 0.0000000000
46269  -11.863  -35.424  46.077 0.0000000000
46251  -12.188  -35.572  46.521 0.0000000000
63979  -26.778  -20.718  35.015 0.0000000000
65142  -26.875  -19.892  34.440 0.0000000000
66365  -26.988  -19.118  34.033 0.0000000000
67554  -26.910  -18.457  34.330 0.0000000000
67572  -27.134  -18.612  33.903 0.0000000000
67590  -28.161  -17.804  33.101 0.0000000000
72037  -29.948  -12.654  32.537 0.0000000000
69794  -30.376  -15.334  30.015 0.0000000000
69795  -31.176  -15.744  29.896 0.0000000000
70919  -31.506  -14.802  28.682 0.0000000000
69828  -31.789  -15.194  28.678 0.0000000000
69814  -34.042  -16.530  29.038 0.0000000000
68737  -34.453  -16.657  28.949 0.0000000000
72122  -35.460  -12.833  28.863 0.0000000000
72100  -35.865  -12.559  29.312 0.0000000000
52110  -25.795  -30.667  41.120 0.0000000000
52111  -26.760  -30.900  41.248 0.0000000000
52097  -28.049  -30.916  42.508 0.0000000000
52042  -12.709  -30.352  44.565 0.0000000000
53206  -12.927  -29.790  44.412 0.0000000000
50866  -13.017  -31.353  43.924 0.0000000000
49727  -13.368  -31.994  43.595 0.0000000000
49715  -15.276  -32.991  44.128 0.0000000000
53208  -18.380  -30.477  44.807 0.0000000000
43972  -8.128  -37.311  48.027 0.0000000000
45147  -8.027  -36.279  47.943 0.0000000000
43971  -7.744  -37.045  48.121 0.0000000000
43960  -6.950  -37.137  48.857 0.0000000000
42818  -7.366  -38.436  49.318 0.0000000000
43952  -6.987  -37.721  49.035 0.0000000000
43951  -6.524  -37.270  49.184 0.0000000000
43950  -6.087  -37.114  49.404 0.0000000000
78205  -40.901  -8.348  26.795 0.0000000000
68615  -32.444  -17.124  36.909 0.0000000000
52150  -31.033  -30.188  40.242 0.0000000000
55750  -34.251  -27.329  41.685 0.0000000000
55704  -14.050  -26.972  43.716 0.0000000000
54454  -14.158  -28.632  42.849 0.0000000000
53237  -14.460  -29.145  42.494 0.0000000000
52104  -15.604  -29.783  41.709 0.0000000000
53251  -15.691  -29.207  41.395 0.0000000000
52090  -16.635  -30.802  41.866 0.0000000000
50899  -17.685  -31.146  42.684 0.0000000000
52092  -18.399  -30.249  42.358 0.0000000000
60399  -34.441  -23.498  38.202 0.0000000000
61508  -34.517  -22.560  38.580 0.0000000000
61516  -34.205  -22.820  37.682 0.0000000000
61525  -33.653  -22.648  36.310 0.0000000000
62720  -33.015  -22.237  35.260 0.0000000000
61564  -32.978  -23.032  34.811 0.0000000000
61543  -32.824  -22.502  34.877 0.0000000000
62747  -32.267  -22.404  34.570 0.0000000000
62716  -27.548  -22.004  35.004 0.0000000000
61524  -29.959  -23.613  36.019 0.0000000000
61523  -29.146  -23.352  35.906 0.0000000000
61522  -28.081  -22.793  36.383 0.0000000000
61539  -27.510  -22.360  35.690 0.0000000000
62715  -26.824  -21.570  35.738 0.0000000000
63964  -26.462  -20.624  35.980 0.0000000000
65113  -26.439  -19.717  36.323 0.0000000000
66306  -26.602  -18.869  36.704 0.0000000000
66295  -26.729  -18.107  38.286 0.0000000000
55764  -21.468  -27.154  40.026 0.0000000000
55765  -22.282  -27.491  39.884 0.0000000000
55777  -22.780  -27.324  39.271 0.0000000000
53271  -23.542  -29.107  40.165 0.0000000000
53288  -23.849  -28.912  39.592 0.0000000000
53272  -24.157  -29.454  39.897 0.0000000000
56996  -24.818  -26.150  39.482 0.0000000000
57011  -24.446  -26.667  38.783 0.0000000000
55788  -24.666  -27.545  38.705 0.0000000000
53290  -24.816  -29.328  38.946 0.0000000000
52164  -29.857  -30.317  38.469 0.0000000000
53291  -30.747  -30.123  39.069 0.0000000000
53293  -32.214  -29.100  39.284 0.0000000000
54521  -32.660  -28.570  39.063 0.0000000000
54522  -33.171  -28.147  39.436 0.0000000000
55795  -33.415  -27.470  38.755 0.0000000000
55819  -31.072  -27.226  36.394 0.0000000000
54577  -31.940  -27.843  36.805 0.0000000000
55805  -32.937  -27.753  37.891 0.0000000000
57017  -34.174  -25.555  38.840 0.0000000000
58275  -34.155  -25.119  37.649 0.0000000000
59353  -34.479  -24.299  38.663 0.0000000000
59335  -20.450  -24.417  40.098 0.0000000000
59336  -21.193  -24.401  39.857 0.0000000000
59345  -20.537  -24.724  39.438 0.0000000000
58250  -20.736  -25.337  39.075 0.0000000000
68707  -39.803  -17.255  30.846 0.0000000000
68742  -40.084  -16.465  28.089 0.0000000000
69815  -40.679  -15.954  28.709 0.0000000000
74728  -37.868  -11.566  26.931 0.0000000000
75928  -38.193  -10.599  25.821 0.0000000000
73517  -39.350  -12.460  25.230 0.0000000000
75948  -40.982  -10.598  23.751 0.0000000000
74768  -40.026  -11.194  24.519 0.0000000000
74756  -40.545  -11.686  25.081 0.0000000000
73495  -42.129  -12.426  26.905 0.0000000000
78350  -51.956  -8.779  18.115 0.0000000000
81571  -52.243  -5.770  18.196 0.0000000000
47365  -8.961  -34.708  47.822 0.0000000000
46250  -11.476  -35.810  46.473 0.0000000000
45166  -10.212  -36.440  46.795 0.0000000000
45149  -11.464  -36.578  48.229 0.0000000000
45155  -8.476  -36.671  47.684 0.0000000000
43973  -8.885  -37.573  47.887 0.0000000000
42820  -8.885  -38.469  49.947 0.0000000000
62659  -34.109  -21.922  38.016 0.0000000000
62690  -32.516  -21.297  36.204 0.0000000000
62672  -32.796  -21.283  36.813 0.0000000000
63946  -31.064  -20.217  35.530 0.0000000000
67537  -31.560  -18.029  36.746 0.0000000000
70830  -28.864  -14.048  33.072 0.0000000000
70829  -28.697  -14.766  32.513 0.0000000000
70842  -28.968  -14.818  31.622 0.0000000000
67593  -31.155  -17.829  33.142 0.0000000000
68634  -32.491  -16.767  35.966 0.0000000000
69797  -32.655  -16.552  31.224 0.0000000000
68692  -33.571  -16.869  32.180 0.0000000000
66435  -38.011  -18.299  30.341 0.0000000000
66434  -37.194  -18.513  30.255 0.0000000000
67658  -37.954  -17.657  28.215 0.0000000000
67673  -37.701  -17.264  27.541 0.0000000000
68739  -35.903  -16.697  28.101 0.0000000000
67656  -36.462  -17.175  28.127 0.0000000000
68740  -36.498  -16.910  27.723 0.0000000000
68770  -37.640  -16.185  26.591 0.0000000000
72123  -38.077  -13.171  27.953 0.0000000000
53240  -22.652  -29.306  42.122 0.0000000000
53226  -23.151  -29.922  42.648 0.0000000000
52072  -23.402  -30.137  43.248 0.0000000000
52049  -26.582  -30.623  44.419 0.0000000000
48534  -10.833  -33.271  46.062 0.0000000000
49712  -11.936  -32.639  44.624 0.0000000000
49711  -11.599  -33.227  44.885 0.0000000000
47392  -14.012  -34.323  46.092 0.0000000000
50857  -17.631  -31.559  45.435 0.0000000000
49705  -16.481  -32.700  45.399 0.0000000000
41760  -5.908  -39.738  51.775 0.0000000000
41775  -4.890  -39.353  50.053 0.0000000000
42802  -5.004  -38.528  49.901 0.0000000000
45154  -7.968  -36.767  47.958 0.0000000000
48573  -15.298  -33.276  44.741 0.0000000000
53193  -18.393  -30.317  45.445 0.0000000000
53209  -18.683  -30.023  44.675 0.0000000000
53241  -23.215  -29.642  41.771 0.0000000000
53270  -17.501  -28.740  40.655 0.0000000000
53309  -30.062  -29.911  38.001 0.0000000000
54499  -22.591  -28.105  40.276 0.0000000000
54539  -32.978  -28.151  38.783 0.0000000000
57009  -23.084  -26.433  38.637 0.0000000000
57013  -29.827  -26.679  38.061 0.0000000000
58260  -22.875  -26.118  38.589 0.0000000000
58263  -30.774  -25.946  37.897 0.0000000000
58266  -34.239  -25.184  38.299 0.0000000000
60428  -30.397  -23.645  34.691 0.0000000000
60449  -32.699  -23.430  34.683 0.0000000000
61542  -30.083  -23.322  34.519 0.0000000000
61563  -32.483  -22.954  34.521 0.0000000000
62687  -26.484  -21.069  36.593 0.0000000000
62714  -26.508  -21.116  36.322 0.0000000000
62743  -28.128  -21.663  34.293 0.0000000000
63923  -31.964  -20.012  37.972 0.0000000000
63944  -26.446  -20.896  36.731 0.0000000000
63945  -26.406  -20.512  36.775 0.0000000000
63965  -30.866  -20.421  35.028 0.0000000000
66366  -27.506  -18.929  33.567 0.0000000000
66442  -34.014  -18.132  30.520 0.0000000000
68594  -32.351  -17.456  37.482 0.0000000000
69873  -38.765  -14.634  25.583 0.0000000000
70958  -40.385  -14.499  26.208 0.0000000000
72117  -31.765  -14.431  28.580 0.0000000000
75967  -42.230  -10.132  22.755 0.0000000000
75980  -46.062  -10.148  21.917 0.0000000000
77039  -38.375  -9.932  26.973 0.0000000000
77064  -39.758  -9.530  24.514 0.0000000000
79450  -42.535  -7.986  23.196 0.0000000000
79478  -45.074  -7.982  20.523 0.0000000000
