#!ascii label  , from subject sub-THP0005 vox2ras=TkReg
1011
65975  -24.628  -20.082  -25.083 0.5555555820
65994  -25.124  -19.657  -25.700 0.6666666865
66007  -25.532  -18.952  -26.223 0.7777777910
66008  -26.326  -19.315  -26.407 0.7777777910
68342  -25.304  -17.721  -26.569 0.8888888955
66028  -28.043  -19.011  -27.264 0.8888888955
64793  -23.643  -20.456  -24.036 0.5555555820
65974  -24.023  -19.595  -24.986 0.5555555820
65993  -24.403  -19.165  -25.540 0.6666666865
67192  -23.958  -18.381  -25.559 0.8888888955
67224  -26.412  -18.266  -26.886 0.8888888955
68368  -27.131  -17.729  -27.648 1.0000000000
67226  -27.634  -18.204  -27.638 0.8888888955
68386  -28.271  -17.357  -28.186 1.0000000000
67191  -23.073  -17.933  -24.906 0.7777777910
68340  -23.965  -17.322  -25.982 1.0000000000
69422  -24.033  -16.467  -26.438 1.0000000000
68365  -25.191  -17.120  -26.838 1.0000000000
69450  -26.113  -16.617  -27.659 1.0000000000
69423  -24.721  -16.519  -26.877 1.0000000000
70483  -25.453  -16.126  -27.601 1.0000000000
69467  -26.341  -16.089  -28.083 1.0000000000
69468  -26.882  -16.538  -28.157 1.0000000000
69469  -27.717  -16.311  -28.524 1.0000000000
70500  -27.193  -15.958  -28.531 1.0000000000
69471  -28.891  -16.042  -28.383 1.0000000000
70520  -28.192  -15.295  -28.771 1.0000000000
71639  -28.899  -14.734  -28.718 0.7777777910
70461  -22.886  -15.252  -26.013 0.8888888955
70463  -24.314  -16.005  -26.856 1.0000000000
70498  -25.698  -15.608  -27.986 1.0000000000
70481  -24.028  -15.062  -27.138 1.0000000000
70497  -25.107  -15.123  -27.807 1.0000000000
71638  -25.972  -14.948  -28.480 1.0000000000
70518  -27.006  -14.939  -28.827 1.0000000000
71656  -27.960  -14.495  -29.106 1.0000000000
71657  -28.634  -14.357  -29.001 1.0000000000
71640  -29.306  -14.581  -28.501 0.8888888955
71658  -29.066  -14.016  -28.949 1.0000000000
72956  -29.376  -13.564  -28.856 0.7777777910
72940  -30.102  -13.612  -28.086 0.7777777910
71606  -22.261  -14.358  -25.790 0.5555555820
74184  -22.980  -12.654  -27.283 0.7777777910
72909  -23.211  -13.863  -26.714 0.8888888955
71637  -25.328  -14.594  -28.158 1.0000000000
72938  -24.649  -13.701  -28.058 0.8888888955
72939  -25.386  -13.703  -28.460 1.0000000000
72952  -26.033  -13.644  -28.799 1.0000000000
72954  -27.381  -13.502  -29.417 1.0000000000
72970  -28.585  -13.401  -29.484 0.8888888955
72969  -28.243  -13.001  -29.784 1.0000000000
74229  -28.568  -12.863  -29.767 0.8888888955
75401  -30.399  -11.828  -28.491 0.7777777910
74203  -31.032  -12.417  -27.772 0.6666666865
75342  -21.418  -12.149  -25.932 0.4444444478
74170  -22.461  -12.618  -26.727 0.7777777910
75365  -22.548  -12.094  -27.132 0.6666666865
75383  -23.663  -12.175  -28.059 0.7777777910
74199  -24.123  -12.743  -28.123 0.8888888955
74212  -25.436  -12.623  -28.866 0.8888888955
72953  -26.745  -13.452  -29.188 1.0000000000
75412  -25.592  -12.248  -29.121 1.0000000000
72967  -27.129  -12.681  -29.627 1.0000000000
72982  -27.871  -12.620  -29.976 1.0000000000
74258  -28.117  -12.107  -30.305 0.8888888955
74244  -28.569  -12.022  -30.236 0.7777777910
75427  -29.459  -11.528  -29.465 0.7777777910
75384  -31.981  -11.759  -27.456 0.5555555820
76575  -30.598  -10.667  -28.725 0.7777777910
76576  -31.205  -10.679  -28.221 0.6666666865
75381  -22.359  -10.914  -27.285 0.6666666865
75364  -21.897  -11.508  -26.623 0.6666666865
75382  -22.996  -11.566  -27.755 0.7777777910
75398  -23.448  -11.199  -28.289 0.7777777910
75399  -24.138  -11.673  -28.508 0.8888888955
75411  -25.319  -11.564  -29.295 0.8888888955
75437  -26.604  -11.361  -30.003 1.0000000000
74242  -27.407  -12.294  -29.917 0.8888888955
76624  -27.985  -11.006  -30.595 0.8888888955
76599  -29.101  -10.610  -30.082 0.8888888955
75426  -29.321  -11.369  -29.703 0.7777777910
76608  -27.553  -10.630  -30.614 0.8888888955
76610  -28.724  -10.709  -30.371 0.7777777910
77804  -29.702  -9.968  -29.628 0.7777777910
77793  -31.407  -10.022  -28.214 0.6666666865
76558  -22.030  -10.297  -27.040 0.6666666865
75363  -21.251  -10.904  -26.096 0.5555555820
76559  -22.518  -10.330  -27.700 0.7777777910
76574  -24.466  -10.574  -29.264 0.8888888955
129977  -25.383  -10.760  -29.687 1.0000000000
129975  -25.641  -10.283  -30.017 1.0000000000
75453  -27.657  -11.478  -30.382 0.8888888955
77828  -28.761  -10.004  -30.420 0.7777777910
79020  -29.508  -8.725  -30.139 0.7777777910
79008  -30.708  -9.010  -28.889 0.6666666865
78996  -31.614  -8.944  -28.509 0.5555555820
77794  -32.243  -9.615  -27.929 0.5555555820
77777  -22.099  -9.613  -27.441 0.6666666865
129982  -24.933  -9.982  -29.742 1.0000000000
129976  -26.049  -10.006  -30.370 0.8888888955
76607  -26.697  -10.083  -30.619 0.8888888955
77826  -27.202  -9.353  -30.985 0.8888888955
77827  -28.127  -9.672  -30.867 0.8888888955
79033  -28.883  -8.647  -30.641 0.7777777910
80094  -29.686  -7.955  -30.313 0.7777777910
79009  -31.194  -8.497  -28.900 0.5555555820
79032  -27.854  -8.435  -31.174 0.7777777910
80095  -30.583  -7.524  -29.773 0.5555555820
80079  -31.683  -7.820  -28.958 0.5555555820
77759  -20.216  -9.350  -25.627 0.4444444478
77776  -21.581  -9.310  -26.926 0.5555555820
77790  -21.862  -8.942  -27.522 0.7777777910
77803  -23.051  -9.008  -28.661 1.0000000000
77791  -22.407  -9.266  -28.058 0.8888888955
76586  -24.000  -8.977  -29.464 1.0000000000
129979  -25.237  -9.268  -30.200 0.8888888955
129978  -25.130  -8.544  -30.365 0.8888888955
77825  -26.106  -8.936  -30.781 0.8888888955
80112  -29.128  -7.437  -30.707 0.6666666865
80096  -31.306  -6.879  -29.539 0.5555555820
80062  -21.358  -6.633  -27.716 0.6666666865
80054  -21.494  -7.502  -27.658 0.6666666865
80064  -22.575  -7.403  -28.593 0.7777777910
79007  -23.486  -8.027  -29.433 0.8888888955
80076  -23.009  -7.330  -29.019 0.7777777910
79018  -24.397  -7.723  -30.152 0.7777777910
77813  -24.349  -8.153  -30.009 0.8888888955
80091  -24.031  -7.060  -30.003 0.7777777910
77824  -25.841  -8.250  -30.849 0.8888888955
80093  -25.280  -7.025  -30.696 0.7777777910
79030  -26.146  -7.890  -31.051 0.7777777910
80110  -27.457  -7.301  -31.375 0.6666666865
81133  -25.578  -6.231  -30.860 0.6666666865
81152  -27.907  -6.382  -31.455 0.6666666865
80111  -28.413  -7.328  -31.150 0.5555555820
82216  -28.386  -5.545  -31.263 0.6666666865
81134  -29.791  -6.599  -30.502 0.5555555820
82217  -29.088  -5.868  -30.942 0.5555555820
82121  -19.883  -5.082  -26.979 0.3333333433
82122  -20.353  -5.414  -27.329 0.3333333433
81094  -21.366  -5.644  -28.122 0.5555555820
81106  -21.228  -4.905  -28.414 0.5555555820
81095  -22.241  -6.475  -28.441 0.7777777910
81108  -22.823  -6.205  -28.878 0.7777777910
82166  -23.166  -5.272  -29.192 0.6666666865
81109  -23.673  -6.209  -29.584 0.6666666865
81131  -24.359  -6.185  -30.189 0.6666666865
82194  -25.277  -5.737  -30.763 0.6666666865
82213  -25.663  -5.301  -31.029 0.6666666865
82214  -26.594  -5.375  -31.365 0.6666666865
83219  -29.642  -4.861  -30.698 0.5555555820
82215  -27.503  -5.447  -31.430 0.6666666865
82135  -20.265  -4.735  -27.682 0.4444444478
82147  -19.425  -4.767  -29.368 0.5555555820
82148  -20.511  -4.701  -28.368 0.5555555820
82164  -21.182  -4.753  -28.869 0.6666666865
81107  -21.856  -5.451  -28.468 0.6666666865
82165  -22.049  -4.786  -28.684 0.6666666865
82193  -24.798  -5.295  -30.571 0.6666666865
82212  -25.204  -4.822  -30.865 0.6666666865
83243  -27.080  -4.529  -31.339 0.6666666865
83244  -28.057  -4.571  -31.200 0.5555555820
83245  -29.193  -4.642  -30.849 0.6666666865
83162  -20.062  -4.020  -27.491 0.4444444478
82189  -19.844  -4.853  -30.164 0.6666666865
82191  -21.229  -4.522  -29.155 0.6666666865
83196  -22.085  -4.055  -28.799 0.6666666865
83197  -22.685  -4.557  -29.083 0.6666666865
83242  -26.167  -4.488  -31.331 0.6666666865
67205  -25.753  -18.345  -26.517 0.8888888955
67203  -24.374  -17.874  -26.055 1.0000000000
68341  -24.653  -17.350  -26.436 1.0000000000
68366  -25.850  -17.437  -26.997 1.0000000000
68385  -27.481  -17.337  -28.045 1.0000000000
76542  -21.451  -10.256  -26.444 0.5555555820
78962  -20.326  -8.375  -26.257 0.5555555820
78961  -19.641  -8.600  -25.802 0.2222222239
80077  -23.465  -7.156  -29.488 0.7777777910
82163  -20.202  -4.283  -28.937 0.6666666865
84295  -18.892  -4.315  -31.150 0.6666666865
83220  -30.139  -4.570  -30.563 0.5555555820
83161  -19.797  -4.418  -27.173 0.2222222239
83246  -29.829  -3.977  -30.659 0.5555555820
63570  -24.896  -21.258  -24.517 0.5555555820
63590  -25.361  -20.957  -24.961 0.5555555820
64815  -25.857  -20.376  -25.620 0.5555555820
64832  -26.387  -20.248  -25.957 0.5555555820
64853  -27.896  -19.673  -26.796 0.7777777910
63568  -23.721  -20.923  -23.702 0.5555555820
65995  -25.938  -19.901  -25.907 0.6666666865
66009  -26.993  -19.610  -26.609 0.6666666865
66027  -27.255  -19.088  -26.939 0.8888888955
66029  -28.651  -18.955  -27.138 0.7777777910
67228  -29.007  -18.470  -27.132 0.7777777910
68370  -29.076  -17.539  -27.598 0.8888888955
64781  -23.072  -20.154  -23.442 0.4444444478
67173  -22.380  -18.218  -24.146 0.5555555820
68387  -28.792  -16.707  -28.200 1.0000000000
68304  -21.937  -17.397  -24.267 0.2222222239
68323  -22.353  -17.137  -24.742 0.6666666865
70484  -29.138  -15.705  -28.295 0.8888888955
70485  -29.540  -15.504  -27.929 0.6666666865
72924  -30.537  -14.122  -27.506 0.7777777910
69402  -22.626  -16.098  -25.432 0.5555555820
72925  -31.141  -13.587  -27.363 0.6666666865
71587  -21.674  -14.672  -25.420 0.4444444478
74186  -31.841  -12.790  -27.273 0.5555555820
75385  -33.130  -11.737  -27.372 0.5555555820
74122  -20.365  -13.169  -26.086 0.2222222239
76561  -32.531  -10.879  -27.517 0.5555555820
77780  -32.741  -10.190  -27.602 0.5555555820
76521  -20.195  -10.403  -25.201 0.3333333433
77795  -33.286  -9.612  -27.705 0.5555555820
77760  -20.994  -9.322  -26.211 0.4444444478
78999  -34.244  -8.600  -28.363 0.4444444478
77758  -19.480  -9.097  -25.429 0.3333333433
80080  -32.805  -7.275  -28.573 0.5555555820
81110  -32.110  -6.498  -29.153 0.4444444478
81071  -19.566  -6.281  -26.505 0.3333333433
81072  -20.323  -6.137  -27.054 0.3333333433
82197  -31.091  -5.661  -29.950 0.4444444478
83221  -31.175  -4.755  -30.114 0.4444444478
84284  -31.468  -3.721  -30.359 0.2222222239
83152  -19.299  -4.204  -26.864 0.3333333433
83176  -18.874  -4.346  -29.555 0.6666666865
84279  -20.629  -3.650  -30.197 0.6666666865
83217  -23.363  -4.582  -29.485 0.6666666865
83240  -24.845  -4.377  -30.689 0.6666666865
84299  -25.087  -3.664  -30.943 0.6666666865
84300  -25.755  -3.679  -31.281 0.6666666865
84304  -29.589  -3.376  -30.800 0.4444444478
84305  -30.581  -3.303  -30.674 0.3333333433
129993  -18.572  -3.018  -30.494 0.5555555820
65973  -23.113  -19.432  -24.175 0.5555555820
64794  -24.383  -20.516  -24.577 0.5555555820
64795  -24.971  -20.512  -25.041 0.6666666865
67193  -24.587  -18.927  -25.772 0.7777777910
67204  -24.900  -18.425  -26.160 0.8888888955
67225  -26.953  -18.293  -27.282 0.8888888955
65959  -22.541  -19.241  -23.465 0.4444444478
67174  -23.297  -18.726  -24.769 0.6666666865
66026  -26.760  -18.746  -26.870 0.8888888955
67242  -28.032  -17.954  -27.968 1.0000000000
68367  -26.596  -17.513  -27.432 1.0000000000
69451  -26.652  -16.979  -27.757 1.0000000000
67227  -28.406  -18.211  -27.666 1.0000000000
68324  -23.237  -17.254  -25.443 0.8888888955
69403  -23.455  -16.622  -25.899 0.8888888955
69421  -23.338  -15.989  -26.141 1.0000000000
69449  -25.331  -16.591  -27.265 1.0000000000
70482  -24.697  -15.599  -27.381 1.0000000000
69452  -29.262  -16.382  -27.943 0.8888888955
69477  -28.080  -15.872  -28.649 1.0000000000
70499  -26.638  -15.524  -28.503 1.0000000000
70519  -27.508  -15.337  -28.772 1.0000000000
70501  -28.476  -15.415  -28.652 1.0000000000
70503  -29.184  -15.268  -28.363 0.8888888955
70462  -23.738  -15.440  -26.704 1.0000000000
70446  -22.287  -15.098  -25.457 0.5555555820
71624  -24.127  -14.588  -27.370 1.0000000000
71623  -23.632  -14.520  -26.942 0.8888888955
71636  -24.691  -14.612  -27.721 1.0000000000
71653  -25.846  -14.293  -28.547 1.0000000000
71654  -26.522  -14.464  -28.783 1.0000000000
71672  -27.763  -13.850  -29.364 1.0000000000
72955  -28.979  -13.498  -29.253 0.8888888955
74202  -30.353  -12.697  -28.236 0.7777777910
72941  -30.634  -13.071  -27.853 0.6666666865
71605  -21.395  -14.145  -25.615 0.5555555820
72907  -21.645  -13.517  -25.819 0.6666666865
72908  -22.516  -13.534  -26.327 0.6666666865
71607  -23.070  -14.491  -26.400 0.7777777910
72921  -22.947  -13.262  -26.875 0.7777777910
74185  -23.536  -12.691  -27.729 0.8888888955
72922  -23.577  -13.622  -27.294 0.8888888955
72937  -23.992  -13.364  -27.788 0.8888888955
72923  -24.207  -13.987  -27.636 1.0000000000
74200  -24.895  -12.821  -28.521 0.8888888955
74201  -25.558  -13.119  -28.755 1.0000000000
72968  -27.775  -13.179  -29.672 1.0000000000
74243  -28.461  -12.527  -30.012 0.8888888955
74230  -28.980  -12.478  -29.690 0.8888888955
74216  -29.642  -12.546  -28.887 0.7777777910
75402  -31.137  -11.334  -28.073 0.6666666865
74187  -32.750  -12.670  -27.191 0.5555555820
74149  -21.006  -12.817  -25.711 0.3333333433
74169  -21.841  -12.687  -26.158 0.4444444478
75400  -25.087  -12.164  -28.828 0.8888888955
74213  -26.050  -12.804  -29.140 1.0000000000
75413  -26.093  -12.112  -29.426 1.0000000000
75455  -28.480  -11.670  -30.381 0.7777777910
76587  -29.603  -10.541  -29.600 0.7777777910
76560  -31.686  -10.729  -27.838 0.5555555820
77817  -29.824  -9.359  -29.608 0.7777777910
77805  -30.077  -9.797  -29.355 0.7777777910
78995  -31.105  -9.419  -28.577 0.6666666865
76573  -23.315  -10.345  -28.524 0.8888888955
79021  -30.049  -8.759  -29.641 0.6666666865
80065  -32.104  -8.419  -28.463 0.5555555820
78997  -32.537  -8.876  -28.120 0.5555555820
80078  -30.845  -8.317  -29.267 0.6666666865
79031  -26.890  -8.191  -31.203 0.8888888955
78963  -21.076  -8.603  -26.643 0.5555555820
78994  -22.481  -8.235  -28.371 0.7777777910
78993  -21.911  -8.249  -27.844 0.7777777910
129985  -23.793  -8.347  -29.558 0.8888888955
79006  -23.061  -8.187  -28.955 0.7777777910
80053  -20.909  -7.079  -27.279 0.5555555820
80063  -21.963  -7.177  -28.065 0.6666666865
78983  -21.358  -8.248  -27.271 0.7777777910
78982  -20.802  -7.912  -26.811 0.6666666865
81096  -22.666  -6.878  -28.734 0.7777777910
79019  -24.960  -7.938  -30.421 0.7777777910
80109  -26.616  -7.146  -31.230 0.6666666865
80108  -25.929  -7.028  -30.947 0.6666666865
81150  -26.227  -6.217  -31.192 0.6666666865
81151  -27.038  -6.306  -31.442 0.6666666865
81153  -28.554  -6.365  -31.198 0.5555555820
81154  -28.953  -6.706  -30.871 0.5555555820
82196  -30.435  -5.558  -30.348 0.4444444478
81136  -31.387  -6.168  -29.639 0.4444444478
82195  -29.695  -5.352  -30.682 0.5555555820
81086  -20.775  -5.757  -27.628 0.5555555820
83241  -25.448  -4.385  -31.070 0.6666666865
76541  -20.871  -10.281  -25.791 0.4444444478
75341  -20.775  -11.601  -25.536 0.4444444478
83222  -32.058  -4.237  -29.899 0.3333333433
64854  -28.539  -19.527  -26.821 0.6666666865
63569  -24.080  -21.207  -23.868 0.5555555820
68371  -29.612  -16.835  -27.373 0.7777777910
64780  -22.604  -19.993  -23.117 0.3333333433
67153  -22.029  -18.528  -23.424 0.4444444478
71625  -30.128  -14.778  -27.559 0.6666666865
72890  -20.703  -13.648  -25.834 0.3333333433
72889  -19.879  -13.681  -25.760 0.1111111119
74148  -20.180  -12.749  -25.781 0.1111111119
75318  -20.174  -11.141  -25.082 0.4444444478
80039  -20.235  -7.228  -26.636 0.3333333433
84302  -27.642  -3.613  -31.163 0.6666666865
84303  -28.655  -3.557  -30.969 0.4444444478
62376  -29.072  -22.430  -25.274 0.4444444478
62358  -30.187  -22.715  -24.317 0.2222222239
62372  -25.804  -21.836  -24.933 0.4444444478
62373  -26.421  -22.019  -25.272 0.4444444478
63591  -25.898  -21.143  -25.251 0.4444444478
63592  -26.451  -21.285  -25.539 0.4444444478
62375  -27.893  -22.289  -25.581 0.4444444478
62392  -28.849  -21.492  -25.813 0.4444444478
63572  -30.604  -21.953  -24.805 0.2222222239
63610  -26.843  -20.931  -25.857 0.4444444478
63611  -27.577  -20.897  -26.059 0.4444444478
63612  -28.335  -20.880  -26.107 0.4444444478
63573  -31.306  -21.523  -24.828 0.1111111119
63574  -32.271  -21.069  -24.823 0.1111111119
63613  -29.254  -20.871  -26.058 0.3333333433
64833  -27.017  -20.182  -26.344 0.4444444478
63614  -30.020  -20.520  -26.042 0.3333333433
63595  -31.372  -20.919  -25.459 0.2222222239
64835  -28.496  -20.195  -26.448 0.4444444478
64834  -27.770  -20.269  -26.412 0.4444444478
64837  -30.519  -19.858  -26.236 0.2222222239
64838  -31.626  -19.617  -26.364 0.1111111119
65996  -33.075  -19.333  -26.130 0.1111111119
66010  -29.638  -18.956  -26.567 0.3333333433
66030  -29.031  -18.947  -26.902 0.4444444478
67206  -29.485  -18.059  -26.933 0.6666666865
67208  -31.461  -18.166  -26.569 0.4444444478
68344  -29.820  -17.472  -26.959 0.6666666865
68372  -32.867  -17.229  -26.927 0.3333333433
69425  -31.349  -16.567  -26.558 0.5555555820
69453  -29.759  -16.182  -27.488 0.6666666865
70465  -30.844  -15.788  -26.738 0.5555555820
70466  -31.750  -15.718  -26.571 0.5555555820
69426  -32.386  -16.511  -26.628 0.4444444478
70486  -32.778  -15.592  -26.751 0.3333333433
70464  -30.175  -15.593  -27.259 0.5555555820
71628  -33.203  -14.591  -27.036 0.4444444478
72926  -32.386  -13.616  -26.982 0.5555555820
71627  -31.904  -14.650  -26.727 0.4444444478
84268  -22.228  -3.781  -28.932 0.5555555820
84280  -21.755  -3.706  -29.133 0.5555555820
84281  -23.245  -3.799  -29.499 0.5555555820
84282  -24.361  -3.648  -30.286 0.5555555820
84301  -26.631  -3.624  -31.298 0.5555555820
61269  -27.421  -22.748  -25.237 0.4444444478
64814  -25.446  -20.533  -25.322 0.4444444478
63594  -30.343  -21.288  -25.528 0.2222222239
64817  -31.473  -20.319  -25.986 0.2222222239
66011  -30.919  -18.964  -26.450 0.4444444478
66012  -31.994  -18.875  -26.590 0.3333333433
68345  -30.854  -17.396  -26.585 0.6666666865
72927  -33.386  -13.553  -27.225 0.4444444478
75386  -34.052  -11.814  -27.638 0.4444444478
85486  -22.183  -3.290  -28.824 0.5555555820
63609  -26.292  -20.786  -25.635 0.4444444478
67209  -32.669  -18.074  -26.866 0.2222222239
60165  -26.447  -23.722  -24.054 0.4444444478
61253  -27.725  -23.435  -24.868 0.4444444478
60167  -28.186  -24.009  -24.346 0.4444444478
61256  -29.878  -23.168  -23.916 0.2222222239
62340  -30.586  -22.986  -23.685 0.2222222239
62354  -24.643  -22.076  -23.921 0.4444444478
61251  -25.763  -23.152  -24.055 0.4444444478
62360  -32.044  -21.766  -24.227 0.1111111119
62341  -31.109  -22.797  -23.579 0.1111111119
63596  -32.093  -20.571  -25.529 0.1111111119
64797  -33.766  -20.140  -24.974 0.1111111119
65997  -33.798  -19.200  -25.910 0.1111111119
66013  -32.887  -18.850  -26.581 0.1111111119
67230  -33.540  -17.857  -27.179 0.2222222239
69454  -33.273  -16.432  -27.117 0.1111111119
67229  -33.168  -17.617  -27.103 0.2222222239
70487  -33.595  -15.556  -27.426 0.2222222239
71641  -33.900  -14.863  -27.606 0.2222222239
71629  -33.846  -14.217  -27.512 0.3333333433
74188  -33.694  -12.662  -27.421 0.4444444478
75387  -34.655  -11.826  -28.201 0.3333333433
76562  -33.688  -10.752  -27.586 0.4444444478
80067  -33.544  -7.941  -28.375 0.4444444478
82167  -31.794  -5.459  -29.583 0.3333333433
83177  -19.986  -3.969  -28.762 0.4444444478
85484  -19.975  -2.178  -30.945 0.5555555820
85501  -25.392  -3.179  -31.135 0.5555555820
85502  -26.018  -2.659  -31.205 0.5555555820
85474  -20.704  -3.369  -29.240 0.5555555820
62355  -25.362  -22.122  -24.445 0.4444444478
63571  -25.466  -21.454  -24.822 0.4444444478
64852  -27.384  -19.767  -26.620 0.5555555820
64855  -29.001  -19.285  -26.775 0.6666666865
71609  -30.528  -15.159  -27.033 0.5555555820
71626  -30.862  -14.549  -27.075 0.5555555820
76577  -34.086  -10.099  -27.821 0.4444444478
83198  -31.839  -4.808  -29.760 0.3333333433
64836  -29.321  -19.899  -26.410 0.3333333433
61255  -29.339  -23.133  -24.496 0.3333333433
61270  -28.254  -22.957  -25.200 0.4444444478
62357  -29.529  -22.769  -24.711 0.3333333433
62359  -31.283  -22.216  -24.185 0.1111111119
62356  -26.003  -22.424  -24.702 0.4444444478
61252  -26.740  -22.989  -24.724 0.4444444478
61268  -26.896  -22.504  -25.245 0.4444444478
62374  -27.105  -22.157  -25.553 0.4444444478
62389  -26.823  -21.594  -25.638 0.4444444478
62390  -27.383  -21.587  -25.809 0.4444444478
62391  -28.174  -21.624  -25.869 0.4444444478
62377  -29.953  -22.046  -25.165 0.4444444478
63593  -29.482  -21.629  -25.591 0.4444444478
63553  -32.939  -21.538  -24.014 0.1111111119
64816  -30.742  -20.614  -25.896 0.2222222239
64839  -32.410  -19.367  -26.376 0.1111111119
64818  -32.428  -19.958  -25.942 0.1111111119
64819  -33.330  -19.740  -25.570 0.1111111119
67207  -30.333  -18.182  -26.585 0.4444444478
68346  -31.963  -17.353  -26.587 0.3333333433
68373  -33.545  -17.201  -27.346 0.1111111119
69424  -30.296  -16.547  -26.907 0.5555555820
71610  -31.159  -15.159  -26.729 0.5555555820
72928  -34.132  -13.530  -27.715 0.4444444478
85485  -20.668  -2.926  -30.605 0.5555555820
61254  -28.568  -23.453  -24.720 0.4444444478
64796  -32.856  -20.370  -25.211 0.1111111119
86624  -22.373  -2.505  -28.726 0.5555555820
60166  -27.295  -23.891  -24.313 0.4444444478
60168  -28.954  -23.740  -24.049 0.4444444478
61235  -29.599  -23.483  -23.770 0.2222222239
61250  -25.129  -22.626  -24.001 0.4444444478
63575  -33.342  -20.829  -24.553 0.1111111119
56563  -27.989  -27.063  -17.654 0.1111111119
57846  -26.297  -26.692  -21.482 0.3333333433
57823  -27.027  -26.852  -19.448 0.2222222239
57798  -27.589  -26.791  -18.451 0.2222222239
57824  -27.842  -26.101  -19.017 0.1111111119
60131  -24.243  -24.239  -22.301 0.3333333433
59043  -24.363  -25.562  -21.577 0.3333333433
57853  -24.918  -25.928  -21.546 0.3333333433
57855  -26.356  -25.997  -22.225 0.3333333433
57847  -27.043  -26.124  -21.799 0.3333333433
57838  -27.204  -26.397  -20.703 0.2222222239
59044  -27.719  -25.666  -21.271 0.2222222239
59020  -27.580  -26.087  -19.837 0.2222222239
59034  -27.795  -25.720  -20.398 0.2222222239
61215  -23.550  -23.271  -22.313 0.2222222239
61196  -23.111  -23.624  -21.630 0.2222222239
59054  -24.868  -25.170  -22.107 0.3333333433
62324  -23.511  -22.418  -22.718 0.2222222239
61232  -23.984  -22.797  -23.050 0.3333333433
61216  -24.318  -23.546  -22.845 0.3333333433
61233  -24.821  -23.164  -23.550 0.3333333433
60148  -25.316  -23.784  -23.422 0.3333333433
60132  -25.108  -24.254  -22.938 0.3333333433
60133  -25.752  -24.616  -22.983 0.3333333433
59070  -26.761  -24.950  -23.159 0.3333333433
59057  -27.437  -25.474  -22.411 0.3333333433
59071  -27.589  -24.917  -23.233 0.3333333433
59058  -28.254  -24.944  -22.628 0.3333333433
59045  -28.316  -25.086  -21.704 0.1111111119
60106  -29.025  -24.574  -21.226 0.2222222239
63536  -23.178  -21.574  -22.635 0.2222222239
62337  -23.369  -21.858  -22.796 0.2222222239
62338  -23.733  -21.993  -23.219 0.3333333433
62339  -24.231  -22.364  -23.471 0.3333333433
60149  -25.954  -24.128  -23.515 0.3333333433
60150  -26.957  -24.405  -23.740 0.3333333433
60151  -27.816  -24.448  -23.819 0.3333333433
60120  -28.948  -24.653  -22.136 0.1111111119
63535  -22.886  -21.115  -22.361 0.3333333433
63551  -23.429  -21.144  -23.255 0.3333333433
60152  -28.597  -24.283  -23.646 0.3333333433
74189  -34.411  -12.681  -27.960 0.2222222239
72942  -34.635  -13.521  -28.412 0.2222222239
78998  -33.425  -8.706  -28.013 0.3333333433
77796  -34.212  -9.465  -28.046 0.2222222239
59021  -28.178  -25.515  -19.647 0.1111111119
62323  -23.016  -22.233  -22.175 0.3333333433
59056  -26.555  -25.476  -22.700 0.3333333433
57856  -26.880  -25.863  -22.357 0.3333333433
62353  -24.091  -21.824  -23.580 0.3333333433
56562  -27.164  -27.605  -17.974 0.1111111119
56539  -27.768  -27.585  -17.368 0.1111111119
57844  -24.358  -26.406  -20.968 0.3333333433
57845  -25.293  -26.608  -21.321 0.3333333433
56614  -25.724  -27.273  -20.895 0.3333333433
57837  -26.484  -27.086  -20.454 0.3333333433
56564  -28.699  -26.862  -17.372 0.1111111119
59053  -24.136  -24.902  -21.797 0.3333333433
57799  -28.545  -26.231  -18.098 0.1111111119
61214  -23.008  -23.006  -21.792 0.2222222239
57825  -28.540  -25.593  -18.875 0.1111111119
59035  -28.440  -25.074  -20.552 0.1111111119
60121  -29.629  -24.280  -21.750 0.1111111119
60134  -28.856  -24.536  -22.942 0.1111111119
60153  -29.426  -23.996  -23.296 0.1111111119
64769  -22.112  -20.332  -22.271 0.1111111119
74204  -34.910  -12.654  -28.691 0.2222222239
77806  -34.833  -9.371  -28.720 0.2222222239
63552  -23.822  -21.534  -23.474 0.4444444478
63550  -23.030  -20.734  -23.249 0.2222222239
76578  -34.864  -10.690  -28.515 0.2222222239
57797  -27.151  -27.147  -18.664 0.1111111119
57854  -25.572  -25.996  -21.935 0.3333333433
60119  -23.572  -24.276  -21.741 0.2222222239
59055  -25.755  -25.239  -22.592 0.3333333433
59069  -26.156  -24.886  -22.984 0.3333333433
59072  -28.240  -24.683  -23.278 0.3333333433
60164  -26.046  -23.672  -23.878 0.3333333433
55328  -26.955  -28.265  -17.486 0.1111111119
56586  -26.825  -27.388  -18.788 0.2222222239
56613  -24.918  -27.093  -20.797 0.3333333433
56603  -25.966  -27.690  -20.134 0.3333333433
57822  -26.475  -27.328  -19.856 0.3333333433
59042  -23.618  -25.307  -21.327 0.2222222239
72957  -35.077  -13.463  -29.076 0.1111111119
71675  -35.867  -13.651  -30.007 0.1111111119
72958  -35.438  -13.249  -29.692 0.1111111119
74218  -35.486  -12.381  -29.727 0.1111111119
72984  -36.067  -12.621  -30.843 0.1111111119
74232  -35.632  -12.075  -30.384 0.1111111119
76579  -35.327  -11.096  -29.384 0.1111111119
75428  -35.505  -11.406  -30.716 0.1111111119
80081  -33.836  -7.201  -28.641 0.2222222239
76589  -35.125  -9.939  -29.185 0.1111111119
76590  -35.411  -10.502  -29.922 0.1111111119
82169  -33.716  -5.657  -29.068 0.1111111119
82168  -32.751  -5.606  -29.173 0.2222222239
83199  -32.449  -4.846  -29.519 0.1111111119
81112  -34.247  -6.452  -28.993 0.1111111119
83201  -34.026  -5.124  -29.227 0.1111111119
85517  -20.274  -2.753  -32.267 0.4444444478
84239  -20.497  -3.410  -28.105 0.4444444478
84267  -20.093  -2.870  -29.518 0.4444444478
85487  -23.691  -2.885  -29.717 0.4444444478
85506  -30.199  -2.328  -31.056 0.3333333433
84306  -31.763  -2.688  -30.783 0.1111111119
84285  -32.567  -3.288  -30.211 0.1111111119
85490  -33.455  -2.702  -30.567 0.1111111119
86625  -23.056  -2.228  -29.152 0.4444444478
86626  -24.149  -1.601  -29.859 0.4444444478
85488  -24.842  -2.666  -30.747 0.4444444478
85489  -25.468  -2.120  -31.012 0.4444444478
85503  -27.260  -2.663  -31.169 0.4444444478
85504  -28.346  -2.557  -31.109 0.4444444478
85505  -29.332  -2.438  -31.048 0.2222222239
85507  -31.169  -1.838  -31.356 0.2222222239
85508  -32.299  -1.633  -31.396 0.2222222239
88716  -30.992  0.798  -34.819 0.1111111119
86669  -31.285  -0.064  -33.446 0.1111111119
86654  -33.093  -0.734  -32.055 0.1111111119
85435  -21.231  -2.600  -27.684 0.4444444478
86596  -21.919  -1.808  -28.220 0.4444444478
85455  -21.832  -2.341  -28.199 0.4444444478
86610  -22.533  -1.796  -28.461 0.3333333433
86627  -25.126  -1.542  -30.729 0.4444444478
86636  -26.045  -1.584  -30.925 0.4444444478
86637  -27.015  -1.699  -31.045 0.4444444478
86638  -28.065  -1.627  -31.201 0.4444444478
87662  -26.912  -0.691  -30.937 0.3333333433
86639  -29.265  -1.296  -31.447 0.3333333433
86651  -30.169  -0.767  -31.947 0.1111111119
86640  -30.079  -1.538  -31.477 0.1111111119
86652  -30.927  -0.894  -32.233 0.1111111119
86641  -30.580  -1.616  -31.476 0.2222222239
85518  -31.466  -1.162  -31.866 0.1111111119
86660  -31.519  -0.324  -33.107 0.1111111119
86595  -21.735  -1.911  -27.939 0.2222222239
86611  -23.435  -1.297  -29.067 0.3333333433
86612  -23.900  -1.024  -29.388 0.3333333433
87663  -27.855  -0.769  -31.216 0.2222222239
87664  -28.712  -0.635  -31.487 0.2222222239
86650  -29.832  -0.567  -31.906 0.2222222239
87672  -30.523  -0.452  -32.424 0.1111111119
88664  -28.430  -0.183  -31.448 0.1111111119
87670  -29.535  -0.254  -31.895 0.1111111119
86659  -31.065  -0.223  -33.256 0.1111111119
88677  -29.816  0.515  -32.524 0.1111111119
87682  -30.542  0.398  -33.595 0.1111111119
87683  -30.710  -0.154  -33.005 0.1111111119
87633  -22.274  -1.153  -28.446 0.3333333433
87635  -23.649  -0.740  -29.154 0.3333333433
87634  -22.903  -0.273  -28.883 0.3333333433
87649  -23.543  0.179  -29.742 0.3333333433
87651  -24.771  -0.656  -30.419 0.3333333433
87661  -25.801  -0.639  -30.719 0.3333333433
88676  -29.118  0.379  -31.842 0.1111111119
88686  -30.124  0.736  -33.483 0.1111111119
87696  -30.670  0.542  -34.106 0.1111111119
88715  -30.657  1.213  -35.177 0.1111111119
89634  -20.951  0.961  -28.660 0.1111111119
88628  -21.695  0.639  -29.570 0.1111111119
88643  -22.880  0.593  -30.461 0.2222222239
88645  -24.550  -0.100  -30.282 0.3333333433
88661  -25.228  0.396  -30.758 0.2222222239
88662  -26.669  0.328  -30.984 0.1111111119
88675  -28.896  0.874  -31.743 0.1111111119
89688  -29.611  0.881  -32.483 0.1111111119
89701  -29.796  1.156  -33.212 0.1111111119
88700  -30.440  0.882  -34.492 0.1111111119
89724  -31.767  1.523  -35.385 0.1111111119
89644  -20.824  1.435  -29.830 0.1111111119
88641  -22.066  2.087  -31.056 0.1111111119
88627  -21.625  1.193  -30.472 0.1111111119
88658  -22.672  1.986  -31.475 0.1111111119
90706  -26.367  2.261  -31.362 0.1111111119
89671  -25.330  1.540  -31.331 0.1111111119
89672  -26.409  1.301  -31.236 0.2222222239
90718  -29.307  2.155  -32.372 0.1111111119
89686  -28.712  1.358  -31.662 0.1111111119
89687  -29.465  1.400  -32.511 0.1111111119
90703  -23.591  3.225  -31.673 0.1111111119
91669  -23.650  4.130  -31.277 0.1111111119
91681  -24.234  3.812  -31.609 0.1111111119
90705  -25.427  2.571  -31.510 0.1111111119
91684  -27.084  2.663  -31.378 0.1111111119
90717  -28.433  2.063  -31.561 0.1111111119
92675  -25.144  4.420  -31.289 0.1111111119
92676  -26.359  4.312  -31.346 0.1111111119
91683  -26.669  3.265  -31.510 0.1111111119
74217  -35.252  -12.839  -29.276 0.1111111119
72971  -35.710  -12.814  -30.399 0.1111111119
72972  -36.198  -13.164  -30.540 0.1111111119
77807  -35.261  -9.201  -29.613 0.1111111119
79011  -35.212  -8.193  -29.531 0.1111111119
83224  -34.244  -4.510  -29.622 0.1111111119
85454  -20.997  -2.958  -28.110 0.4444444478
87673  -32.622  -0.268  -32.893 0.1111111119
87697  -30.946  0.305  -33.923 0.1111111119
88660  -24.152  0.959  -31.207 0.2222222239
89673  -27.599  1.249  -31.318 0.1111111119
90704  -24.441  2.858  -31.706 0.1111111119
90707  -27.311  2.084  -31.381 0.1111111119
90733  -29.629  2.392  -33.528 0.1111111119
91699  -27.964  2.880  -31.504 0.1111111119
92691  -27.261  3.966  -31.573 0.1111111119
72973  -36.772  -13.142  -30.512 0.1111111119
80068  -34.280  -7.902  -28.623 0.2222222239
81111  -33.230  -6.402  -28.808 0.2222222239
83223  -33.049  -4.156  -29.646 0.1111111119
129994  -20.222  -3.348  -28.985 0.4444444478
85475  -21.799  -2.792  -28.443 0.4444444478
89667  -22.511  2.913  -30.905 0.1111111119
92656  -22.861  4.344  -29.945 0.1111111119
91682  -25.382  3.579  -31.556 0.1111111119
71677  -36.675  -13.617  -30.231 0.1111111119
71659  -34.887  -14.226  -28.813 0.1111111119
71660  -35.422  -14.102  -29.349 0.1111111119
71676  -36.421  -13.704  -30.160 0.1111111119
75417  -37.865  -11.880  -29.864 0.1111111119
72960  -37.917  -12.981  -29.401 0.1111111119
74247  -36.705  -12.237  -31.300 0.1111111119
74245  -35.774  -12.100  -31.020 0.1111111119
74261  -36.229  -11.845  -31.839 0.1111111119
76600  -35.372  -10.593  -31.263 0.1111111119
79022  -35.398  -8.447  -30.379 0.1111111119
77818  -35.349  -9.540  -30.817 0.1111111119
81114  -35.402  -6.659  -30.255 0.1111111119
82199  -35.331  -5.633  -30.392 0.1111111119
82198  -34.874  -5.065  -29.888 0.1111111119
85509  -33.282  -1.964  -31.113 0.1111111119
85491  -34.337  -3.016  -30.591 0.1111111119
85434  -20.754  -2.759  -27.198 0.4444444478
86656  -34.667  -1.245  -31.902 0.1111111119
87675  -33.775  -0.472  -32.462 0.1111111119
86581  -21.488  -1.669  -27.639 0.2222222239
87621  -21.599  -1.264  -27.916 0.2222222239
87622  -21.873  -0.880  -28.337 0.2222222239
88688  -32.991  0.502  -33.663 0.1111111119
87608  -21.718  -0.069  -28.402 0.1111111119
87623  -21.904  0.068  -28.820 0.2222222239
89710  -32.166  1.254  -34.766 0.1111111119
89725  -32.671  1.570  -35.418 0.1111111119
88604  -21.664  0.327  -28.070 0.1111111119
89620  -21.890  1.104  -27.814 0.1111111119
130445  -22.096  3.086  -30.221 0.1111111119
130442  -22.143  3.248  -29.041 0.1111111119
89737  -31.689  2.106  -36.580 0.1111111119
130423  -22.954  4.326  -28.905 0.1111111119
93621  -23.632  5.191  -29.678 0.1111111119
90745  -29.633  2.549  -34.790 0.1111111119
90746  -29.599  2.007  -34.834 0.1111111119
89722  -30.357  1.814  -35.616 0.1111111119
89735  -30.531  2.380  -36.411 0.1111111119
93633  -24.168  5.233  -30.454 0.1111111119
93649  -25.737  4.859  -30.793 0.1111111119
91700  -29.350  2.588  -31.920 0.1111111119
91730  -29.781  3.335  -34.428 0.1111111119
91698  -27.495  3.497  -31.544 0.1111111119
75403  -35.068  -11.833  -28.711 0.1111111119
83200  -33.361  -4.942  -29.292 0.2222222239
75416  -35.520  -11.533  -29.904 0.1111111119
74246  -36.182  -12.248  -31.285 0.1111111119
75440  -35.587  -11.395  -31.566 0.1111111119
80082  -34.775  -7.439  -29.062 0.1111111119
82170  -34.647  -5.610  -29.480 0.1111111119
81113  -35.015  -6.604  -29.514 0.1111111119
84286  -33.739  -3.493  -30.047 0.1111111119
84307  -32.653  -2.422  -30.774 0.1111111119
85519  -31.742  -1.312  -31.700 0.2222222239
88717  -31.541  0.808  -34.473 0.1111111119
87684  -32.310  0.087  -33.367 0.1111111119
86668  -31.162  0.078  -33.606 0.1111111119
88702  -32.232  0.751  -34.120 0.1111111119
88687  -32.591  0.563  -33.811 0.1111111119
87676  -34.543  -0.667  -32.346 0.1111111119
86643  -33.185  -1.278  -31.584 0.1111111119
86653  -32.141  -0.726  -32.277 0.2222222239
87650  -24.087  -0.428  -29.625 0.3333333433
87671  -30.222  -0.024  -32.549 0.1111111119
88663  -28.039  0.319  -31.323 0.1111111119
89723  -31.033  1.607  -35.639 0.1111111119
89621  -21.390  1.000  -28.345 0.1111111119
88616  -21.281  0.502  -28.999 0.1111111119
88644  -24.074  0.265  -30.350 0.3333333433
89709  -29.787  1.480  -34.480 0.1111111119
88642  -22.276  1.405  -31.103 0.1111111119
89643  -21.134  1.889  -30.424 0.1111111119
89668  -22.873  2.737  -31.434 0.1111111119
88625  -21.714  2.516  -30.424 0.1111111119
88659  -23.278  1.320  -31.535 0.1111111119
89670  -24.413  1.816  -31.747 0.1111111119
89669  -23.532  2.138  -31.881 0.1111111119
88674  -23.898  1.316  -31.721 0.1111111119
89700  -29.612  1.798  -33.847 0.1111111119
90701  -22.556  3.302  -30.677 0.1111111119
92674  -24.228  4.645  -31.177 0.1111111119
71661  -36.176  -14.471  -29.443 0.1111111119
72986  -36.645  -12.701  -30.907 0.1111111119
87674  -33.046  -0.341  -32.632 0.1111111119
88689  -33.664  0.433  -33.555 0.1111111119
74233  -37.476  -12.424  -30.525 0.1111111119
93632  -23.403  4.975  -30.254 0.1111111119
80083  -35.341  -7.478  -29.887 0.1111111119
82171  -35.178  -6.105  -29.857 0.1111111119
86644  -33.994  -1.603  -31.504 0.1111111119
88690  -34.359  0.202  -33.418 0.1111111119
89712  -33.427  1.134  -34.563 0.1111111119
87586  -20.999  -0.348  -27.026 0.1111111119
89711  -32.792  1.232  -34.673 0.1111111119
89633  -21.267  1.873  -28.716 0.1111111119
91715  -29.931  3.213  -33.244 0.1111111119
56602  -25.198  -27.698  -20.474 0.2222222239
70444  -20.734  -15.559  -24.998 0.2222222239
71586  -20.753  -14.619  -25.549 0.2222222239
69401  -21.655  -16.160  -24.664 0.3333333433
70445  -21.640  -15.299  -25.089 0.4444444478
129991  -20.306  -3.484  -28.628 0.3333333433
83153  -19.786  -3.793  -27.004 0.2222222239
86559  -19.787  -1.674  -26.218 0.1111111119
86560  -20.609  -1.896  -26.729 0.1111111119
80038  -19.288  -7.575  -26.043 0.1111111119
68322  -21.490  -16.932  -24.426 0.2222222239
82120  -18.933  -5.270  -26.398 0.1111111119
83151  -18.333  -4.364  -26.259 0.1111111119
85421  -18.403  -2.841  -25.762 0.1111111119
86540  -18.909  -1.444  -25.734 0.1111111119
87606  -20.968  -1.344  -27.001 0.1111111119
68321  -21.002  -16.941  -24.227 0.2222222239
75340  -20.135  -12.219  -25.347 0.1111111119
84238  -20.283  -3.439  -27.097 0.3333333433
85423  -20.088  -2.663  -26.559 0.3333333433
69400  -20.883  -16.359  -24.519 0.2222222239
84233  -18.781  -3.481  -26.221 0.1111111119
84234  -19.553  -3.366  -26.626 0.1111111119
85422  -19.206  -2.543  -25.979 0.1111111119
83150  -17.399  -4.361  -25.978 0.1111111119
84232  -17.888  -3.491  -25.884 0.1111111119
85407  -17.605  -2.484  -25.499 0.1111111119
85408  -18.447  -2.107  -25.618 0.1111111119
67210  -33.516  -18.384  -26.830 0.1111111119
55363  -25.348  -28.211  -19.990 0.1111111119
55347  -26.015  -28.268  -18.898 0.1111111119
56584  -24.086  -28.048  -19.700 0.1111111119
56601  -24.347  -27.423  -20.253 0.1111111119
56612  -24.558  -26.976  -20.672 0.1111111119
65957  -21.585  -18.462  -22.962 0.1111111119
71585  -19.815  -14.786  -25.062 0.1111111119
77737  -19.695  -9.634  -25.156 0.2222222239
77736  -18.976  -9.297  -24.943 0.2222222239
55346  -25.425  -28.708  -19.308 0.1111111119
55326  -25.776  -28.896  -18.649 0.1111111119
56585  -26.365  -27.625  -19.323 0.1111111119
56600  -23.407  -27.039  -19.926 0.1111111119
57836  -23.746  -26.666  -20.418 0.1111111119
57843  -23.428  -26.051  -20.760 0.1111111119
59041  -23.153  -25.392  -21.003 0.1111111119
60118  -22.805  -24.380  -21.145 0.1111111119
62309  -22.731  -22.730  -21.669 0.1111111119
65939  -21.732  -18.566  -22.777 0.1111111119
67151  -21.262  -18.097  -23.005 0.1111111119
69386  -20.626  -16.609  -23.987 0.1111111119
71563  -19.836  -14.987  -24.163 0.1111111119
76520  -19.562  -10.087  -24.719 0.2222222239
77735  -18.460  -9.137  -24.357 0.2222222239
78936  -18.970  -8.516  -25.520 0.1111111119
56561  -26.508  -27.849  -18.578 0.1111111119
68303  -21.486  -17.442  -23.920 0.1111111119
62322  -22.619  -21.817  -21.874 0.1111111119
65958  -22.081  -19.039  -22.832 0.1111111119
55364  -25.814  -28.097  -19.544 0.1111111119
70430  -20.206  -15.757  -24.485 0.1111111119
68279  -21.379  -17.802  -23.561 0.1111111119
67152  -21.495  -18.225  -23.265 0.1111111119
55362  -24.864  -28.020  -20.192 0.1111111119
55345  -24.621  -28.485  -19.699 0.1111111119
67132  -21.488  -18.133  -22.816 0.1111111119
77713  -18.971  -9.747  -24.233 0.1111111119
57842  -23.032  -26.044  -20.506 0.1111111119
60105  -22.626  -24.829  -20.645 0.1111111119
67133  -21.948  -18.431  -22.527 0.1111111119
68278  -21.058  -17.436  -23.477 0.1111111119
78935  -18.274  -8.328  -24.860 0.1111111119
76501  -19.950  -10.790  -24.739 0.1111111119
80037  -18.493  -7.196  -25.763 0.1111111119
81070  -18.560  -6.402  -26.084 0.1111111119
55310  -28.114  -28.101  -16.715 0.1111111119
61234  -25.448  -23.561  -23.642 0.3333333433
61271  -28.829  -23.047  -24.989 0.4444444478
67172  -21.734  -18.019  -23.616 0.1111111119
67241  -27.843  -17.754  -28.020 1.0000000000
68343  -29.435  -17.715  -27.163 0.6666666865
68369  -28.597  -17.757  -27.897 1.0000000000
68384  -26.958  -17.230  -27.809 1.0000000000
69470  -28.407  -16.048  -28.537 1.0000000000
69476  -27.891  -15.721  -28.699 1.0000000000
70502  -28.814  -15.250  -28.592 0.8888888955
70521  -28.517  -15.069  -28.729 0.7777777910
71608  -30.269  -15.178  -27.276 0.5555555820
71655  -27.300  -14.307  -29.086 1.0000000000
71673  -28.222  -13.736  -29.415 1.0000000000
71674  -28.479  -13.822  -29.297 1.0000000000
72867  -19.854  -13.494  -26.031 0.1111111119
72868  -20.114  -13.525  -26.110 0.2222222239
72981  -27.595  -12.705  -29.803 1.0000000000
72983  -28.170  -12.577  -30.049 1.0000000000
72985  -36.401  -12.700  -30.907 0.1111111119
72994  -27.902  -12.315  -30.178 0.8888888955
72995  -28.060  -12.470  -30.138 0.8888888955
74121  -19.942  -13.252  -26.089 0.2222222239
74205  -35.280  -12.297  -29.102 0.1111111119
74214  -26.594  -12.732  -29.398 1.0000000000
74215  -29.238  -13.039  -29.216 0.8888888955
74219  -37.815  -12.644  -29.762 0.1111111119
74227  -26.344  -12.474  -29.397 1.0000000000
74228  -26.578  -12.266  -29.580 1.0000000000
74231  -29.409  -11.861  -29.418 0.7777777910
74257  -27.610  -12.054  -30.156 0.8888888955
74259  -28.339  -11.842  -30.389 0.7777777910
74260  -35.913  -11.833  -31.622 0.1111111119
75404  -35.327  -11.648  -29.208 0.1111111119
75414  -29.535  -11.085  -29.528 0.7777777910
75415  -29.747  -11.335  -29.238 0.7777777910
75438  -28.410  -11.220  -30.465 0.8888888955
75439  -28.703  -11.384  -30.270 0.7777777910
75454  -28.204  -11.430  -30.477 0.8888888955
76563  -34.407  -11.252  -27.867 0.3333333433
76588  -30.002  -10.584  -29.253 0.7777777910
76609  -28.315  -10.775  -30.565 0.7777777910
76623  -27.829  -11.178  -30.523 0.8888888955
77778  -31.701  -10.323  -27.940 0.5555555820
77779  -32.029  -10.266  -27.788 0.5555555820
77792  -30.757  -9.769  -28.740 0.6666666865
77814  -25.525  -8.379  -30.632 0.8888888955
77815  -25.495  -8.796  -30.514 0.8888888955
77816  -29.469  -9.589  -29.895 0.7777777910
79010  -34.862  -8.432  -28.911 0.1111111119
79017  -23.930  -8.003  -29.782 0.8888888955
79029  -25.611  -7.752  -30.787 0.7777777910
80066  -32.646  -8.120  -28.310 0.5555555820
80092  -24.634  -7.029  -30.416 0.7777777910
81104  -18.276  -5.727  -30.347 0.6666666865
81105  -18.145  -6.153  -30.103 0.6666666865
81128  -18.471  -4.758  -30.364 0.6666666865
81129  -18.706  -5.545  -30.666 0.6666666865
81130  -18.651  -6.078  -30.560 0.6666666865
81132  -24.988  -6.232  -30.609 0.6666666865
81135  -30.784  -6.404  -30.032 0.4444444478
81148  -18.930  -5.629  -30.928 0.6666666865
81149  -18.828  -5.839  -30.857 0.6666666865
82134  -19.975  -4.544  -27.351 0.3333333433
82146  -18.505  -5.162  -29.612 0.6666666865
82161  -18.026  -5.511  -29.888 0.6666666865
82162  -18.922  -5.700  -29.705 0.6666666865
82187  -18.874  -4.959  -30.714 0.6666666865
82188  -19.347  -5.970  -30.425 0.6666666865
82190  -20.594  -4.315  -29.531 0.6666666865
82192  -23.972  -5.331  -29.837 0.6666666865
82209  -19.012  -5.263  -30.853 0.6666666865
82210  -19.182  -5.572  -30.815 0.6666666865
82211  -19.499  -5.357  -30.541 0.6666666865
83175  -18.260  -4.711  -29.841 0.6666666865
83195  -18.540  -3.737  -30.037 0.5555555820
83214  -20.104  -4.653  -30.614 0.6666666865
83215  -20.451  -4.319  -30.572 0.6666666865
83216  -21.221  -4.159  -29.487 0.6666666865
83218  -24.159  -4.494  -30.059 0.6666666865
83225  -35.038  -4.615  -30.298 0.1111111119
83236  -19.134  -4.890  -30.943 0.6666666865
83237  -19.271  -4.790  -30.884 0.6666666865
83238  -19.837  -4.676  -30.897 0.6666666865
83239  -20.276  -4.177  -31.272 0.6666666865
84227  -17.428  -3.240  -25.695 0.1111111119
84250  -19.335  -3.349  -29.651 0.5555555820
84269  -22.649  -4.043  -29.144 0.5555555820
84283  -30.814  -4.088  -30.443 0.2222222239
84296  -19.504  -4.191  -31.391 0.6666666865
84297  -20.005  -3.969  -31.616 0.6666666865
84298  -20.475  -3.529  -31.445 0.4444444478
84315  -19.227  -3.773  -31.643 0.6666666865
84316  -19.578  -3.620  -31.872 0.6666666865
84317  -20.003  -3.396  -32.110 0.4444444478
84318  -20.339  -3.094  -32.176 0.4444444478
85473  -20.159  -2.639  -30.182 0.5555555820
85482  -18.457  -3.562  -30.926 0.5555555820
85483  -19.047  -2.380  -31.197 0.5555555820
85492  -34.808  -3.265  -30.727 0.1111111119
85497  -18.913  -3.468  -31.710 0.6666666865
85498  -18.834  -2.775  -31.867 0.4444444478
85499  -20.178  -2.457  -32.241 0.4444444478
85500  -20.515  -2.718  -31.890 0.4444444478
85510  -34.171  -2.296  -31.018 0.1111111119
85514  -19.242  -3.474  -31.949 0.6666666865
85515  -19.364  -3.080  -32.238 0.4444444478
85516  -19.975  -2.853  -32.381 0.4444444478
86580  -21.172  -1.873  -27.245 0.2222222239
86621  -19.767  -2.049  -31.606 0.4444444478
86622  -20.284  -2.210  -31.579 0.4444444478
86623  -20.470  -2.451  -31.625 0.4444444478
86633  -19.416  -2.274  -31.904 0.4444444478
86634  -19.988  -2.025  -32.037 0.4444444478
86635  -20.378  -2.273  -31.978 0.4444444478
86642  -32.651  -1.029  -31.768 0.1111111119
86648  -19.302  -2.594  -32.145 0.4444444478
86649  -19.682  -2.493  -32.234 0.4444444478
86655  -33.869  -0.981  -31.959 0.1111111119
87609  -21.612  0.280  -28.766 0.1111111119
87677  -35.075  -0.965  -32.292 0.1111111119
87685  -33.041  0.062  -33.188 0.1111111119
87686  -33.713  -0.044  -33.016 0.1111111119
87698  -31.497  0.281  -33.756 0.1111111119
87710  -31.148  0.549  -34.367 0.1111111119
87711  -31.256  0.458  -34.146 0.1111111119
88605  -21.445  0.535  -28.603 0.1111111119
88626  -21.576  1.793  -30.911 0.1111111119
88640  -22.099  2.450  -30.853 0.1111111119
88656  -22.296  2.599  -30.889 0.1111111119
88657  -22.404  2.435  -31.122 0.1111111119
88673  -23.650  1.353  -31.816 0.1111111119
88701  -30.748  0.617  -34.337 0.1111111119
88703  -32.912  0.871  -34.125 0.1111111119
89645  -20.775  0.985  -29.220 0.1111111119
89654  -22.351  3.110  -30.559 0.1111111119
89666  -22.160  2.761  -30.662 0.1111111119
89684  -23.534  1.570  -31.852 0.1111111119
89685  -23.828  1.601  -31.924 0.1111111119
89708  -29.593  1.928  -34.502 0.1111111119
90692  -23.600  3.707  -31.504 0.1111111119
90702  -22.972  3.656  -30.931 0.1111111119
91680  -23.794  3.601  -31.684 0.1111111119
92657  -23.483  4.556  -30.724 0.1111111119
93648  -24.907  4.942  -30.852 0.1111111119
129980  -24.663  -8.478  -30.103 0.8888888955
129981  -24.911  -8.333  -30.302 0.8888888955
129983  -24.233  -8.410  -29.825 0.8888888955
129984  -24.580  -8.086  -30.178 0.8888888955
129986  -18.213  -4.034  -30.042 0.6666666865
129987  -18.072  -4.962  -29.873 0.6666666865
129988  -19.038  -2.854  -30.072 0.5555555820
129989  -18.021  -4.083  -30.284 0.6666666865
129990  -18.412  -3.610  -30.408 0.5555555820
129992  -19.378  -2.611  -30.306 0.5555555820
130435  -22.714  3.874  -30.401 0.1111111119
130436  -22.505  3.519  -30.254 0.1111111119
130443  -21.213  2.336  -29.706 0.1111111119
