#!ascii label  , from subject sub-THP0005 vox2ras=TkReg
431
72968  -27.775  -13.179  -29.672 0.0000000000
70463  -24.314  -16.005  -26.856 0.0000000000
68371  -29.612  -16.835  -27.373 0.0000000000
64833  -27.017  -20.182  -26.344 0.0000000000
85487  -23.691  -2.885  -29.717 0.0000000000
82214  -26.594  -5.375  -31.365 0.0000000000
77803  -23.051  -9.008  -28.661 0.0000000000
61251  -25.763  -23.152  -24.055 0.0000000000
68342  -25.304  -17.721  -26.569 0.0000000000
65993  -24.403  -19.165  -25.540 0.0000000000
84299  -25.087  -3.664  -30.943 0.0000000000
82165  -22.049  -4.786  -28.684 0.0000000000
74185  -23.536  -12.691  -27.729 0.0000000000
76558  -22.030  -10.297  -27.040 0.0000000000
129977  -25.383  -10.760  -29.687 0.0000000000
77826  -27.202  -9.353  -30.985 0.0000000000
76599  -29.101  -10.610  -30.082 0.0000000000
74202  -30.353  -12.697  -28.236 0.0000000000
71606  -22.261  -14.358  -25.790 0.0000000000
71637  -25.328  -14.594  -28.158 0.0000000000
71639  -28.899  -14.734  -28.718 0.0000000000
69468  -26.882  -16.538  -28.157 0.0000000000
66029  -28.651  -18.955  -27.138 0.0000000000
63614  -30.020  -20.520  -26.042 0.0000000000
80062  -21.358  -6.633  -27.716 0.0000000000
80091  -24.031  -7.060  -30.003 0.0000000000
81154  -28.953  -6.706  -30.871 0.0000000000
64794  -24.383  -20.516  -24.577 0.0000000000
63592  -26.451  -21.285  -25.539 0.0000000000
67192  -23.958  -18.381  -25.559 0.0000000000
67174  -23.297  -18.726  -24.769 0.0000000000
82189  -19.844  -4.853  -30.164 0.0000000000
82148  -20.511  -4.701  -28.368 0.0000000000
74212  -25.436  -12.623  -28.866 0.0000000000
75399  -24.138  -11.673  -28.508 0.0000000000
75413  -26.093  -12.112  -29.426 0.0000000000
75453  -27.657  -11.478  -30.382 0.0000000000
74258  -28.117  -12.107  -30.305 0.0000000000
75427  -29.459  -11.528  -29.465 0.0000000000
74229  -28.568  -12.863  -29.767 0.0000000000
70462  -23.738  -15.440  -26.704 0.0000000000
71624  -24.127  -14.588  -27.370 0.0000000000
70482  -24.697  -15.599  -27.381 0.0000000000
69467  -26.341  -16.089  -28.083 0.0000000000
69450  -26.113  -16.617  -27.659 0.0000000000
66008  -26.326  -19.315  -26.407 0.0000000000
67225  -26.953  -18.293  -27.282 0.0000000000
64853  -27.896  -19.673  -26.796 0.0000000000
64836  -29.321  -19.899  -26.410 0.0000000000
64835  -28.496  -20.195  -26.448 0.0000000000
85475  -21.799  -2.792  -28.443 0.0000000000
86596  -21.919  -1.808  -28.220 0.0000000000
86625  -23.056  -2.228  -29.152 0.0000000000
87651  -24.771  -0.656  -30.419 0.0000000000
85502  -26.018  -2.659  -31.205 0.0000000000
83242  -26.167  -4.488  -31.331 0.0000000000
77777  -22.099  -9.613  -27.441 0.0000000000
77790  -21.862  -8.942  -27.522 0.0000000000
78994  -22.481  -8.235  -28.371 0.0000000000
81096  -22.666  -6.878  -28.734 0.0000000000
79007  -23.486  -8.027  -29.433 0.0000000000
79033  -28.883  -8.647  -30.641 0.0000000000
79032  -27.854  -8.435  -31.174 0.0000000000
80095  -30.583  -7.524  -29.773 0.0000000000
70484  -29.138  -15.705  -28.295 0.0000000000
71625  -30.128  -14.778  -27.559 0.0000000000
62354  -24.643  -22.076  -23.921 0.0000000000
62355  -25.362  -22.122  -24.445 0.0000000000
63590  -25.361  -20.957  -24.961 0.0000000000
62373  -26.421  -22.019  -25.272 0.0000000000
69403  -23.455  -16.622  -25.899 0.0000000000
68365  -25.191  -17.120  -26.838 0.0000000000
67203  -24.374  -17.874  -26.055 0.0000000000
67204  -24.900  -18.425  -26.160 0.0000000000
65995  -25.938  -19.901  -25.907 0.0000000000
85486  -22.183  -3.290  -28.824 0.0000000000
84282  -24.361  -3.648  -30.286 0.0000000000
84280  -21.755  -3.706  -29.133 0.0000000000
83217  -23.363  -4.582  -29.485 0.0000000000
82193  -24.798  -5.295  -30.571 0.0000000000
74170  -22.461  -12.618  -26.727 0.0000000000
75382  -22.996  -11.566  -27.755 0.0000000000
75398  -23.448  -11.199  -28.289 0.0000000000
129982  -24.933  -9.982  -29.742 0.0000000000
129979  -25.237  -9.268  -30.200 0.0000000000
129976  -26.049  -10.006  -30.370 0.0000000000
77827  -28.127  -9.672  -30.867 0.0000000000
77817  -29.824  -9.359  -29.608 0.0000000000
76575  -30.598  -10.667  -28.725 0.0000000000
60151  -27.816  -24.448  -23.819 0.0000000000
61253  -27.725  -23.435  -24.868 0.0000000000
72921  -22.947  -13.262  -26.875 0.0000000000
72938  -24.649  -13.701  -28.058 0.0000000000
72952  -26.033  -13.644  -28.799 0.0000000000
71672  -27.763  -13.850  -29.364 0.0000000000
70518  -27.006  -14.939  -28.827 0.0000000000
69477  -28.080  -15.872  -28.649 0.0000000000
68387  -28.792  -16.707  -28.200 0.0000000000
68367  -26.596  -17.513  -27.432 0.0000000000
67242  -28.032  -17.954  -27.968 0.0000000000
67206  -29.485  -18.059  -26.933 0.0000000000
66010  -29.638  -18.956  -26.567 0.0000000000
64837  -30.519  -19.858  -26.236 0.0000000000
84301  -26.631  -3.624  -31.298 0.0000000000
81094  -21.366  -5.644  -28.122 0.0000000000
81109  -23.673  -6.209  -29.584 0.0000000000
81133  -25.578  -6.231  -30.860 0.0000000000
77824  -25.841  -8.250  -30.849 0.0000000000
80109  -26.616  -7.146  -31.230 0.0000000000
81152  -27.907  -6.382  -31.455 0.0000000000
72956  -29.376  -13.564  -28.856 0.0000000000
72925  -31.141  -13.587  -27.363 0.0000000000
65973  -23.113  -19.432  -24.175 0.0000000000
65975  -24.628  -20.082  -25.083 0.0000000000
64815  -25.857  -20.376  -25.620 0.0000000000
63610  -26.843  -20.931  -25.857 0.0000000000
61269  -27.421  -22.748  -25.237 0.0000000000
62375  -27.893  -22.289  -25.581 0.0000000000
63612  -28.335  -20.880  -26.107 0.0000000000
82122  -20.353  -5.414  -27.329 0.0000000000
74213  -26.050  -12.804  -29.140 0.0000000000
75412  -25.592  -12.248  -29.121 0.0000000000
72967  -27.129  -12.681  -29.627 0.0000000000
74242  -27.407  -12.294  -29.917 0.0000000000
72982  -27.871  -12.620  -29.976 0.0000000000
74243  -28.461  -12.527  -30.012 0.0000000000
72969  -28.243  -13.001  -29.784 0.0000000000
69421  -23.338  -15.989  -26.141 0.0000000000
70461  -22.886  -15.252  -26.013 0.0000000000
70481  -24.028  -15.062  -27.138 0.0000000000
70483  -25.453  -16.126  -27.601 0.0000000000
66009  -26.993  -19.610  -26.609 0.0000000000
66027  -27.255  -19.088  -26.939 0.0000000000
64852  -27.384  -19.767  -26.620 0.0000000000
64834  -27.770  -20.269  -26.412 0.0000000000
86624  -22.373  -2.505  -28.726 0.0000000000
86626  -24.149  -1.601  -29.859 0.0000000000
85489  -25.468  -2.120  -31.012 0.0000000000
85488  -24.842  -2.666  -30.747 0.0000000000
83243  -27.080  -4.529  -31.339 0.0000000000
83244  -28.057  -4.571  -31.200 0.0000000000
82215  -27.503  -5.447  -31.430 0.0000000000
77791  -22.407  -9.266  -28.058 0.0000000000
78993  -21.911  -8.249  -27.844 0.0000000000
79006  -23.061  -8.187  -28.955 0.0000000000
79020  -29.508  -8.725  -30.139 0.0000000000
80094  -29.686  -7.955  -30.313 0.0000000000
69453  -29.759  -16.182  -27.488 0.0000000000
70464  -30.175  -15.593  -27.259 0.0000000000
69424  -30.296  -16.547  -26.907 0.0000000000
61250  -25.129  -22.626  -24.001 0.0000000000
62372  -25.804  -21.836  -24.933 0.0000000000
62356  -26.003  -22.424  -24.702 0.0000000000
68324  -23.237  -17.254  -25.443 0.0000000000
68340  -23.965  -17.322  -25.982 0.0000000000
67193  -24.587  -18.927  -25.772 0.0000000000
66007  -25.532  -18.952  -26.223 0.0000000000
65994  -25.124  -19.657  -25.700 0.0000000000
85484  -19.975  -2.178  -30.945 0.0000000000
85485  -20.668  -2.926  -30.605 0.0000000000
85517  -20.274  -2.753  -32.267 0.0000000000
82191  -21.229  -4.522  -29.155 0.0000000000
83196  -22.085  -4.055  -28.799 0.0000000000
83197  -22.685  -4.557  -29.083 0.0000000000
82166  -23.166  -5.272  -29.192 0.0000000000
74184  -22.980  -12.654  -27.283 0.0000000000
75383  -23.663  -12.175  -28.059 0.0000000000
75411  -25.319  -11.564  -29.295 0.0000000000
76574  -24.466  -10.574  -29.264 0.0000000000
76573  -23.315  -10.345  -28.524 0.0000000000
76624  -27.985  -11.006  -30.595 0.0000000000
76608  -27.553  -10.630  -30.614 0.0000000000
76610  -28.724  -10.709  -30.371 0.0000000000
77828  -28.761  -10.004  -30.420 0.0000000000
77804  -29.702  -9.968  -29.628 0.0000000000
77805  -30.077  -9.797  -29.355 0.0000000000
76587  -29.603  -10.541  -29.600 0.0000000000
75401  -30.399  -11.828  -28.491 0.0000000000
75402  -31.137  -11.334  -28.073 0.0000000000
74203  -31.032  -12.417  -27.772 0.0000000000
60150  -26.957  -24.405  -23.740 0.0000000000
59072  -28.240  -24.683  -23.278 0.0000000000
72907  -21.645  -13.517  -25.819 0.0000000000
72908  -22.516  -13.534  -26.327 0.0000000000
71636  -24.691  -14.612  -27.721 0.0000000000
72923  -24.207  -13.987  -27.636 0.0000000000
72939  -25.386  -13.703  -28.460 0.0000000000
71653  -25.846  -14.293  -28.547 0.0000000000
71654  -26.522  -14.464  -28.783 0.0000000000
71638  -25.972  -14.948  -28.480 0.0000000000
70500  -27.193  -15.958  -28.531 0.0000000000
69469  -27.717  -16.311  -28.524 0.0000000000
68386  -28.271  -17.357  -28.186 0.0000000000
68366  -25.850  -17.437  -26.997 0.0000000000
66028  -28.043  -19.011  -27.264 0.0000000000
67226  -27.634  -18.204  -27.638 0.0000000000
67227  -28.406  -18.211  -27.666 0.0000000000
67228  -29.007  -18.470  -27.132 0.0000000000
66030  -29.031  -18.947  -26.902 0.0000000000
64817  -31.473  -20.319  -25.986 0.0000000000
85501  -25.392  -3.179  -31.135 0.0000000000
84300  -25.755  -3.679  -31.281 0.0000000000
75363  -21.251  -10.904  -26.096 0.0000000000
80053  -20.909  -7.079  -27.279 0.0000000000
80077  -23.465  -7.156  -29.488 0.0000000000
81108  -22.823  -6.205  -28.878 0.0000000000
81131  -24.359  -6.185  -30.189 0.0000000000
80093  -25.280  -7.025  -30.696 0.0000000000
129978  -25.130  -8.544  -30.365 0.0000000000
77825  -26.106  -8.936  -30.781 0.0000000000
80111  -28.413  -7.328  -31.150 0.0000000000
80110  -27.457  -7.301  -31.375 0.0000000000
81153  -28.554  -6.365  -31.198 0.0000000000
81134  -29.791  -6.599  -30.502 0.0000000000
71657  -28.634  -14.357  -29.001 0.0000000000
71658  -29.066  -14.016  -28.949 0.0000000000
71640  -29.306  -14.581  -28.501 0.0000000000
72924  -30.537  -14.122  -27.506 0.0000000000
63568  -23.721  -20.923  -23.702 0.0000000000
64793  -23.643  -20.456  -24.036 0.0000000000
63591  -25.898  -21.143  -25.251 0.0000000000
64814  -25.446  -20.533  -25.322 0.0000000000
63609  -26.292  -20.786  -25.635 0.0000000000
62391  -28.174  -21.624  -25.869 0.0000000000
67191  -23.073  -17.933  -24.906 0.0000000000
84295  -18.892  -4.315  -31.150 0.0000000000
82147  -19.425  -4.767  -29.368 0.0000000000
82163  -20.202  -4.283  -28.937 0.0000000000
82164  -21.182  -4.753  -28.869 0.0000000000
74199  -24.123  -12.743  -28.123 0.0000000000
75400  -25.087  -12.164  -28.828 0.0000000000
75437  -26.604  -11.361  -30.003 0.0000000000
75455  -28.480  -11.670  -30.381 0.0000000000
75426  -29.321  -11.369  -29.703 0.0000000000
74244  -28.569  -12.022  -30.236 0.0000000000
74230  -28.980  -12.478  -29.690 0.0000000000
74216  -29.642  -12.546  -28.887 0.0000000000
71587  -21.674  -14.672  -25.420 0.0000000000
71607  -23.070  -14.491  -26.400 0.0000000000
72909  -23.211  -13.863  -26.714 0.0000000000
71623  -23.632  -14.520  -26.942 0.0000000000
70497  -25.107  -15.123  -27.807 0.0000000000
70498  -25.698  -15.608  -27.986 0.0000000000
67205  -25.753  -18.345  -26.517 0.0000000000
67224  -26.412  -18.266  -26.886 0.0000000000
66026  -26.760  -18.746  -26.870 0.0000000000
64855  -29.001  -19.285  -26.775 0.0000000000
64854  -28.539  -19.527  -26.821 0.0000000000
63613  -29.254  -20.871  -26.058 0.0000000000
85454  -20.997  -2.958  -28.110 0.0000000000
86610  -22.533  -1.796  -28.461 0.0000000000
83241  -25.448  -4.385  -31.070 0.0000000000
78963  -21.076  -8.603  -26.643 0.0000000000
78983  -21.358  -8.248  -27.271 0.0000000000
80054  -21.494  -7.502  -27.658 0.0000000000
80063  -21.963  -7.177  -28.065 0.0000000000
80064  -22.575  -7.403  -28.593 0.0000000000
80076  -23.009  -7.330  -29.019 0.0000000000
79018  -24.397  -7.723  -30.152 0.0000000000
80112  -29.128  -7.437  -30.707 0.0000000000
70503  -29.184  -15.268  -28.363 0.0000000000
70485  -29.540  -15.504  -27.929 0.0000000000
71609  -30.528  -15.159  -27.033 0.0000000000
63569  -24.080  -21.207  -23.868 0.0000000000
63570  -24.896  -21.258  -24.517 0.0000000000
63571  -25.466  -21.454  -24.822 0.0000000000
69402  -22.626  -16.098  -25.432 0.0000000000
69422  -24.033  -16.467  -26.438 0.0000000000
69423  -24.721  -16.519  -26.877 0.0000000000
68341  -24.653  -17.350  -26.436 0.0000000000
84239  -20.497  -3.410  -28.105 0.0000000000
85474  -20.704  -3.369  -29.240 0.0000000000
84281  -23.245  -3.799  -29.499 0.0000000000
84279  -20.629  -3.650  -30.197 0.0000000000
84268  -22.228  -3.781  -28.932 0.0000000000
83240  -24.845  -4.377  -30.689 0.0000000000
82212  -25.204  -4.822  -30.865 0.0000000000
82213  -25.663  -5.301  -31.029 0.0000000000
75381  -22.359  -10.914  -27.285 0.0000000000
76559  -22.518  -10.330  -27.700 0.0000000000
76586  -24.000  -8.977  -29.464 0.0000000000
129975  -25.641  -10.283  -30.017 0.0000000000
76607  -26.697  -10.083  -30.619 0.0000000000
79021  -30.049  -8.759  -29.641 0.0000000000
79008  -30.708  -9.010  -28.889 0.0000000000
78995  -31.105  -9.419  -28.577 0.0000000000
68345  -30.854  -17.396  -26.585 0.0000000000
60165  -26.447  -23.722  -24.054 0.0000000000
61252  -26.740  -22.989  -24.724 0.0000000000
72922  -23.577  -13.622  -27.294 0.0000000000
72937  -23.992  -13.364  -27.788 0.0000000000
74200  -24.895  -12.821  -28.521 0.0000000000
74201  -25.558  -13.119  -28.755 0.0000000000
72953  -26.745  -13.452  -29.188 0.0000000000
72954  -27.381  -13.502  -29.417 0.0000000000
71656  -27.960  -14.495  -29.106 0.0000000000
70520  -28.192  -15.295  -28.771 0.0000000000
70499  -26.638  -15.524  -28.503 0.0000000000
70519  -27.508  -15.337  -28.772 0.0000000000
70501  -28.476  -15.415  -28.652 0.0000000000
69471  -28.891  -16.042  -28.383 0.0000000000
69452  -29.262  -16.382  -27.943 0.0000000000
69449  -25.331  -16.591  -27.265 0.0000000000
69451  -26.652  -16.979  -27.757 0.0000000000
68368  -27.131  -17.729  -27.648 0.0000000000
68385  -27.481  -17.337  -28.045 0.0000000000
68370  -29.076  -17.539  -27.598 0.0000000000
68344  -29.820  -17.472  -26.959 0.0000000000
67207  -30.333  -18.182  -26.585 0.0000000000
81086  -20.775  -5.757  -27.628 0.0000000000
81106  -21.228  -4.905  -28.414 0.0000000000
81107  -21.856  -5.451  -28.468 0.0000000000
81095  -22.241  -6.475  -28.441 0.0000000000
82194  -25.277  -5.737  -30.763 0.0000000000
81150  -26.227  -6.217  -31.192 0.0000000000
129985  -23.793  -8.347  -29.558 0.0000000000
77813  -24.349  -8.153  -30.009 0.0000000000
79019  -24.960  -7.938  -30.421 0.0000000000
79031  -26.890  -8.191  -31.203 0.0000000000
79030  -26.146  -7.890  -31.051 0.0000000000
80108  -25.929  -7.028  -30.947 0.0000000000
81151  -27.038  -6.306  -31.442 0.0000000000
82216  -28.386  -5.545  -31.263 0.0000000000
72970  -28.585  -13.401  -29.484 0.0000000000
72955  -28.979  -13.498  -29.253 0.0000000000
72940  -30.102  -13.612  -28.086 0.0000000000
72941  -30.634  -13.071  -27.853 0.0000000000
65974  -24.023  -19.595  -24.986 0.0000000000
64795  -24.971  -20.512  -25.041 0.0000000000
64832  -26.387  -20.248  -25.957 0.0000000000
61268  -26.896  -22.504  -25.245 0.0000000000
62374  -27.105  -22.157  -25.553 0.0000000000
62389  -26.823  -21.594  -25.638 0.0000000000
62390  -27.383  -21.587  -25.809 0.0000000000
63611  -27.577  -20.897  -26.059 0.0000000000
67241  -27.843  -17.754  -28.020 0.0000000000
68343  -29.435  -17.715  -27.163 0.0000000000
68369  -28.597  -17.757  -27.897 0.0000000000
68384  -26.958  -17.230  -27.809 0.0000000000
69470  -28.407  -16.048  -28.537 0.0000000000
69476  -27.891  -15.721  -28.699 0.0000000000
70502  -28.814  -15.250  -28.592 0.0000000000
70521  -28.517  -15.069  -28.729 0.0000000000
71608  -30.269  -15.178  -27.276 0.0000000000
71655  -27.300  -14.307  -29.086 0.0000000000
71673  -28.222  -13.736  -29.415 0.0000000000
71674  -28.479  -13.822  -29.297 0.0000000000
72981  -27.595  -12.705  -29.803 0.0000000000
72983  -28.170  -12.577  -30.049 0.0000000000
72994  -27.902  -12.315  -30.178 0.0000000000
72995  -28.060  -12.470  -30.138 0.0000000000
74214  -26.594  -12.732  -29.398 0.0000000000
74215  -29.238  -13.039  -29.216 0.0000000000
74227  -26.344  -12.474  -29.397 0.0000000000
74228  -26.578  -12.266  -29.580 0.0000000000
74231  -29.409  -11.861  -29.418 0.0000000000
74257  -27.610  -12.054  -30.156 0.0000000000
74259  -28.339  -11.842  -30.389 0.0000000000
75414  -29.535  -11.085  -29.528 0.0000000000
75415  -29.747  -11.335  -29.238 0.0000000000
75438  -28.410  -11.220  -30.465 0.0000000000
75439  -28.703  -11.384  -30.270 0.0000000000
75454  -28.204  -11.430  -30.477 0.0000000000
76588  -30.002  -10.584  -29.253 0.0000000000
76609  -28.315  -10.775  -30.565 0.0000000000
76623  -27.829  -11.178  -30.523 0.0000000000
77792  -30.757  -9.769  -28.740 0.0000000000
77814  -25.525  -8.379  -30.632 0.0000000000
77815  -25.495  -8.796  -30.514 0.0000000000
77816  -29.469  -9.589  -29.895 0.0000000000
79017  -23.930  -8.003  -29.782 0.0000000000
79029  -25.611  -7.752  -30.787 0.0000000000
80092  -24.634  -7.029  -30.416 0.0000000000
81104  -18.276  -5.727  -30.347 0.0000000000
81105  -18.145  -6.153  -30.103 0.0000000000
81128  -18.471  -4.758  -30.364 0.0000000000
81129  -18.706  -5.545  -30.666 0.0000000000
81130  -18.651  -6.078  -30.560 0.0000000000
81132  -24.988  -6.232  -30.609 0.0000000000
81148  -18.930  -5.629  -30.928 0.0000000000
81149  -18.828  -5.839  -30.857 0.0000000000
82146  -18.505  -5.162  -29.612 0.0000000000
82161  -18.026  -5.511  -29.888 0.0000000000
82162  -18.922  -5.700  -29.705 0.0000000000
82187  -18.874  -4.959  -30.714 0.0000000000
82188  -19.347  -5.970  -30.425 0.0000000000
82190  -20.594  -4.315  -29.531 0.0000000000
82192  -23.972  -5.331  -29.837 0.0000000000
82209  -19.012  -5.263  -30.853 0.0000000000
82210  -19.182  -5.572  -30.815 0.0000000000
82211  -19.499  -5.357  -30.541 0.0000000000
83214  -20.104  -4.653  -30.614 0.0000000000
83215  -20.451  -4.319  -30.572 0.0000000000
83216  -21.221  -4.159  -29.487 0.0000000000
83218  -24.159  -4.494  -30.059 0.0000000000
83236  -19.134  -4.890  -30.943 0.0000000000
83237  -19.271  -4.790  -30.884 0.0000000000
83238  -19.837  -4.676  -30.897 0.0000000000
83239  -20.276  -4.177  -31.272 0.0000000000
84269  -22.649  -4.043  -29.144 0.0000000000
84296  -19.504  -4.191  -31.391 0.0000000000
84297  -20.005  -3.969  -31.616 0.0000000000
84298  -20.475  -3.529  -31.445 0.0000000000
84315  -19.227  -3.773  -31.643 0.0000000000
84316  -19.578  -3.620  -31.872 0.0000000000
84317  -20.003  -3.396  -32.110 0.0000000000
84318  -20.339  -3.094  -32.176 0.0000000000
85473  -20.159  -2.639  -30.182 0.0000000000
85497  -18.913  -3.468  -31.710 0.0000000000
85498  -18.834  -2.775  -31.867 0.0000000000
85499  -20.178  -2.457  -32.241 0.0000000000
85500  -20.515  -2.718  -31.890 0.0000000000
85514  -19.242  -3.474  -31.949 0.0000000000
85515  -19.364  -3.080  -32.238 0.0000000000
85516  -19.975  -2.853  -32.381 0.0000000000
86621  -19.767  -2.049  -31.606 0.0000000000
86622  -20.284  -2.210  -31.579 0.0000000000
86623  -20.470  -2.451  -31.625 0.0000000000
86633  -19.416  -2.274  -31.904 0.0000000000
86634  -19.988  -2.025  -32.037 0.0000000000
86635  -20.378  -2.273  -31.978 0.0000000000
86648  -19.302  -2.594  -32.145 0.0000000000
86649  -19.682  -2.493  -32.234 0.0000000000
129980  -24.663  -8.478  -30.103 0.0000000000
129981  -24.911  -8.333  -30.302 0.0000000000
129983  -24.233  -8.410  -29.825 0.0000000000
129984  -24.580  -8.086  -30.178 0.0000000000
129986  -18.213  -4.034  -30.042 0.0000000000
129987  -18.072  -4.962  -29.873 0.0000000000
129989  -18.021  -4.083  -30.284 0.0000000000
129992  -19.378  -2.611  -30.306 0.0000000000
