#!ascii label  , from subject sub-THP0005 vox2ras=TkReg
1921
6522  -39.914  -77.480  -3.942 0.1000000015
5873  -39.653  -77.964  -4.828 0.1000000015
4641  -39.238  -79.378  -5.391 0.1000000015
5882  -39.068  -77.503  -5.765 0.1000000015
5253  -39.070  -78.279  -6.552 0.1000000015
6555  -38.560  -76.268  -6.602 0.1000000015
5267  -38.646  -78.033  -7.376 0.1000000015
7306  -38.981  -75.762  -7.839 0.1000000015
6579  -39.220  -75.883  -8.493 0.1000000015
6578  -38.629  -76.387  -8.378 0.1000000015
6595  -39.604  -76.030  -9.346 0.1000000015
7328  -40.455  -75.671  -9.004 0.1000000015
6616  -38.423  -76.944  -10.147 0.1000000015
6596  -40.685  -75.888  -9.681 0.1000000015
6599  -42.893  -75.760  -10.418 0.1000000015
6617  -39.312  -76.661  -10.426 0.1000000015
5934  -41.191  -76.924  -10.899 0.1000000015
6618  -40.643  -76.581  -10.496 0.1000000015
8014  -41.463  -74.504  -3.732 0.1000000015
7226  -39.841  -76.516  -3.795 0.1000000015
7240  -40.036  -75.349  -3.782 0.1000000015
6533  -39.168  -76.773  -4.773 0.1000000015
8794  -40.775  -73.678  -5.088 0.1000000015
8032  -39.390  -74.659  -4.989 0.1000000015
7254  -38.824  -75.552  -5.293 0.1000000015
8819  -40.420  -73.782  -5.745 0.1000000015
7288  -38.741  -75.719  -7.078 0.1000000015
8074  -40.784  -74.460  -7.386 0.1000000015
7290  -40.385  -75.007  -7.755 0.1000000015
7329  -41.267  -75.633  -9.176 0.1000000015
11973  -45.860  -69.504  -8.719 0.1000000015
9681  -45.235  -72.116  -9.746 0.1000000015
9706  -45.760  -72.374  -9.831 0.1000000015
8919  -45.491  -73.246  -9.992 0.1000000015
7352  -44.142  -74.886  -10.568 0.1000000015
7332  -43.595  -75.435  -10.152 0.1000000015
7331  -42.940  -75.633  -9.726 0.1000000015
7330  -42.150  -75.703  -9.399 0.1000000015
6598  -42.291  -75.997  -10.234 0.1000000015
6597  -41.476  -76.043  -10.004 0.1000000015
7229  -42.560  -75.298  -2.902 0.1000000015
8754  -43.521  -73.959  -3.737 0.2000000030
7998  -41.890  -75.108  -3.304 0.1000000015
8772  -44.320  -72.957  -4.275 0.1000000015
8771  -43.561  -73.222  -4.496 0.1000000015
8015  -42.188  -74.128  -3.842 0.1000000015
9578  -43.987  -72.714  -4.905 0.1000000015
8769  -41.573  -73.827  -4.378 0.1000000015
16199  -49.712  -63.857  -11.779 0.1000000015
16177  -48.371  -64.441  -10.603 0.1000000015
8797  -43.440  -72.760  -5.578 0.1000000015
8821  -41.985  -73.511  -6.516 0.1000000015
8820  -40.970  -73.581  -6.037 0.1000000015
16155  -47.778  -64.384  -9.673 0.1000000015
16136  -48.235  -64.476  -8.805 0.1000000015
14348  -48.022  -66.607  -7.588 0.1000000015
13490  -47.478  -68.256  -8.579 0.1000000015
8822  -43.003  -73.182  -6.518 0.1000000015
8843  -42.602  -73.803  -7.235 0.1000000015
7308  -40.844  -75.317  -8.454 0.1000000015
15249  -47.519  -65.573  -7.599 0.1000000015
14347  -46.840  -66.661  -7.474 0.1000000015
13459  -47.308  -67.681  -8.054 0.1000000015
12732  -47.565  -68.732  -8.702 0.1000000015
10459  -47.238  -71.355  -9.010 0.1000000015
9683  -47.008  -71.824  -9.111 0.1000000015
8093  -42.151  -74.878  -8.124 0.1000000015
7309  -41.896  -75.248  -8.429 0.1000000015
12703  -46.413  -68.136  -8.123 0.1000000015
12731  -46.837  -68.577  -8.663 0.1000000015
11992  -46.555  -70.041  -9.335 0.1000000015
10458  -46.889  -71.494  -9.528 0.1000000015
8867  -45.549  -73.760  -8.780 0.1000000015
8096  -44.620  -74.559  -8.982 0.1000000015
10457  -45.944  -71.404  -9.683 0.1000000015
10474  -46.414  -71.922  -9.715 0.1000000015
8920  -46.056  -72.708  -9.699 0.1000000015
8116  -44.988  -74.369  -9.751 0.1000000015
7311  -43.673  -75.266  -9.301 0.1000000015
9565  -44.894  -72.933  -3.856 0.1000000015
8755  -44.493  -73.642  -3.539 0.2000000030
7990  -44.048  -74.712  -2.769 0.1000000015
7218  -44.221  -74.821  -2.350 0.2000000030
7212  -44.370  -74.900  -1.640 0.2000000030
9579  -44.644  -72.265  -4.710 0.1000000015
16242  -49.194  -63.551  -13.262 0.1000000015
16217  -49.120  -64.599  -12.580 0.1000000015
9601  -43.998  -72.398  -5.599 0.1000000015
8823  -43.930  -72.728  -6.648 0.1000000015
16156  -48.947  -64.238  -9.610 0.1000000015
16119  -48.545  -64.931  -8.067 0.1000000015
15250  -48.825  -65.671  -7.548 0.1000000015
14349  -49.093  -66.577  -7.439 0.1000000015
13460  -48.362  -67.433  -7.842 0.1000000015
11975  -47.503  -69.605  -8.613 0.1000000015
11211  -47.334  -70.689  -8.484 0.1000000015
9635  -46.273  -72.268  -8.011 0.1000000015
8078  -44.675  -74.090  -8.304 0.1000000015
8844  -43.582  -73.584  -7.410 0.1000000015
8866  -44.990  -74.031  -8.419 0.1000000015
7310  -42.841  -75.396  -8.881 0.1000000015
11124  -47.178  -70.128  -2.683 0.1000000015
11118  -46.839  -70.771  -2.346 0.1000000015
11123  -46.802  -70.602  -3.092 0.1000000015
10349  -46.497  -71.555  -2.703 0.1000000015
9567  -46.140  -72.272  -2.878 0.1000000015
8757  -45.850  -72.873  -2.687 0.2000000030
8747  -45.437  -73.533  -2.244 0.2000000030
8756  -45.350  -73.294  -3.190 0.2000000030
7992  -45.141  -74.034  -1.988 0.2000000030
9580  -45.253  -71.960  -4.310 0.1000000015
10361  -45.657  -71.424  -4.131 0.1000000015
11133  -45.710  -70.880  -4.576 0.1000000015
10377  -45.347  -71.063  -5.162 0.1000000015
16218  -49.492  -63.767  -12.818 0.1000000015
17085  -50.217  -63.367  -10.684 0.1000000015
17074  -50.324  -63.603  -9.972 0.1000000015
17086  -50.636  -63.237  -9.938 0.1000000015
10360  -45.095  -71.652  -4.783 0.1000000015
10399  -44.904  -71.762  -6.684 0.1000000015
16241  -48.684  -64.437  -13.375 0.1000000015
17138  -48.747  -63.105  -13.412 0.1000000015
16178  -49.605  -64.082  -10.564 0.1000000015
16120  -49.657  -64.982  -7.967 0.1000000015
15251  -49.937  -65.732  -7.543 0.1000000015
13461  -49.071  -67.511  -7.356 0.1000000015
12705  -48.522  -68.396  -6.957 0.1000000015
11189  -46.837  -70.496  -7.268 0.1000000015
10401  -46.238  -71.025  -7.125 0.1000000015
9633  -44.897  -72.347  -7.218 0.1000000015
16240  -47.490  -64.678  -13.693 0.1000000015
13492  -48.444  -67.913  -8.001 0.1000000015
11951  -48.019  -68.919  -7.689 0.1000000015
11190  -47.170  -70.714  -7.905 0.1000000015
10420  -45.944  -71.712  -7.424 0.1000000015
8845  -44.808  -73.325  -7.788 0.1000000015
16239  -46.337  -64.706  -13.619 0.1000000015
15344  -46.899  -65.811  -14.181 0.1000000015
16238  -45.133  -64.671  -13.250 0.1000000015
13411  -49.032  -67.770  -3.009 0.1000000015
11879  -47.357  -69.584  -2.588 0.1000000015
14298  -49.373  -67.462  -3.296 0.1000000015
12634  -49.249  -68.060  -3.152 0.1000000015
11105  -47.063  -70.134  -1.973 0.1000000015
10344  -46.452  -71.502  -2.010 0.1000000015
9562  -46.112  -72.405  -2.131 0.2000000030
14311  -49.806  -66.926  -3.793 0.1000000015
11885  -48.223  -68.909  -3.434 0.1000000015
11884  -47.523  -69.512  -3.163 0.1000000015
9561  -45.728  -73.028  -1.864 0.2000000030
13417  -50.259  -66.980  -4.365 0.1000000015
11893  -48.460  -68.764  -3.951 0.1000000015
19126  -46.539  -61.980  -13.214 0.1000000015
18114  -47.994  -62.355  -13.402 0.1000000015
18115  -48.730  -62.091  -13.031 0.1000000015
18116  -49.149  -62.457  -12.896 0.1000000015
17101  -50.010  -63.113  -11.448 0.1000000015
18074  -49.895  -62.809  -10.563 0.1000000015
15216  -50.830  -66.121  -4.890 0.1000000015
13423  -50.026  -67.289  -4.840 0.1000000015
11892  -47.700  -69.179  -4.046 0.1000000015
11142  -45.768  -70.583  -4.940 0.1000000015
17139  -49.378  -62.869  -13.031 0.1000000015
16158  -50.848  -64.015  -8.738 0.1000000015
17061  -51.141  -63.660  -8.320 0.1000000015
15252  -50.848  -65.587  -7.216 0.1000000015
12677  -48.503  -68.512  -6.016 0.1000000015
12657  -48.125  -68.767  -5.542 0.1000000015
11165  -45.739  -70.606  -5.650 0.1000000015
19109  -45.661  -61.923  -12.796 0.1000000015
16138  -50.371  -64.457  -8.450 0.1000000015
16121  -50.646  -65.022  -7.833 0.1000000015
14351  -51.044  -66.020  -6.565 0.1000000015
12706  -49.499  -67.558  -6.508 0.1000000015
12678  -49.354  -67.857  -5.680 0.1000000015
11922  -47.586  -69.211  -6.202 0.1000000015
11166  -46.297  -70.383  -6.335 0.1000000015
18112  -46.250  -62.799  -13.203 0.1000000015
17136  -46.843  -63.666  -13.465 0.1000000015
18100  -45.479  -62.955  -12.829 0.1000000015
17135  -45.833  -63.740  -13.197 0.1000000015
17117  -44.951  -63.668  -12.725 0.1000000015
16237  -44.066  -64.968  -13.056 0.1000000015
15342  -44.646  -65.683  -13.584 0.1000000015
12612  -47.277  -69.472  -2.396 0.1000000015
15214  -49.497  -65.999  -4.226 0.1000000015
13410  -48.300  -67.732  -2.870 0.1000000015
11104  -46.705  -70.622  -1.853 0.1000000015
15215  -50.400  -66.145  -4.601 0.1000000015
16096  -49.719  -64.583  -5.342 0.1000000015
12631  -47.031  -69.085  -2.215 0.1000000015
9554  -46.094  -72.048  -1.746 0.1000000015
17015  -51.083  -64.187  -5.926 0.1000000015
16097  -50.707  -64.742  -5.426 0.1000000015
10333  -46.040  -71.549  -1.710 0.2000000030
20214  -46.377  -61.132  -13.047 0.1000000015
18101  -48.584  -62.004  -12.377 0.1000000015
18088  -48.488  -62.143  -11.593 0.1000000015
16099  -51.544  -64.774  -6.043 0.1000000015
13424  -50.545  -66.657  -4.973 0.1000000015
11103  -45.883  -70.730  -1.725 0.1000000015
10332  -45.304  -71.705  -1.752 0.2000000030
19110  -47.265  -60.943  -12.980 0.1000000015
18075  -50.519  -62.908  -10.140 0.1000000015
18050  -51.031  -62.988  -8.439 0.1000000015
16123  -51.570  -64.571  -6.941 0.1000000015
16116  -51.570  -64.792  -6.427 0.1000000015
13441  -50.347  -66.992  -5.778 0.1000000015
18086  -44.300  -61.997  -11.977 0.1000000015
18099  -44.614  -62.647  -12.307 0.1000000015
17116  -44.117  -63.609  -12.370 0.1000000015
17115  -43.278  -63.587  -12.083 0.1000000015
16216  -44.376  -64.263  -12.756 0.1000000015
16215  -43.591  -64.277  -12.625 0.1000000015
16236  -43.092  -64.957  -13.043 0.1000000015
17013  -49.313  -63.921  -5.811 0.1000000015
17012  -48.822  -63.893  -5.821 0.1000000015
15233  -49.037  -65.221  -4.830 0.1000000015
17035  -49.783  -63.297  -6.210 0.1000000015
15213  -48.323  -65.818  -4.191 0.1000000015
13395  -47.604  -68.375  -2.697 0.1000000015
17014  -50.290  -64.026  -5.837 0.1000000015
14309  -47.593  -66.411  -3.649 0.1000000015
11878  -46.542  -69.547  -1.899 0.1000000015
18032  -51.048  -63.032  -7.459 0.1000000015
17036  -50.732  -63.528  -6.316 0.1000000015
13394  -46.723  -68.366  -2.489 0.1000000015
20191  -45.405  -60.547  -12.630 0.1000000015
20192  -46.456  -60.212  -12.566 0.1000000015
19111  -47.590  -61.212  -12.650 0.1000000015
18087  -47.792  -61.976  -11.097 0.1000000015
18062  -50.236  -62.597  -9.618 0.1000000015
18049  -50.466  -62.486  -8.771 0.1000000015
18019  -51.107  -63.399  -6.798 0.1000000015
11859  -46.453  -70.105  -1.780 0.1000000015
20190  -44.397  -60.588  -12.212 0.1000000015
18073  -49.022  -62.485  -10.654 0.1000000015
18063  -50.773  -62.893  -9.416 0.1000000015
17038  -51.502  -64.220  -6.600 0.1000000015
11102  -45.147  -71.044  -1.946 0.1000000015
19094  -44.005  -61.416  -11.879 0.1000000015
19093  -43.158  -61.420  -11.529 0.1000000015
18085  -43.623  -62.368  -11.769 0.1000000015
17099  -42.898  -62.986  -11.701 0.1000000015
17113  -41.643  -62.996  -12.397 0.1000000015
17114  -42.390  -63.469  -12.151 0.1000000015
17134  -41.236  -62.799  -13.297 0.1000000015
18017  -49.171  -62.460  -6.378 0.1000000015
17034  -48.633  -63.409  -6.032 0.1000000015
16095  -48.544  -64.346  -5.555 0.1000000015
20067  -49.083  -61.271  -6.362 0.1000000015
15232  -47.811  -65.188  -4.954 0.1000000015
19018  -49.379  -61.741  -6.612 0.1000000015
20084  -49.052  -60.786  -6.988 0.1000000015
15212  -47.095  -65.776  -4.337 0.1000000015
13409  -47.327  -67.711  -2.816 0.1000000015
18031  -50.500  -62.408  -7.819 0.1000000015
19031  -49.745  -61.652  -7.239 0.1000000015
21241  -44.511  -59.470  -12.316 0.1000000015
19097  -48.172  -61.786  -12.074 0.1000000015
19066  -48.733  -61.915  -9.226 0.1000000015
19047  -49.263  -61.693  -8.603 0.1000000015
19030  -49.438  -61.301  -7.778 0.1000000015
14295  -46.887  -67.045  -3.217 0.1000000015
12630  -46.219  -68.950  -2.108 0.1000000015
21222  -44.040  -60.065  -12.024 0.1000000015
21242  -45.509  -59.316  -12.432 0.1000000015
20167  -47.003  -60.790  -12.329 0.1000000015
19096  -47.353  -61.389  -11.667 0.1000000015
18060  -48.656  -62.205  -9.902 0.1000000015
13393  -45.806  -68.332  -2.442 0.1000000015
20164  -42.809  -60.464  -11.302 0.1000000015
19091  -41.307  -61.177  -11.850 0.1000000015
20163  -41.744  -60.294  -11.349 0.1000000015
20189  -40.633  -60.199  -12.553 0.1000000015
18083  -41.809  -62.124  -11.881 0.1000000015
18097  -41.228  -61.992  -12.521 0.1000000015
18111  -40.866  -61.736  -13.268 0.1000000015
20093  -47.959  -60.665  -7.900 0.1000000015
20083  -48.322  -60.264  -7.152 0.1000000015
20066  -48.792  -60.851  -6.219 0.1000000015
16115  -47.750  -63.889  -5.913 0.1000000015
20113  -46.218  -60.724  -8.708 0.1000000015
19080  -46.236  -61.102  -10.401 0.1000000015
19064  -46.779  -61.344  -9.195 0.1000000015
20094  -48.804  -60.901  -7.861 0.1000000015
16094  -47.275  -64.564  -5.591 0.1000000015
21221  -43.577  -59.634  -11.673 0.1000000015
21240  -43.906  -58.995  -12.018 0.1000000015
21243  -45.784  -59.064  -12.111 0.1000000015
19081  -47.269  -61.840  -10.414 0.1000000015
19065  -47.897  -61.861  -9.438 0.1000000015
14308  -46.396  -66.415  -3.839 0.1000000015
21220  -42.451  -59.317  -11.114 0.1000000015
13408  -46.247  -67.729  -2.811 0.1000000015
12629  -45.264  -68.817  -2.331 0.1000000015
20162  -40.861  -60.025  -11.982 0.1000000015
21262  -40.573  -58.799  -13.276 0.1000000015
19106  -40.578  -60.204  -13.086 0.1000000015
21263  -40.852  -58.937  -13.922 0.1000000015
22368  -41.272  -58.185  -14.351 0.1000000015
19125  -40.807  -60.711  -13.783 0.1000000015
19017  -48.701  -61.556  -6.189 0.1000000015
18016  -48.178  -62.360  -6.136 0.1000000015
18015  -47.220  -62.232  -6.084 0.1000000015
17033  -47.513  -63.138  -6.119 0.1000000015
22342  -44.229  -58.408  -12.152 0.1000000015
21224  -45.972  -59.162  -11.725 0.1000000015
21206  -45.998  -59.641  -11.296 0.1000000015
19063  -46.009  -60.981  -9.376 0.1000000015
21202  -41.892  -58.865  -10.942 0.1000000015
21203  -42.225  -58.801  -10.933 0.1000000015
22326  -43.397  -58.551  -11.541 0.1000000015
22343  -45.011  -58.486  -12.346 0.1000000015
22344  -45.570  -58.473  -12.112 0.1000000015
20166  -46.473  -60.286  -11.751 0.1000000015
15231  -46.609  -65.230  -5.082 0.1000000015
21219  -41.388  -59.152  -11.355 0.1000000015
21218  -40.663  -58.995  -11.972 0.1000000015
22341  -40.287  -57.708  -12.647 0.1000000015
22358  -40.458  -57.973  -13.207 0.1000000015
23498  -40.696  -56.890  -13.770 0.1000000015
22359  -40.780  -58.130  -13.801 0.1000000015
24670  -40.987  -56.310  -14.148 0.1000000015
23499  -41.073  -57.267  -14.203 0.1000000015
23500  -41.699  -57.349  -14.820 0.1000000015
21171  -46.393  -59.648  -7.692 0.1000000015
21163  -47.738  -59.702  -6.617 0.1000000015
20052  -48.196  -60.549  -5.864 0.1000000015
19016  -47.854  -61.535  -5.930 0.1000000015
20051  -47.635  -60.154  -5.657 0.1000000015
20091  -46.082  -60.171  -8.220 0.1000000015
20135  -45.438  -60.317  -10.055 0.1000000015
22324  -40.812  -58.084  -11.294 0.1000000015
22314  -41.538  -58.337  -10.925 0.1000000015
22323  -40.263  -57.934  -11.970 0.1000000015
25787  -40.438  -55.512  -13.393 0.1000000015
24671  -41.550  -56.412  -14.693 0.1000000015
25803  -42.041  -55.548  -15.047 0.1000000015
20082  -47.642  -60.011  -7.319 0.1000000015
21141  -47.212  -59.283  -6.238 0.1000000015
21185  -45.000  -59.673  -9.247 0.1000000015
23446  -42.139  -57.854  -10.790 0.1000000015
23467  -42.976  -57.642  -11.168 0.1000000015
23484  -44.671  -57.777  -12.118 0.1000000015
23470  -45.422  -57.670  -11.855 0.1000000015
21205  -45.266  -59.157  -10.619 0.1000000015
23482  -40.165  -56.539  -11.866 0.1000000015
24662  -40.260  -56.132  -12.906 0.1000000015
25788  -40.813  -55.509  -13.957 0.1000000015
25789  -41.403  -55.480  -14.489 0.1000000015
26878  -41.960  -54.521  -14.799 0.1000000015
26879  -42.684  -54.146  -15.172 0.1000000015
21170  -45.621  -59.390  -8.085 0.1000000015
23447  -44.771  -57.290  -10.693 0.1000000015
21204  -44.679  -58.626  -9.957 0.1000000015
21184  -44.672  -58.909  -9.352 0.1000000015
23444  -40.879  -56.839  -10.860 0.1000000015
24614  -41.314  -56.458  -10.679 0.1000000015
23468  -43.909  -57.471  -11.711 0.1000000015
23469  -44.760  -57.089  -11.563 0.1000000015
23448  -45.290  -57.614  -11.451 0.1000000015
23465  -40.478  -56.975  -11.374 0.1000000015
26877  -41.083  -54.552  -14.209 0.1000000015
27897  -41.640  -53.593  -14.410 0.1000000015
28922  -42.221  -52.166  -14.264 0.1000000015
27898  -42.434  -53.505  -14.793 0.1000000015
24617  -44.416  -56.488  -10.735 0.1000000015
24615  -42.415  -56.720  -10.772 0.1000000015
24616  -43.323  -56.260  -10.958 0.1000000015
25740  -44.077  -56.047  -11.092 0.1000000015
24654  -40.172  -56.075  -11.806 0.1000000015
25774  -40.230  -55.471  -13.028 0.1000000015
26876  -40.584  -54.927  -13.724 0.1000000015
28921  -41.436  -52.593  -14.056 0.1000000015
29943  -41.807  -51.532  -13.833 0.1000000015
24639  -40.481  -56.088  -11.136 0.1000000015
25760  -40.093  -55.457  -12.628 0.1000000015
27868  -39.832  -53.897  -12.739 0.1000000015
27882  -40.304  -53.692  -13.378 0.1000000015
27883  -40.892  -53.563  -13.954 0.1000000015
29942  -40.964  -51.825  -13.531 0.1000000015
30977  -41.929  -49.792  -13.087 0.1000000015
30997  -41.164  -50.932  -13.315 0.1000000015
26847  -39.829  -54.751  -12.393 0.1000000015
28901  -40.028  -52.934  -12.899 0.1000000015
28920  -40.639  -52.749  -13.497 0.1000000015
30996  -40.632  -51.327  -13.131 0.1000000015
5242  -39.492  -78.612  -5.606 0.1000000015
4654  -39.254  -79.324  -6.257 0.1000000015
5881  -38.770  -77.153  -6.025 0.1000000015
5891  -38.678  -77.312  -6.608 0.1000000015
8053  -39.169  -74.700  -5.975 0.1000000015
6568  -38.496  -76.389  -7.356 0.1000000015
5912  -38.195  -77.377  -8.396 0.1000000015
7289  -39.470  -75.076  -7.209 0.1000000015
8013  -40.236  -74.827  -3.987 0.1000000015
7255  -39.096  -75.367  -4.764 0.1000000015
8795  -41.738  -73.441  -5.288 0.1000000015
8054  -39.983  -74.187  -6.409 0.1000000015
8056  -41.793  -73.904  -7.122 0.1000000015
8075  -41.942  -74.450  -7.648 0.1000000015
11210  -45.723  -70.483  -9.190 0.1000000015
8918  -44.491  -73.635  -10.486 0.1000000015
8136  -45.115  -73.985  -10.173 0.1000000015
8135  -44.499  -74.524  -10.434 0.1000000015
8000  -43.399  -74.622  -3.193 0.1000000015
8770  -42.576  -73.625  -4.344 0.1000000015
8001  -44.110  -74.334  -3.212 0.2000000030
8796  -42.683  -73.189  -5.440 0.1000000015
16137  -49.354  -64.462  -8.683 0.1000000015
13491  -47.999  -68.075  -8.417 0.1000000015
11227  -47.256  -70.668  -9.184 0.1000000015
11226  -46.741  -70.698  -9.528 0.1000000015
11976  -47.907  -69.195  -8.034 0.1000000015
10439  -46.977  -71.558  -8.363 0.1000000015
8889  -46.033  -73.222  -9.424 0.1000000015
8868  -46.297  -72.906  -8.778 0.1000000015
8094  -42.582  -74.888  -8.251 0.1000000015
8846  -45.894  -72.967  -8.199 0.1000000015
8095  -43.514  -74.847  -8.532 0.1000000015
9566  -45.535  -72.392  -3.629 0.1000000015
8746  -45.074  -73.749  -2.877 0.2000000030
7991  -44.712  -74.272  -2.488 0.2000000030
10362  -46.284  -71.200  -3.446 0.1000000015
9602  -44.310  -72.065  -5.731 0.1000000015
12733  -48.114  -68.529  -8.023 0.1000000015
11950  -47.592  -69.579  -7.491 0.1000000015
9634  -45.565  -72.458  -7.644 0.1000000015
8077  -44.077  -74.174  -8.132 0.1000000015
11134  -46.216  -70.487  -4.153 0.1000000015
16157  -50.143  -64.094  -9.368 0.1000000015
10400  -45.473  -71.157  -6.479 0.1000000015
17137  -47.877  -63.468  -13.568 0.1000000015
14350  -50.122  -66.428  -7.003 0.1000000015
13462  -50.011  -67.052  -6.645 0.1000000015
12704  -48.019  -68.857  -6.592 0.1000000015
10419  -45.335  -71.862  -7.161 0.1000000015
14310  -48.775  -66.531  -3.551 0.1000000015
13396  -48.423  -68.245  -2.934 0.1000000015
12633  -48.607  -68.496  -3.123 0.1000000015
13416  -49.815  -67.501  -4.034 0.1000000015
9553  -45.354  -72.675  -1.582 0.2000000030
12649  -48.282  -68.750  -4.646 0.1000000015
14321  -51.292  -65.676  -5.383 0.1000000015
12658  -48.811  -68.367  -5.100 0.1000000015
11902  -47.517  -69.105  -5.129 0.1000000015
18051  -51.257  -63.430  -7.797 0.1000000015
14334  -50.607  -66.575  -6.379 0.1000000015
14336  -51.354  -65.678  -5.627 0.1000000015
11877  -45.819  -69.741  -1.916 0.1000000015
17098  -42.198  -62.820  -11.819 0.1000000015
18018  -50.296  -62.597  -6.798 0.1000000015
18084  -42.622  -62.197  -11.637 0.1000000015
16212  -41.533  -63.436  -12.981 0.1000000015
19046  -48.371  -61.398  -8.565 0.1000000015
19045  -47.563  -61.205  -8.556 0.1000000015
20213  -40.846  -59.739  -13.996 0.1000000015
22369  -41.824  -58.265  -14.917 0.1000000015
22317  -45.371  -58.099  -11.038 0.1000000015
15127  -36.652  -65.269  3.318 0.5000000000
11030  -40.101  -70.616  5.705 0.5000000000
14232  -37.566  -66.257  3.185 0.5000000000
11043  -40.794  -70.320  4.742 0.5000000000
16889  -36.065  -63.756  2.831 0.5000000000
15977  -36.653  -64.352  3.002 0.5000000000
15128  -37.491  -65.284  2.843 0.5000000000
11790  -40.544  -69.616  4.335 0.5000000000
15132  -37.169  -64.766  2.785 0.5000000000
16898  -36.473  -64.047  2.199 0.5000000000
15133  -37.670  -64.868  2.262 0.5000000000
15994  -37.232  -64.572  1.779 0.4000000060
15134  -38.104  -65.276  1.913 0.4000000060
9485  -41.870  -71.584  4.015 0.5000000000
9500  -41.596  -71.966  3.779 0.5000000000
9499  -40.909  -72.664  3.495 0.5000000000
8699  -39.288  -73.096  1.261 0.5000000000
10299  -39.956  -72.153  2.317 0.5000000000
8713  -39.141  -73.086  0.593 0.4000000060
10328  -38.789  -71.782  -1.657 0.4000000060
11748  -38.191  -69.394  8.266 0.1000000015
11029  -39.593  -70.077  6.205 0.5000000000
15976  -35.807  -64.459  3.617 0.5000000000
15126  -35.806  -65.357  3.948 0.5000000000
13348  -38.728  -67.501  3.077 0.4000000060
11777  -40.120  -70.015  5.080 0.5000000000
17845  -35.368  -63.280  2.799 0.5000000000
17844  -34.807  -62.801  3.048 0.5000000000
18831  -34.207  -61.586  2.422 0.5000000000
18832  -34.536  -62.304  2.330 0.5000000000
17867  -35.572  -63.443  2.236 0.5000000000
18855  -34.143  -61.957  1.487 0.4000000060
18856  -34.572  -62.567  1.752 0.3000000119
16897  -36.003  -63.792  2.133 0.5000000000
16910  -36.161  -64.101  1.803 0.4000000060
15142  -37.469  -65.095  1.466 0.4000000060
17889  -35.189  -63.367  1.777 0.3000000119
13357  -39.035  -66.750  1.377 0.6999999881
13353  -39.186  -66.818  2.171 0.5000000000
17887  -34.370  -62.627  1.295 0.3000000119
16927  -35.176  -63.896  1.200 0.3000000119
16014  -36.205  -64.578  1.222 0.4000000060
14241  -38.098  -66.063  1.093 0.5000000000
13359  -40.196  -67.865  2.088 0.6000000238
12581  -40.532  -68.872  3.505 0.6000000238
10276  -41.819  -71.298  4.235 0.3000000119
16926  -34.646  -63.669  0.779 0.3000000119
16013  -35.540  -64.393  0.969 0.3000000119
14253  -37.120  -66.210  0.639 0.4000000060
13369  -38.461  -67.282  0.716 0.5000000000
12590  -39.928  -68.132  1.148 0.6000000238
11830  -40.960  -69.560  1.718 0.6000000238
11054  -41.985  -70.559  3.574 0.5000000000
10289  -41.815  -71.114  3.249 0.5000000000
16012  -34.870  -64.480  0.385 0.4000000060
14252  -35.997  -66.111  0.288 0.4000000060
14254  -37.806  -66.701  0.664 0.5000000000
12599  -39.135  -68.499  0.703 0.5000000000
11076  -40.070  -70.343  1.323 0.5000000000
11077  -40.955  -70.515  1.984 0.5000000000
10288  -41.110  -71.760  3.105 0.5000000000
15157  -34.721  -64.808  -0.003 0.4000000060
14251  -35.336  -65.997  -0.125 0.4000000060
13367  -36.273  -67.286  0.049 0.5000000000
12598  -37.923  -68.420  0.417 0.5000000000
11839  -38.369  -69.517  0.560 0.4000000060
10312  -40.337  -70.942  1.837 0.5000000000
10311  -39.686  -71.534  1.728 0.5000000000
13366  -35.569  -66.623  -0.236 0.4000000060
12596  -36.288  -68.045  -0.310 0.5000000000
11838  -37.397  -69.484  0.022 0.5000000000
11085  -37.888  -70.428  0.268 0.4000000060
10310  -38.847  -71.544  1.101 0.4000000060
9520  -39.546  -72.555  2.004 0.5000000000
12604  -36.170  -68.564  -0.969 0.5000000000
11092  -36.943  -70.130  -0.937 0.4000000060
10323  -37.962  -71.807  -0.219 0.4000000060
9538  -38.458  -72.411  -0.269 0.4000000060
11857  -36.793  -69.533  -1.623 0.3000000119
11100  -37.335  -70.429  -1.471 0.4000000060
11101  -37.802  -70.779  -1.774 0.3000000119
11870  -38.411  -69.585  -2.632 0.3000000119
11111  -39.011  -70.462  -2.431 0.3000000119
12491  -37.535  -68.455  9.392 0.1000000015
11730  -37.304  -69.130  9.251 0.1000000015
13281  -37.697  -68.102  9.073 0.1000000015
11731  -37.893  -69.008  8.905 0.1000000015
13308  -38.451  -68.313  7.510 0.4000000060
12521  -39.057  -68.978  7.274 0.4000000060
11759  -39.141  -69.557  7.034 0.4000000060
11767  -39.338  -69.674  6.553 0.5000000000
12522  -39.229  -69.325  6.883 0.4000000060
12536  -39.192  -69.278  6.598 0.5000000000
11776  -39.587  -69.765  5.865 0.5000000000
15968  -35.451  -64.897  4.026 0.5000000000
14230  -35.544  -65.811  4.254 0.5000000000
14231  -36.186  -66.372  4.055 0.5000000000
13347  -37.193  -67.606  4.172 0.4000000060
12552  -39.013  -69.203  5.841 0.5000000000
11789  -39.642  -69.599  4.944 0.5000000000
16888  -35.212  -63.688  3.526 0.5000000000
15975  -35.339  -64.188  3.767 0.5000000000
18817  -34.335  -62.132  2.965 0.5000000000
12566  -39.023  -69.153  4.637 0.6000000238
19898  -33.938  -61.127  1.776 0.4000000060
20992  -33.395  -59.950  0.695 0.2000000030
19923  -33.676  -61.060  0.861 0.3000000119
16947  -34.110  -62.723  0.383 0.3000000119
16948  -34.116  -63.056  0.016 0.4000000060
17930  -33.948  -62.340  0.185 0.3000000119
19950  -33.548  -60.544  -0.049 0.3000000119
18910  -33.936  -61.743  -0.755 0.4000000060
16965  -34.316  -62.985  -1.060 0.4000000060
17952  -34.079  -62.035  -1.131 0.3000000119
16036  -34.488  -64.081  -0.259 0.4000000060
14265  -34.970  -66.174  -0.758 0.4000000060
14272  -35.362  -66.396  -1.741 0.4000000060
16058  -34.994  -63.964  -2.132 0.3000000119
12603  -35.775  -67.903  -1.422 0.4000000060
15190  -35.929  -65.721  -2.844 0.3000000119
12620  -36.325  -67.933  -2.445 0.3000000119
11868  -36.726  -69.166  -2.138 0.4000000060
11109  -37.385  -70.131  -1.980 0.3000000119
15193  -36.328  -65.171  -3.488 0.2000000030
15194  -36.808  -65.710  -3.646 0.2000000030
13389  -37.444  -67.630  -3.083 0.3000000119
16075  -37.104  -64.429  -4.665 0.1000000015
15195  -37.931  -65.639  -4.225 0.2000000030
12622  -37.852  -68.665  -2.859 0.4000000060
20089  -37.681  -60.075  -8.099 0.1000000015
13292  -37.565  -67.660  8.971 0.1000000015
13293  -37.949  -68.181  8.409 0.1000000015
12535  -38.864  -68.647  6.765 0.4000000060
15118  -35.173  -65.336  4.292 0.5000000000
13346  -36.359  -67.159  4.544 0.4000000060
13339  -37.126  -68.092  5.434 0.4000000060
12565  -38.336  -68.804  5.426 0.5000000000
12551  -38.630  -68.668  6.273 0.5000000000
16887  -34.463  -63.259  3.588 0.5000000000
16876  -34.412  -63.861  3.869 0.5000000000
19872  -33.432  -60.540  3.226 0.4000000060
18816  -33.746  -61.592  3.361 0.4000000060
17843  -34.086  -62.604  3.503 0.5000000000
20948  -33.534  -59.879  2.438 0.4000000060
19880  -33.815  -60.812  2.493 0.5000000000
22046  -33.263  -58.877  2.426 0.3000000119
22065  -33.323  -59.300  1.513 0.3000000119
22097  -33.339  -58.822  0.479 0.2000000030
21015  -33.511  -59.581  -0.214 0.2000000030
23217  -33.590  -57.619  0.068 0.1000000015
23233  -33.871  -57.883  -0.898 0.1000000015
21037  -33.703  -59.331  -1.045 0.3000000119
18934  -33.928  -61.130  -1.190 0.3000000119
22138  -33.844  -58.519  -1.255 0.2000000030
21038  -34.006  -59.048  -1.764 0.2000000030
18959  -34.136  -60.626  -2.311 0.2000000030
16982  -34.662  -63.197  -2.037 0.2000000030
16983  -35.095  -63.367  -2.775 0.2000000030
18974  -34.338  -61.095  -3.280 0.2000000030
17985  -34.979  -62.521  -3.577 0.2000000030
16059  -35.441  -64.443  -2.644 0.2000000030
18986  -34.879  -61.777  -4.416 0.1000000015
16992  -36.121  -63.972  -4.085 0.2000000030
16066  -36.578  -64.667  -4.069 0.2000000030
20048  -34.907  -60.414  -5.407 0.1000000015
17999  -35.755  -62.344  -5.552 0.1000000015
17001  -36.531  -63.715  -4.863 0.1000000015
17002  -37.250  -64.034  -5.221 0.1000000015
20060  -35.383  -60.685  -6.152 0.1000000015
20061  -36.011  -60.766  -6.783 0.1000000015
17009  -36.982  -63.419  -5.781 0.1000000015
20074  -36.552  -60.849  -7.279 0.1000000015
19022  -36.918  -61.327  -7.390 0.1000000015
21155  -37.536  -58.965  -7.912 0.1000000015
23383  -37.761  -58.110  -7.465 0.1000000015
13307  -37.678  -67.599  8.038 0.3000000119
14187  -35.882  -66.416  8.014 0.3000000119
13317  -37.335  -67.449  7.286 0.3000000119
13318  -38.146  -67.984  7.029 0.3000000119
12534  -38.553  -68.349  6.721 0.4000000060
14196  -35.579  -66.683  6.872 0.3000000119
14197  -36.452  -67.030  7.135 0.3000000119
13330  -37.583  -67.990  6.363 0.5000000000
12550  -38.213  -68.367  6.295 0.5000000000
15106  -33.915  -65.714  5.536 0.4000000060
14208  -34.555  -66.149  5.718 0.5000000000
14210  -36.029  -67.118  6.057 0.4000000060
13338  -36.466  -67.526  5.208 0.4000000060
12564  -37.779  -68.378  5.706 0.5000000000
18807  -32.418  -61.292  4.342 0.4000000060
17826  -33.356  -62.512  4.011 0.4000000060
15966  -33.757  -64.410  4.324 0.5000000000
20938  -32.681  -59.456  3.976 0.4000000060
19871  -32.832  -60.378  3.859 0.4000000060
18815  -33.085  -61.112  3.758 0.4000000060
18808  -33.038  -61.769  4.038 0.5000000000
22028  -33.034  -58.660  3.319 0.4000000060
20939  -33.210  -59.609  3.244 0.4000000060
23155  -32.910  -57.666  3.428 0.3000000119
23175  -33.129  -57.950  2.584 0.3000000119
23187  -33.221  -57.976  1.444 0.3000000119
24337  -33.489  -56.688  2.375 0.3000000119
24398  -34.301  -56.646  0.091 0.1000000015
23218  -33.919  -57.041  -0.101 0.1000000015
23259  -34.015  -58.044  -1.387 0.1000000015
21065  -34.410  -58.654  -2.360 0.2000000030
23295  -34.876  -57.420  -1.840 0.1000000015
22170  -34.699  -57.881  -2.219 0.1000000015
20001  -34.207  -59.539  -2.406 0.2000000030
21085  -34.656  -58.961  -3.089 0.2000000030
20034  -34.567  -60.160  -4.070 0.1000000015
21100  -34.995  -59.195  -4.402 0.1000000015
20035  -34.783  -59.894  -4.833 0.1000000015
22225  -35.665  -58.724  -4.783 0.1000000015
21136  -35.306  -59.874  -6.006 0.1000000015
21118  -35.750  -59.269  -6.097 0.1000000015
22241  -36.416  -59.023  -6.718 0.1000000015
23365  -37.984  -57.681  -6.233 0.1000000015
23348  -38.799  -58.168  -4.907 0.1000000015
23321  -39.036  -57.381  -3.650 0.1000000015
24469  -39.386  -56.643  -2.353 0.1000000015
25554  -39.194  -55.885  -2.195 0.1000000015
26637  -40.848  -54.987  -1.204 0.1000000015
15075  -35.472  -65.767  8.927 0.3000000119
14176  -36.273  -66.269  9.133 0.2000000030
15084  -34.432  -65.890  7.572 0.3000000119
15093  -34.026  -65.950  6.480 0.4000000060
15083  -33.453  -65.541  7.233 0.3000000119
17824  -31.918  -61.885  4.899 0.3000000119
17825  -32.472  -62.400  4.526 0.3000000119
16855  -32.152  -63.369  5.152 0.4000000060
15104  -32.754  -64.691  5.473 0.4000000060
15082  -32.628  -65.035  6.777 0.3000000119
20929  -32.257  -59.322  4.727 0.3000000119
15936  -32.215  -64.298  5.970 0.4000000060
15091  -32.746  -65.010  5.892 0.4000000060
23154  -32.688  -57.656  4.412 0.3000000119
22027  -32.626  -58.523  4.129 0.3000000119
24321  -33.073  -56.693  3.942 0.3000000119
25432  -33.705  -55.993  3.411 0.3000000119
24361  -34.450  -56.138  1.277 0.2000000030
24362  -35.637  -56.115  1.171 0.1000000015
24400  -36.191  -56.671  0.582 0.1000000015
24414  -34.563  -56.776  -0.452 0.1000000015
23219  -36.694  -57.271  0.021 0.1000000015
24436  -35.505  -56.663  -0.827 0.1000000015
23236  -36.619  -57.144  -0.937 0.1000000015
23262  -36.154  -57.107  -1.770 0.1000000015
23318  -35.633  -57.814  -2.782 0.2000000030
23297  -36.278  -57.771  -2.565 0.2000000030
23319  -35.913  -57.952  -3.029 0.2000000030
22209  -35.591  -58.522  -4.022 0.1000000015
22196  -36.320  -58.231  -3.353 0.1000000015
22210  -36.373  -58.423  -4.388 0.1000000015
22226  -36.374  -58.651  -5.488 0.1000000015
21101  -37.746  -59.204  -4.115 0.1000000015
22211  -37.201  -58.611  -4.633 0.1000000015
22227  -37.543  -58.436  -5.281 0.1000000015
21119  -37.826  -58.963  -4.728 0.1000000015
21121  -38.595  -58.746  -4.917 0.1000000015
22229  -38.803  -58.621  -4.852 0.1000000015
23334  -38.964  -57.827  -4.456 0.1000000015
24470  -39.982  -57.093  -2.023 0.1000000015
23300  -40.181  -57.634  -2.283 0.1000000015
24438  -39.720  -56.421  -1.919 0.1000000015
23264  -40.305  -57.279  -1.945 0.1000000015
25524  -40.558  -55.868  -1.378 0.1000000015
24440  -41.198  -56.699  -1.370 0.1000000015
26638  -41.782  -54.834  -1.079 0.1000000015
25525  -41.522  -55.767  -1.169 0.1000000015
27652  -41.982  -53.878  -1.049 0.1000000015
15065  -35.572  -65.710  9.972 0.2000000030
15907  -34.066  -64.679  9.813 0.2000000030
15074  -34.701  -65.486  8.605 0.3000000119
15906  -33.139  -63.893  9.978 0.2000000030
15918  -34.228  -65.022  9.074 0.3000000119
15073  -33.826  -65.327  8.289 0.3000000119
17804  -31.866  -62.524  5.154 0.3000000119
15072  -32.840  -64.945  7.965 0.3000000119
19848  -31.899  -59.926  5.162 0.3000000119
19863  -31.787  -60.522  5.225 0.3000000119
18806  -31.814  -61.160  5.032 0.3000000119
16854  -31.700  -62.889  5.677 0.3000000119
15935  -31.770  -63.718  6.558 0.3000000119
23136  -32.693  -57.694  5.247 0.3000000119
22010  -32.438  -58.473  5.007 0.3000000119
16838  -31.572  -62.983  6.492 0.3000000119
15925  -31.652  -63.501  7.022 0.3000000119
15926  -31.975  -64.134  7.375 0.2000000030
24302  -33.189  -56.441  5.003 0.2000000030
24320  -32.795  -57.050  4.814 0.2000000030
25417  -33.659  -55.876  4.358 0.3000000119
25433  -34.263  -55.616  2.700 0.3000000119
24338  -34.123  -55.956  2.051 0.3000000119
25459  -34.617  -55.714  2.004 0.2000000030
24339  -36.001  -55.831  1.893 0.2000000030
24363  -36.681  -56.631  1.454 0.1000000015
23189  -37.655  -57.616  1.186 0.1000000015
23190  -38.783  -57.543  1.355 0.1000000015
22070  -41.709  -58.480  1.086 0.1000000015
22067  -38.578  -58.457  0.939 0.1000000015
22068  -39.612  -58.565  0.923 0.1000000015
20968  -41.434  -59.523  0.808 0.1000000015
20969  -42.441  -59.422  0.973 0.1000000015
19902  -44.102  -60.423  1.350 0.1000000015
23220  -37.292  -57.973  0.409 0.1000000015
22066  -37.899  -58.486  0.659 0.1000000015
20996  -40.325  -60.157  0.487 0.1000000015
20997  -40.974  -60.117  0.645 0.1000000015
19929  -42.795  -61.148  0.764 0.1000000015
18857  -43.680  -61.664  1.086 0.1000000015
23237  -37.244  -57.963  -0.539 0.1000000015
23263  -37.080  -57.918  -1.788 0.1000000015
22140  -37.659  -58.903  -1.920 0.2000000030
22173  -37.145  -58.556  -2.744 0.1000000015
21066  -37.790  -59.219  -2.530 0.1000000015
22197  -37.102  -58.704  -3.772 0.1000000015
21088  -38.431  -59.776  -3.602 0.1000000015
21102  -38.389  -59.359  -4.402 0.1000000015
22213  -39.617  -59.089  -4.294 0.1000000015
22212  -39.311  -58.654  -4.502 0.1000000015
22175  -40.064  -58.425  -3.127 0.1000000015
23265  -40.876  -57.631  -1.850 0.1000000015
24441  -42.195  -56.591  -1.123 0.1000000015
17737  -32.962  -62.368  10.835 0.2000000030
15917  -33.420  -64.673  9.005 0.3000000119
18716  -32.944  -61.542  10.458 0.2000000030
16786  -32.713  -62.870  10.462 0.2000000030
15905  -32.444  -63.549  9.343 0.2000000030
20911  -31.942  -59.836  6.184 0.3000000119
18777  -31.670  -61.059  6.470 0.3000000119
17789  -31.572  -62.152  6.874 0.3000000119
21990  -32.613  -58.417  5.976 0.3000000119
20900  -32.433  -59.472  6.573 0.3000000119
18778  -32.004  -60.980  7.134 0.3000000119
18767  -31.821  -61.597  7.281 0.3000000119
16827  -31.639  -63.040  7.635 0.3000000119
24281  -33.792  -56.756  5.986 0.2000000030
23120  -33.342  -57.579  6.193 0.3000000119
16817  -31.744  -62.897  8.178 0.2000000030
16828  -31.917  -63.616  8.138 0.2000000030
25367  -34.299  -55.876  5.595 0.2000000030
25396  -34.376  -55.330  4.863 0.2000000030
25418  -34.343  -55.319  3.767 0.3000000119
26506  -34.981  -54.866  4.239 0.3000000119
25419  -34.961  -55.123  3.184 0.3000000119
25434  -35.272  -55.381  2.393 0.2000000030
26529  -34.902  -54.964  3.697 0.3000000119
25420  -35.700  -54.993  3.014 0.2000000030
25435  -36.361  -55.228  2.525 0.2000000030
24340  -36.936  -55.895  2.067 0.2000000030
24364  -37.880  -56.381  1.735 0.1000000015
20994  -38.536  -59.978  -0.218 0.1000000015
19927  -41.147  -61.032  0.381 0.1000000015
18887  -42.810  -62.111  0.637 0.1000000015
20993  -37.944  -59.574  -0.682 0.1000000015
19925  -39.425  -60.854  -0.346 0.1000000015
18885  -41.003  -62.065  -0.041 0.1000000015
19924  -38.860  -60.629  -0.720 0.1000000015
19952  -39.194  -61.138  -0.861 0.1000000015
18883  -39.665  -61.489  -0.772 0.1000000015
18914  -40.713  -62.260  -0.567 0.1000000015
21016  -38.002  -59.552  -1.390 0.1000000015
21040  -38.482  -60.183  -1.816 0.1000000015
18912  -39.508  -61.447  -1.369 0.1000000015
18936  -39.485  -61.220  -2.066 0.1000000015
21067  -38.302  -59.820  -2.666 0.1000000015
20022  -38.751  -60.288  -2.977 0.1000000015
18962  -40.648  -61.009  -2.599 0.1000000015
20023  -39.152  -60.244  -3.437 0.1000000015
20024  -39.442  -60.046  -3.768 0.1000000015
22199  -39.826  -58.906  -3.976 0.1000000015
22176  -40.882  -58.311  -2.269 0.1000000015
20832  -34.811  -59.983  10.903 0.3000000119
19766  -33.409  -60.651  10.117 0.3000000119
18732  -32.822  -61.163  9.641 0.3000000119
18715  -32.519  -61.773  9.811 0.2000000030
17754  -32.236  -62.328  9.430 0.2000000030
18731  -32.436  -61.628  9.155 0.3000000119
15916  -32.418  -64.067  8.711 0.2000000030
21968  -32.805  -58.791  6.524 0.3000000119
19825  -32.918  -60.382  7.651 0.3000000119
19804  -33.088  -60.704  8.355 0.3000000119
17771  -32.042  -62.116  8.654 0.3000000119
16818  -31.925  -63.064  8.732 0.2000000030
24258  -34.289  -57.310  6.428 0.2000000030
20901  -33.039  -59.039  6.847 0.3000000119
21950  -33.651  -59.059  7.081 0.3000000119
24282  -34.825  -56.215  6.101 0.2000000030
24283  -35.535  -55.791  6.106 0.2000000030
25368  -34.978  -55.451  5.611 0.2000000030
25397  -35.237  -54.835  5.041 0.2000000030
26507  -35.876  -54.536  4.426 0.3000000119
26531  -36.505  -54.548  3.352 0.2000000030
26550  -36.908  -54.856  2.730 0.2000000030
18938  -41.294  -61.677  -2.094 0.1000000015
20004  -39.933  -60.396  -3.295 0.1000000015
20005  -40.862  -60.124  -2.974 0.1000000015
21068  -40.314  -59.464  -3.521 0.1000000015
19749  -35.745  -60.285  11.442 0.1000000015
19769  -36.528  -60.081  10.655 0.2000000030
20840  -35.506  -59.842  10.714 0.3000000119
20839  -34.828  -59.780  10.232 0.3000000119
20854  -34.977  -59.808  9.674 0.3000000119
19787  -34.334  -60.167  9.495 0.3000000119
19826  -33.611  -60.170  7.865 0.3000000119
19805  -33.961  -60.350  8.550 0.3000000119
21970  -34.342  -58.675  6.943 0.3000000119
20902  -34.472  -59.351  7.203 0.3000000119
20886  -34.038  -59.570  7.498 0.3000000119
23100  -35.592  -57.837  6.332 0.2000000030
24260  -35.801  -56.729  6.363 0.2000000030
26483  -35.820  -54.655  5.117 0.2000000030
25370  -36.927  -55.060  5.868 0.1000000015
26484  -36.453  -54.542  5.185 0.2000000030
26508  -36.938  -54.163  4.402 0.2000000030
26532  -37.525  -53.911  3.544 0.3000000119
19788  -35.383  -60.061  9.212 0.3000000119
19806  -35.006  -60.334  8.503 0.3000000119
19827  -34.602  -60.169  7.844 0.3000000119
20904  -35.943  -59.742  6.235 0.3000000119
20887  -34.698  -59.799  7.360 0.3000000119
21972  -36.341  -58.864  6.022 0.2000000030
23101  -36.602  -57.768  6.200 0.2000000030
23102  -37.631  -57.720  6.331 0.1000000015
25345  -37.464  -55.839  6.380 0.1000000015
25371  -38.011  -55.063  5.966 0.1000000015
26485  -37.482  -54.423  5.270 0.1000000015
26509  -38.087  -53.810  4.471 0.1000000015
19807  -36.170  -60.640  8.454 0.3000000119
18752  -37.113  -61.304  8.060 0.2000000030
19828  -35.656  -60.780  7.626 0.3000000119
19839  -35.209  -60.245  7.278 0.3000000119
21973  -37.364  -58.767  6.036 0.2000000030
20913  -36.758  -59.873  5.880 0.2000000030
21975  -39.262  -58.608  6.188 0.1000000015
21974  -38.270  -58.570  6.248 0.1000000015
23103  -38.620  -57.694  6.398 0.1000000015
24262  -38.029  -56.783  6.432 0.1000000015
25346  -38.516  -55.948  6.288 0.1000000015
24263  -39.008  -56.836  6.346 0.1000000015
26486  -38.596  -54.454  5.311 0.1000000015
18770  -37.110  -61.939  7.260 0.2000000030
18779  -36.609  -61.304  6.606 0.2000000030
18769  -36.440  -61.420  7.035 0.2000000030
19850  -37.269  -60.848  5.832 0.2000000030
20906  -38.031  -59.302  5.980 0.1000000015
20914  -37.612  -59.862  5.739 0.2000000030
23104  -39.518  -57.663  6.266 0.1000000015
24264  -39.881  -56.884  6.121 0.1000000015
25347  -39.430  -56.168  6.027 0.1000000015
25373  -40.193  -55.787  5.591 0.1000000015
26487  -39.698  -54.693  5.248 0.1000000015
23105  -40.298  -57.695  6.036 0.1000000015
24284  -40.310  -56.555  5.806 0.1000000015
23121  -41.061  -57.670  5.783 0.1000000015
24285  -41.055  -56.695  5.575 0.1000000015
13354  -39.778  -67.604  2.407 0.4000000060
14233  -38.486  -66.342  2.545 0.5000000000
14236  -38.087  -65.561  2.475 0.5000000000
14237  -38.547  -65.944  1.869 0.5000000000
12580  -39.392  -68.626  3.661 0.5000000000
11031  -40.916  -70.947  4.951 0.5000000000
12579  -38.283  -68.539  4.155 0.4000000060
13349  -39.974  -68.117  3.028 0.6000000238
11791  -41.388  -69.969  4.186 0.5000000000
11044  -41.550  -70.698  4.429 0.3000000119
9484  -41.527  -72.292  4.440 0.5000000000
12567  -39.841  -69.214  4.166 0.5000000000
10261  -39.771  -71.668  6.051 0.5000000000
14240  -37.525  -65.661  0.985 0.4000000060
10290  -42.040  -71.107  3.821 0.4000000060
9510  -40.394  -72.377  2.819 0.5000000000
9519  -39.145  -72.558  1.371 0.4000000060
9529  -38.630  -72.268  0.671 0.4000000060
10338  -38.541  -71.081  -2.002 0.3000000119
9546  -38.255  -72.018  -1.136 0.4000000060
12506  -38.447  -68.795  8.097 0.2000000030
15159  -36.513  -65.148  0.935 0.3000000119
13358  -39.789  -67.530  1.707 0.6000000238
17909  -34.119  -62.511  0.792 0.3000000119
13370  -39.373  -67.554  1.034 0.6000000238
11818  -41.072  -69.068  2.165 0.6000000238
12586  -41.012  -68.809  2.711 0.6000000238
13350  -40.548  -68.417  2.937 0.6000000238
12582  -41.245  -69.215  3.304 0.5000000000
11792  -41.844  -70.279  4.005 0.5000000000
13368  -37.392  -67.383  0.438 0.4000000060
11829  -40.166  -69.085  1.017 0.6000000238
11819  -41.477  -69.648  2.543 0.5000000000
11065  -41.479  -70.503  2.473 0.5000000000
11806  -41.730  -69.844  3.481 0.5000000000
15158  -35.284  -65.267  0.252 0.4000000060
11087  -39.345  -70.372  1.052 0.4000000060
11840  -39.323  -69.726  0.856 0.5000000000
10300  -40.601  -71.406  2.363 0.5000000000
15177  -34.728  -65.156  -0.593 0.4000000060
16050  -34.722  -64.172  -1.340 0.3000000119
13374  -35.521  -67.371  -0.867 0.5000000000
12597  -36.813  -68.379  -0.004 0.5000000000
11086  -38.702  -70.555  0.825 0.4000000060
11075  -39.305  -70.862  1.230 0.5000000000
11849  -36.988  -69.806  -0.546 0.4000000060
10319  -38.125  -71.455  0.333 0.4000000060
10318  -37.700  -70.962  -0.005 0.4000000060
12610  -36.387  -68.845  -1.889 0.4000000060
12609  -35.997  -68.166  -2.001 0.4000000060
11848  -36.674  -69.578  -0.965 0.4000000060
10326  -37.592  -71.228  -0.949 0.4000000060
14221  -35.093  -66.107  4.811 0.5000000000
20965  -33.651  -60.334  1.626 0.3000000119
18882  -33.859  -61.890  0.631 0.3000000119
17931  -33.999  -62.287  -0.497 0.4000000060
18933  -33.728  -60.858  -0.559 0.3000000119
19973  -33.700  -60.243  -0.788 0.3000000119
17973  -34.310  -61.977  -2.119 0.3000000119
15187  -35.249  -65.357  -1.980 0.3000000119
15186  -34.837  -65.134  -1.396 0.3000000119
13379  -35.637  -67.381  -1.835 0.3000000119
16051  -35.043  -64.622  -1.892 0.3000000119
17974  -34.710  -62.622  -2.730 0.2000000030
14281  -35.809  -66.755  -2.366 0.3000000119
14282  -36.336  -66.741  -2.894 0.3000000119
16065  -35.998  -64.583  -3.447 0.2000000030
14283  -36.909  -67.005  -3.148 0.3000000119
12621  -36.778  -68.476  -2.497 0.4000000060
16067  -37.264  -65.031  -4.292 0.2000000030
14286  -37.493  -66.591  -3.506 0.3000000119
13400  -38.157  -67.160  -3.395 0.2000000030
19023  -37.598  -61.540  -7.593 0.1000000015
21154  -37.226  -59.531  -7.781 0.1000000015
14220  -34.420  -65.853  5.155 0.4000000060
15117  -34.221  -65.306  4.679 0.4000000060
14222  -35.822  -66.898  5.024 0.5000000000
12578  -37.646  -68.448  4.912 0.5000000000
16875  -33.725  -63.428  3.961 0.5000000000
22116  -33.599  -58.612  -0.495 0.2000000030
23234  -34.279  -57.141  -0.617 0.1000000015
24397  -33.795  -56.996  0.204 0.1000000015
19974  -33.909  -59.992  -1.602 0.2000000030
22139  -34.188  -58.274  -1.775 0.2000000030
20021  -34.357  -59.958  -3.175 0.2000000030
17984  -34.556  -62.004  -3.106 0.2000000030
16991  -35.577  -63.546  -3.645 0.2000000030
21099  -34.719  -59.417  -3.705 0.2000000030
18975  -34.636  -61.708  -3.733 0.1000000015
18985  -34.548  -61.080  -4.212 0.1000000015
18996  -34.726  -61.095  -4.875 0.1000000015
18997  -35.179  -61.535  -5.371 0.1000000015
17991  -35.430  -62.607  -4.601 0.2000000030
17000  -35.893  -63.391  -4.466 0.2000000030
21117  -35.275  -59.332  -5.362 0.1000000015
19009  -35.749  -61.567  -6.210 0.1000000015
17992  -35.953  -63.019  -5.055 0.1000000015
18006  -36.168  -62.244  -6.194 0.1000000015
17023  -37.411  -63.200  -6.417 0.1000000015
21137  -35.777  -59.884  -6.615 0.1000000015
19010  -36.425  -61.637  -6.826 0.1000000015
21153  -36.465  -59.947  -7.301 0.1000000015
22261  -37.211  -58.588  -7.404 0.1000000015
23364  -37.587  -57.915  -7.011 0.1000000015
23347  -38.363  -57.408  -5.224 0.1000000015
14189  -37.318  -67.217  8.877 0.3000000119
13306  -37.370  -67.288  7.867 0.3000000119
15085  -35.153  -65.948  8.128 0.3000000119
14186  -35.174  -66.262  7.456 0.3000000119
14188  -36.981  -66.927  8.235 0.3000000119
13329  -36.820  -67.567  6.264 0.3000000119
14209  -35.263  -66.620  5.830 0.3000000119
14195  -34.811  -66.317  6.654 0.3000000119
15105  -33.313  -65.053  5.237 0.4000000060
15092  -33.290  -65.475  6.179 0.4000000060
15965  -33.258  -63.910  4.317 0.4000000060
15953  -33.370  -64.683  4.775 0.4000000060
19864  -32.168  -60.289  4.580 0.4000000060
24360  -33.685  -56.920  0.877 0.2000000030
24399  -35.250  -56.291  0.334 0.1000000015
23235  -34.736  -56.843  -0.726 0.1000000015
23261  -35.115  -56.961  -1.285 0.1000000015
22194  -34.844  -58.301  -2.749 0.2000000030
23296  -35.402  -57.442  -2.237 0.2000000030
22195  -35.380  -58.263  -3.221 0.1000000015
21086  -35.044  -58.840  -3.716 0.1000000015
22242  -37.212  -58.266  -6.303 0.1000000015
22243  -37.721  -58.088  -5.770 0.1000000015
22198  -39.476  -58.204  -3.869 0.1000000015
22174  -39.511  -57.915  -3.392 0.1000000015
17803  -31.576  -61.965  5.756 0.3000000119
15952  -32.869  -64.291  4.875 0.4000000060
23188  -36.833  -57.307  0.811 0.1000000015
24416  -35.953  -56.602  -0.365 0.1000000015
21087  -37.738  -59.254  -3.255 0.1000000015
21120  -38.287  -58.875  -4.934 0.1000000015
15064  -34.843  -65.214  9.538 0.2000000030
20912  -32.097  -59.354  5.627 0.3000000119
18790  -31.636  -60.992  5.643 0.3000000119
24301  -33.010  -57.073  5.494 0.3000000119
23119  -32.956  -57.642  5.824 0.3000000119
25460  -35.168  -55.754  1.709 0.1000000015
22069  -40.678  -58.494  0.959 0.1000000015
22100  -39.166  -59.122  0.654 0.1000000015
20967  -40.466  -59.372  0.714 0.1000000015
20966  -39.794  -59.425  0.599 0.1000000015
19900  -42.243  -60.350  0.739 0.1000000015
19899  -41.570  -60.445  0.613 0.1000000015
19901  -43.129  -60.392  0.967 0.1000000015
18858  -44.806  -61.562  1.653 0.1000000015
22098  -37.644  -59.005  -0.012 0.1000000015
22099  -38.502  -59.202  0.443 0.1000000015
20995  -39.416  -59.960  0.261 0.1000000015
19928  -42.079  -61.214  0.549 0.1000000015
22117  -37.616  -58.809  -1.031 0.1000000015
21039  -38.084  -59.520  -2.053 0.1000000015
21090  -39.582  -59.535  -4.033 0.1000000015
18696  -33.386  -61.814  11.138 0.2000000030
17736  -32.545  -62.324  10.190 0.2000000030
16805  -32.802  -63.293  10.333 0.2000000030
16804  -32.439  -63.084  9.839 0.2000000030
19838  -32.124  -60.363  6.793 0.3000000119
17779  -32.008  -61.876  7.939 0.3000000119
21991  -33.013  -57.971  6.167 0.3000000119
20884  -32.589  -60.100  7.152 0.3000000119
18768  -32.260  -61.274  7.632 0.3000000119
19824  -32.421  -60.676  7.370 0.3000000119
18749  -32.474  -61.389  8.360 0.3000000119
17770  -31.795  -62.546  8.133 0.3000000119
23098  -33.927  -57.700  6.551 0.3000000119
21969  -33.287  -58.349  6.613 0.3000000119
26530  -35.464  -54.789  3.643 0.3000000119
24341  -37.465  -55.775  2.036 0.2000000030
19926  -40.218  -60.991  0.113 0.1000000015
18884  -40.171  -61.673  -0.396 0.1000000015
21017  -38.367  -60.199  -0.988 0.1000000015
19951  -38.873  -60.860  -1.331 0.1000000015
18911  -39.172  -61.145  -1.706 0.1000000015
19976  -39.210  -61.024  -2.142 0.1000000015
18961  -39.871  -61.051  -2.472 0.1000000015
19767  -34.194  -60.260  10.588 0.3000000119
19747  -33.690  -61.042  10.987 0.3000000119
19786  -33.369  -60.671  9.190 0.3000000119
18750  -32.811  -61.098  8.945 0.3000000119
20885  -33.135  -59.635  7.317 0.3000000119
23099  -34.714  -57.866  6.575 0.3000000119
24259  -34.814  -57.074  6.402 0.2000000030
25369  -35.883  -55.116  5.637 0.2000000030
26551  -37.539  -54.432  2.709 0.2000000030
25437  -37.939  -55.013  2.203 0.2000000030
19737  -36.051  -60.969  12.216 0.1000000015
19789  -36.363  -59.990  9.537 0.2000000030
20856  -36.014  -59.789  10.293 0.3000000119
21971  -35.346  -58.760  6.506 0.3000000119
20903  -35.160  -59.600  6.915 0.3000000119
25344  -36.397  -55.808  6.285 0.1000000015
24261  -36.972  -56.762  6.417 0.1000000015
18751  -36.441  -61.342  7.692 0.3000000119
19840  -35.988  -60.656  6.702 0.3000000119
19849  -36.523  -60.486  6.123 0.2000000030
20905  -37.632  -59.307  5.906 0.1000000015
20907  -38.751  -59.253  6.035 0.1000000015
25372  -39.079  -55.305  5.805 0.1000000015
18791  -37.287  -61.474  6.078 0.2000000030
19841  -36.794  -61.146  6.262 0.2000000030
20915  -38.596  -59.982  5.692 0.1000000015
25348  -39.939  -56.345  5.878 0.1000000015
24265  -40.523  -57.092  5.879 0.1000000015
9470  -41.116  -72.450  5.024 0.3000000119
7912  -40.568  -74.339  5.673 0.3000000119
8647  -40.901  -73.394  5.380 0.3000000119
5089  -37.911  -78.183  6.398 0.2000000030
5116  -36.362  -78.853  5.505 0.2000000030
7137  -39.155  -75.550  6.173 0.3000000119
8648  -41.839  -73.379  5.123 0.4000000060
7138  -40.338  -75.479  5.996 0.3000000119
6395  -38.568  -76.468  6.433 0.3000000119
7148  -41.927  -74.896  5.750 0.4000000060
6396  -39.608  -76.547  6.400 0.3000000119
5090  -38.792  -78.199  6.164 0.2000000030
8649  -42.407  -73.932  5.170 0.4000000060
7914  -42.283  -74.242  5.455 0.4000000060
6397  -40.906  -76.598  6.162 0.4000000060
8668  -41.819  -73.247  4.686 0.4000000060
8682  -41.418  -73.061  4.195 0.4000000060
7139  -41.465  -75.603  5.988 0.4000000060
5091  -39.291  -78.046  5.764 0.3000000119
8669  -42.324  -73.764  4.891 0.4000000060
7149  -42.659  -74.939  5.693 0.4000000060
6398  -42.014  -76.084  5.941 0.3000000119
5728  -39.905  -77.540  6.192 0.4000000060
8681  -41.053  -73.532  3.605 0.4000000060
7150  -43.232  -75.221  5.449 0.4000000060
5739  -40.756  -77.330  5.449 0.3000000119
7928  -42.514  -74.179  4.462 0.4000000060
7915  -42.942  -74.371  5.166 0.4000000060
6412  -42.808  -75.973  5.518 0.4000000060
7950  -41.047  -74.021  3.258 0.4000000060
7151  -43.518  -75.289  4.861 0.4000000060
6426  -42.562  -76.400  4.612 0.3000000119
8689  -39.942  -73.323  2.345 0.4000000060
7942  -42.562  -74.589  3.677 0.4000000060
7929  -43.235  -74.791  4.408 0.4000000060
6427  -43.255  -75.816  4.682 0.4000000060
7951  -41.775  -74.519  3.010 0.4000000060
7162  -43.476  -75.444  4.002 0.4000000060
7960  -40.748  -74.206  2.218 0.4000000060
7952  -42.747  -74.776  2.650 0.4000000060
7943  -43.216  -75.084  3.345 0.4000000060
6438  -42.287  -76.695  3.598 0.2000000030
8700  -39.792  -73.510  1.783 0.3000000119
7971  -40.521  -74.114  1.344 0.4000000060
7972  -41.574  -74.326  1.257 0.4000000060
7173  -43.509  -75.548  2.933 0.4000000060
6439  -43.177  -76.135  3.529 0.2000000030
6455  -43.567  -76.034  2.191 0.2000000030
5786  -41.954  -77.220  2.148 0.3000000119
8730  -39.587  -73.287  -0.496 0.3000000119
8714  -40.019  -73.867  0.529 0.3000000119
8715  -41.157  -74.040  0.470 0.3000000119
7953  -43.445  -75.127  2.160 0.3000000119
7181  -43.688  -75.503  2.207 0.2000000030
6454  -42.687  -76.731  2.449 0.2000000030
5795  -41.416  -77.404  1.423 0.2000000030
9539  -38.982  -72.870  -0.562 0.3000000119
8731  -40.757  -73.690  -0.371 0.3000000119
7973  -42.650  -74.348  1.137 0.4000000060
7187  -43.899  -75.355  1.414 0.1000000015
8739  -39.794  -72.943  -1.208 0.3000000119
8716  -42.285  -74.019  0.432 0.2000000030
8702  -43.431  -74.424  0.902 0.2000000030
6465  -43.088  -76.580  1.280 0.1000000015
5807  -41.783  -77.151  0.285 0.2000000030
9550  -42.497  -72.865  -1.316 0.2000000030
8742  -42.232  -73.326  -0.747 0.2000000030
8703  -43.683  -74.321  0.539 0.1000000015
7188  -43.998  -75.012  0.985 0.1000000015
6478  -43.454  -76.179  0.488 0.1000000015
5808  -42.492  -76.861  0.823 0.1000000015
10329  -39.395  -72.076  -1.702 0.2000000030
8740  -40.499  -73.190  -1.165 0.3000000119
9549  -41.308  -72.738  -1.620 0.3000000119
10339  -39.617  -71.447  -2.102 0.1000000015
9557  -40.366  -71.787  -2.057 0.3000000119
9559  -42.081  -72.225  -2.007 0.2000000030
8733  -42.934  -73.435  -0.464 0.1000000015
7964  -44.033  -74.816  0.698 0.1000000015
7203  -43.688  -75.798  -0.150 0.1000000015
6477  -42.693  -76.621  0.285 0.1000000015
11871  -39.556  -69.555  -2.745 0.2000000030
10340  -40.684  -71.276  -2.281 0.2000000030
10341  -41.734  -71.388  -2.316 0.2000000030
9560  -42.817  -72.334  -1.873 0.1000000015
9540  -43.249  -72.951  -1.108 0.1000000015
8734  -43.863  -73.578  -0.361 0.1000000015
8735  -44.385  -73.822  -0.533 0.1000000015
7204  -44.178  -75.144  -0.336 0.1000000015
6489  -43.124  -76.201  -0.332 0.1000000015
6502  -42.123  -76.628  -1.229 0.1000000015
11113  -41.236  -70.501  -2.474 0.1000000015
10342  -42.982  -71.639  -2.271 0.1000000015
9551  -43.568  -72.412  -1.692 0.1000000015
9542  -44.454  -73.236  -1.083 0.1000000015
7983  -44.751  -74.222  -0.956 0.1000000015
6503  -42.759  -76.234  -0.945 0.1000000015
6512  -41.276  -77.036  -2.029 0.1000000015
10330  -43.773  -71.818  -2.136 0.1000000015
9543  -44.753  -73.357  -1.156 0.1000000015
8736  -44.917  -73.535  -1.216 0.1000000015
7217  -43.532  -75.221  -2.463 0.1000000015
7216  -42.577  -75.898  -2.218 0.1000000015
7984  -45.077  -73.733  -1.300 0.1000000015
27564  -38.219  -53.905  2.712 0.2000000030
13390  -38.438  -67.867  -3.146 0.2000000030
12623  -38.947  -68.679  -2.952 0.1000000015
11112  -40.128  -70.488  -2.513 0.1000000015
11872  -40.714  -69.580  -2.690 0.1000000015
11114  -42.353  -70.611  -2.485 0.1000000015
12625  -41.395  -68.825  -2.897 0.1000000015
11115  -43.429  -70.647  -2.444 0.1000000015
10331  -44.458  -71.683  -2.000 0.1000000015
7210  -42.610  -76.178  -1.498 0.1000000015
7211  -43.430  -75.755  -1.209 0.1000000015
7147  -41.164  -74.918  5.747 0.3000000119
7913  -41.490  -74.162  5.564 0.4000000060
5727  -38.760  -77.432  6.507 0.3000000119
5729  -40.729  -77.241  6.087 0.3000000119
7927  -41.963  -73.666  4.494 0.4000000060
6399  -42.514  -75.780  5.823 0.4000000060
6411  -41.704  -76.726  5.482 0.3000000119
7941  -41.648  -74.019  3.900 0.4000000060
7961  -42.107  -74.603  1.979 0.4000000060
7962  -43.103  -74.614  1.567 0.2000000030
5796  -42.290  -77.054  1.406 0.2000000030
7963  -43.757  -74.730  0.956 0.2000000030
6466  -43.723  -75.999  1.218 0.1000000015
8732  -41.842  -73.668  -0.276 0.2000000030
8717  -43.309  -74.070  0.444 0.2000000030
6476  -42.221  -76.774  -0.111 0.1000000015
8718  -43.903  -74.032  0.107 0.1000000015
7194  -43.891  -75.581  0.574 0.1000000015
9558  -41.048  -71.997  -2.058 0.3000000119
9541  -43.816  -73.064  -1.038 0.1000000015
7976  -44.164  -74.505  0.132 0.1000000015
6488  -42.486  -76.546  -0.480 0.1000000015
12624  -40.192  -68.462  -3.026 0.1000000015
11873  -41.833  -69.699  -2.602 0.1000000015
6513  -42.086  -76.410  -1.875 0.1000000015
9552  -44.540  -72.494  -1.523 0.1000000015
7215  -41.764  -76.289  -2.364 0.1000000015
10343  -43.862  -71.309  -2.269 0.1000000015
10248  -38.218  -71.454  7.179 0.3000000119
9449  -38.087  -72.402  6.802 0.2000000030
9450  -38.843  -72.688  6.361 0.2000000030
11018  -38.633  -70.967  7.023 0.2000000030
11019  -39.223  -70.454  6.667 0.4000000060
10249  -38.928  -71.628  6.635 0.3000000119
8625  -38.369  -73.488  6.198 0.2000000030
11020  -39.686  -70.960  6.250 0.4000000060
8624  -37.815  -73.259  6.236 0.1000000015
7899  -38.026  -74.448  5.989 0.1000000015
9468  -39.515  -72.698  5.966 0.3000000119
8645  -37.668  -73.803  5.773 0.1000000015
7900  -38.704  -74.550  5.978 0.2000000030
7911  -37.630  -74.768  5.560 0.1000000015
7146  -37.804  -75.603  5.893 0.1000000015
7160  -36.811  -75.642  4.599 0.1000000015
7161  -37.375  -75.696  5.372 0.1000000015
6436  -36.186  -76.133  4.149 0.1000000015
6424  -37.032  -76.411  5.238 0.1000000015
8626  -39.106  -73.592  5.993 0.2000000030
7136  -38.344  -75.531  6.131 0.2000000030
6408  -36.962  -76.929  5.503 0.1000000015
10262  -40.620  -71.607  5.306 0.2000000030
9469  -40.305  -72.544  5.510 0.3000000119
7901  -39.586  -74.534  5.838 0.2000000030
6394  -37.942  -76.321  6.271 0.2000000030
6409  -37.404  -76.660  5.904 0.1000000015
6435  -35.554  -76.948  3.931 0.1000000015
6423  -36.435  -77.014  4.857 0.1000000015
8646  -39.960  -73.522  5.659 0.3000000119
10275  -41.330  -71.530  4.717 0.2000000030
5726  -37.786  -77.259  6.468 0.1000000015
5752  -35.887  -77.807  4.642 0.1000000015
5753  -36.364  -78.215  5.377 0.1000000015
5088  -37.387  -77.908  6.290 0.1000000015
5766  -35.392  -78.252  4.060 0.1000000015
5100  -36.949  -78.713  5.878 0.1000000015
5115  -35.872  -79.067  4.951 0.1000000015
4510  -36.508  -79.446  5.350 0.1000000015
5101  -37.884  -78.781  5.612 0.1000000015
4512  -37.490  -79.267  5.201 0.1000000015
5102  -38.754  -78.370  5.493 0.1000000015
4560  -35.381  -79.943  3.291 0.1000000015
4529  -36.251  -79.840  4.721 0.1000000015
4530  -36.738  -79.793  4.803 0.1000000015
5117  -37.690  -79.063  4.784 0.1000000015
5136  -37.242  -79.234  3.927 0.1000000015
10250  -39.423  -71.164  6.416 0.3000000119
5736  -37.016  -77.571  5.866 0.1000000015
5134  -35.360  -79.247  3.812 0.1000000015
4548  -35.807  -80.010  4.060 0.1000000015
4531  -37.256  -79.557  4.794 0.1000000015
5148  -35.210  -79.414  3.334 0.1000000015
4550  -36.927  -79.856  4.277 0.1000000015
5103  -39.181  -78.097  5.266 0.2000000030
5782  -38.253  -77.474  2.818 0.1000000015
5792  -37.404  -77.502  1.645 0.1000000015
6451  -38.440  -77.142  2.041 0.2000000030
5802  -36.893  -77.555  0.711 0.1000000015
5769  -38.793  -77.641  3.562 0.2000000030
6462  -37.953  -77.080  1.501 0.2000000030
5783  -39.109  -77.266  2.596 0.1000000015
6472  -37.502  -77.027  0.443 0.1000000015
6463  -38.566  -77.124  1.324 0.2000000030
5793  -39.579  -77.326  1.738 0.1000000015
5756  -40.153  -77.478  4.497 0.2000000030
5770  -39.641  -77.443  3.561 0.1000000015
6473  -38.127  -76.991  0.727 0.1000000015
6475  -39.168  -77.378  0.762 0.1000000015
5757  -41.025  -77.224  4.447 0.2000000030
5784  -40.090  -77.366  2.591 0.1000000015
5805  -39.665  -77.587  0.719 0.1000000015
5771  -40.589  -77.303  3.537 0.1000000015
5794  -40.442  -77.527  1.599 0.1000000015
5740  -41.347  -77.095  5.021 0.2000000030
6437  -41.472  -77.094  3.582 0.2000000030
5785  -41.150  -77.353  2.539 0.1000000015
6425  -41.747  -76.869  4.488 0.2000000030
5806  -40.713  -77.702  0.545 0.1000000015
5755  -39.165  -77.875  4.527 0.1000000015
5768  -38.093  -78.071  3.665 0.1000000015
9429  -37.840  -71.835  7.200 0.1000000015
14167  -37.011  -66.955  10.063 0.1000000015
15051  -34.511  -65.172  10.565 0.1000000015
18697  -33.979  -61.696  11.771 0.2000000030
17721  -33.506  -62.498  11.499 0.1000000015
15050  -33.915  -64.731  11.053 0.1000000015
16787  -33.160  -63.191  10.872 0.1000000015
15889  -33.711  -64.033  11.119 0.1000000015
15890  -33.879  -64.468  10.526 0.1000000015
11012  -38.868  -69.908  7.236 0.2000000030
14178  -37.298  -67.235  9.532 0.1000000015
19748  -34.613  -60.590  11.517 0.2000000030
14177  -36.958  -66.761  9.366 0.1000000015
17702  -33.814  -62.779  12.049 0.1000000015
11011  -38.244  -70.377  7.613 0.1000000015
18771  -37.803  -61.779  7.623 0.1000000015
18753  -38.110  -60.992  8.371 0.1000000015
19809  -38.022  -60.487  9.214 0.1000000015
19751  -37.673  -61.084  11.467 0.1000000015
19808  -37.221  -60.527  8.836 0.1000000015
18773  -39.321  -61.519  8.044 0.1000000015
18754  -39.057  -61.149  8.574 0.1000000015
18734  -39.313  -61.105  9.693 0.1000000015
18718  -39.422  -61.728  10.826 0.1000000015
18772  -38.683  -61.624  7.820 0.1000000015
19791  -38.410  -60.650  10.049 0.1000000015
19771  -38.430  -61.147  10.978 0.1000000015
18683  -38.064  -62.050  12.163 0.1000000015
17782  -38.334  -62.169  7.190 0.1000000015
18719  -40.055  -62.080  10.555 0.1000000015
17783  -39.513  -62.081  7.427 0.1000000015
18755  -39.906  -61.488  8.669 0.1000000015
18735  -40.114  -61.737  9.954 0.1000000015
19792  -38.941  -61.144  10.493 0.1000000015
18701  -39.245  -62.092  11.428 0.1000000015
17805  -38.206  -62.366  6.245 0.1000000015
18792  -37.939  -61.868  5.901 0.1000000015
17773  -41.481  -62.269  8.294 0.1000000015
17772  -40.610  -61.891  8.044 0.1000000015
17755  -40.864  -61.976  9.222 0.1000000015
17784  -40.890  -62.650  7.136 0.1000000015
17793  -39.742  -62.676  6.496 0.1000000015
17806  -38.880  -62.467  6.051 0.1000000015
26552  -38.498  -54.477  2.123 0.1000000015
25463  -39.693  -55.497  1.471 0.1000000015
19851  -38.274  -60.923  5.593 0.1000000015
27528  -38.211  -53.607  3.667 0.1000000015
25436  -37.279  -55.266  2.357 0.1000000015
25461  -37.823  -55.562  2.035 0.1000000015
27565  -39.052  -53.784  2.343 0.1000000015
24367  -41.403  -56.491  1.168 0.1000000015
25462  -38.591  -55.335  1.782 0.1000000015
24366  -40.314  -56.495  1.248 0.1000000015
17756  -41.781  -62.838  9.575 0.1000000015
24365  -39.181  -56.471  1.479 0.1000000015
19770  -37.583  -60.574  10.789 0.1000000015
19750  -36.790  -60.707  11.583 0.1000000015
19790  -37.407  -60.256  9.841 0.1000000015
17790  -37.431  -62.165  6.879 0.1000000015
18733  -38.671  -60.730  9.150 0.1000000015
18699  -37.846  -61.567  11.853 0.1000000015
19752  -38.158  -61.389  11.464 0.1000000015
17792  -38.718  -62.462  6.622 0.1000000015
26574  -38.733  -54.783  1.841 0.1000000015
13401  -38.980  -67.186  -3.407 0.1000000015
14287  -38.478  -66.519  -3.814 0.1000000015
10999  -36.186  -70.304  7.914 0.1000000015
10235  -36.723  -71.252  7.150 0.1000000015
10236  -37.066  -71.474  7.316 0.1000000015
11757  -35.668  -69.919  7.693 0.1000000015
11008  -36.059  -70.428  7.229 0.1000000015
11017  -36.460  -70.955  6.877 0.1000000015
11009  -36.633  -70.820  7.541 0.1000000015
11756  -35.073  -69.428  7.295 0.1000000015
11000  -36.735  -70.329  8.245 0.1000000015
11744  -35.327  -69.436  8.113 0.1000000015
12519  -33.908  -68.512  7.552 0.1000000015
8544  -32.797  -73.327  12.255 0.1000000015
9376  -33.171  -72.321  12.691 0.1000000015
10213  -31.444  -71.819  9.885 0.1000000015
10223  -30.877  -71.710  8.841 0.1000000015
10998  -30.519  -70.723  8.257 0.1000000015
11010  -37.291  -70.817  7.832 0.1000000015
10234  -30.557  -71.286  7.606 0.1000000015
11743  -30.388  -69.899  8.014 0.1000000015
12533  -34.365  -68.913  6.900 0.1000000015
12532  -33.569  -68.421  6.579 0.1000000015
9448  -37.492  -72.471  6.588 0.1000000015
11015  -30.477  -70.360  6.708 0.1000000015
12529  -30.862  -68.997  5.947 0.1000000015
12530  -31.525  -68.291  6.321 0.1000000015
12518  -33.207  -68.023  7.258 0.1000000015
12520  -34.707  -68.946  7.903 0.1000000015
10257  -30.643  -70.822  6.377 0.1000000015
12546  -31.376  -68.870  5.166 0.1000000015
12531  -32.635  -68.013  6.454 0.1000000015
13316  -32.667  -67.797  7.176 0.1000000015
9375  -32.615  -72.689  11.852 0.1000000015
9388  -32.248  -72.536  11.079 0.1000000015
10214  -31.690  -71.923  10.362 0.1000000015
11001  -37.473  -70.128  8.281 0.1000000015
10990  -30.705  -70.829  8.946 0.1000000015
10991  -31.019  -71.105  9.456 0.1000000015
9428  -37.512  -71.965  7.092 0.1000000015
12516  -30.712  -68.799  6.906 0.1000000015
13315  -32.067  -67.680  7.173 0.1000000015
13305  -33.528  -68.107  8.005 0.1000000015
12517  -31.249  -68.095  7.493 0.1000000015
10168  -33.664  -71.148  13.361 0.1000000015
9354  -34.335  -72.134  13.660 0.1000000015
11746  -36.959  -69.719  8.804 0.1000000015
10189  -32.437  -71.599  11.826 0.1000000015
11745  -36.030  -69.720  8.616 0.1000000015
11747  -37.639  -69.521  8.645 0.1000000015
10205  -31.797  -71.576  10.761 0.1000000015
12504  -35.269  -68.989  8.908 0.1000000015
10204  -31.499  -71.197  10.326 0.1000000015
11728  -30.854  -70.353  9.514 0.1000000015
11727  -30.542  -69.889  8.856 0.1000000015
12501  -30.605  -68.845  8.188 0.1000000015
13303  -31.910  -67.586  8.116 0.1000000015
13304  -32.801  -67.717  7.887 0.1000000015
12502  -31.255  -67.988  8.397 0.1000000015
11729  -36.521  -69.192  9.351 0.1000000015
10190  -33.001  -71.139  12.580 0.1000000015
10169  -34.735  -71.114  14.053 0.1000000015
10152  -35.287  -70.733  14.422 0.1000000015
12505  -35.922  -69.160  9.270 0.1000000015
10237  -37.672  -71.351  7.412 0.1000000015
10967  -31.470  -70.588  10.617 0.1000000015
10968  -31.882  -70.526  11.411 0.1000000015
13290  -32.698  -67.620  8.881 0.1000000015
12503  -34.289  -68.396  8.582 0.1000000015
10981  -31.237  -70.811  9.997 0.1000000015
13289  -31.810  -67.586  9.034 0.1000000015
11715  -30.758  -69.657  9.551 0.1000000015
12485  -30.687  -69.024  9.339 0.1000000015
10955  -33.071  -70.270  12.904 0.1000000015
11002  -37.887  -69.821  8.195 0.1000000015
13291  -33.525  -67.870  8.734 0.1000000015
12475  -31.134  -68.632  10.235 0.1000000015
11716  -31.058  -69.832  10.131 0.1000000015
12474  -30.848  -69.261  9.838 0.1000000015
12487  -34.244  -67.937  9.322 0.1000000015
13278  -35.325  -68.049  10.081 0.1000000015
13276  -33.719  -67.441  9.685 0.1000000015
10954  -32.498  -70.364  12.224 0.1000000015
13275  -32.639  -67.289  9.791 0.1000000015
12486  -31.133  -68.220  9.189 0.1000000015
11704  -31.453  -69.571  10.955 0.1000000015
13277  -34.752  -67.722  10.001 0.1000000015
13260  -31.740  -67.645  10.870 0.1000000015
13274  -31.632  -67.483  9.948 0.1000000015
13263  -34.668  -66.959  10.425 0.1000000015
13262  -33.595  -66.753  10.413 0.1000000015
13261  -32.529  -66.851  10.662 0.1000000015
10938  -33.461  -70.034  13.375 0.1000000015
12465  -31.623  -68.498  11.280 0.1000000015
11705  -31.972  -69.390  11.832 0.1000000015
10920  -37.175  -70.477  14.703 0.1000000015
10919  -36.350  -70.228  14.729 0.1000000015
10918  -35.561  -70.114  14.637 0.1000000015
10153  -35.850  -70.832  14.547 0.1000000015
9395  -31.804  -72.369  10.396 0.1000000015
11007  -30.425  -70.520  7.442 0.1000000015
11755  -30.430  -69.637  7.271 0.1000000015
11764  -30.569  -69.612  6.412 0.1000000015
12549  -34.116  -68.749  5.732 0.1000000015
12488  -34.936  -68.322  9.543 0.1000000015
10154  -36.535  -71.079  14.574 0.1000000015
2540  -32.311  -83.800  -6.889 0.1000000015
2033  -32.737  -84.322  -6.455 0.1000000015
4705  -30.877  -79.606  -9.167 0.1000000015
4683  -30.913  -79.699  -8.705 0.1000000015
4113  -31.541  -79.872  -8.763 0.1000000015
4092  -31.979  -80.617  -7.865 0.1000000015
3042  -31.081  -82.541  -7.513 0.1000000015
4134  -31.154  -79.796  -9.965 0.1000000015
4180  -31.503  -80.919  -11.627 0.1000000015
3641  -31.950  -81.548  -12.481 0.1000000015
2517  -32.857  -83.480  -6.414 0.1000000015
2034  -33.278  -83.962  -5.978 0.1000000015
2018  -33.090  -84.624  -5.590 0.1000000015
3020  -32.948  -82.674  -6.235 0.1000000015
3548  -31.517  -81.536  -7.447 0.1000000015
3043  -32.105  -82.674  -6.891 0.1000000015
1615  -32.146  -85.154  -6.463 0.1000000015
3547  -30.560  -81.439  -7.599 0.1000000015
4091  -31.080  -80.573  -7.890 0.1000000015
4135  -32.316  -80.136  -9.953 0.1000000015
3601  -32.417  -81.171  -11.312 0.1000000015
3622  -32.627  -81.747  -11.863 0.1000000015
3125  -32.801  -81.886  -12.474 0.1000000015
4600  -33.145  -80.034  -0.196 0.1000000015
3478  -32.451  -82.188  -1.890 0.1000000015
4000  -32.860  -80.845  -0.537 0.1000000015
2019  -33.818  -83.881  -5.374 0.1000000015
2001  -33.612  -84.257  -4.780 0.1000000015
1979  -33.252  -84.073  -3.812 0.1000000015
2450  -32.989  -83.216  -2.617 0.1000000015
2950  -32.452  -82.704  -2.529 0.1000000015
2933  -32.881  -82.517  -1.799 0.1000000015
2503  -33.872  -83.328  -5.458 0.1000000015
2469  -32.710  -83.639  -3.455 0.1000000015
3021  -33.344  -82.670  -5.821 0.1000000015
2000  -32.682  -84.393  -4.529 0.1000000015
3549  -32.195  -81.363  -7.024 0.1000000015
3530  -32.566  -81.969  -6.459 0.1000000015
4159  -31.731  -80.668  -10.995 0.1000000015
4001  -33.376  -80.690  -0.008 0.1000000015
3461  -32.662  -81.695  -1.200 0.1000000015
2470  -33.713  -83.775  -3.323 0.1000000015
2451  -33.577  -83.303  -2.487 0.1000000015
2951  -33.156  -82.937  -2.158 0.1000000015
1980  -33.681  -84.151  -4.062 0.1000000015
2489  -34.295  -83.634  -4.597 0.1000000015
4114  -32.702  -80.175  -8.760 0.1000000015
4136  -33.518  -80.722  -10.040 0.1000000015
3531  -33.119  -81.884  -5.814 0.1000000015
4014  -32.288  -80.680  -0.983 0.1000000015
3462  -33.405  -82.166  -0.739 0.1000000015
4072  -32.685  -81.194  -6.559 0.1000000015
3460  -32.065  -81.452  -1.612 0.1000000015
2504  -34.176  -83.327  -5.077 0.1000000015
2988  -34.118  -82.517  -4.948 0.1000000015
4609  -31.892  -80.102  -1.162 0.1000000015
4054  -33.464  -81.121  -5.124 0.1000000015
4629  -33.694  -80.395  -4.605 0.1000000015
5216  -33.945  -79.456  -3.993 0.1000000015
2934  -33.733  -82.821  -1.381 0.1000000015
2452  -34.341  -83.220  -2.545 0.1000000015
2471  -34.302  -83.588  -3.795 0.1000000015
3503  -34.067  -81.935  -4.587 0.1000000015
2972  -34.595  -82.631  -3.346 0.1000000015
4041  -33.896  -81.134  -4.454 0.1000000015
4030  -34.061  -80.711  -4.006 0.1000000015
2952  -34.829  -82.451  -2.286 0.1000000015
2434  -34.039  -83.285  -1.995 0.1000000015
2435  -34.287  -83.169  -1.801 0.1000000015
3480  -35.068  -81.613  -1.967 0.1000000015
2989  -34.456  -82.876  -4.454 0.1000000015
5227  -33.729  -79.536  -4.638 0.1000000015
3495  -34.514  -81.878  -3.514 0.1000000015
1981  -34.094  -84.040  -4.394 0.1000000015
2002  -34.077  -83.997  -4.852 0.1000000015
2020  -34.150  -83.735  -4.994 0.1000000015
2488  -32.509  -84.038  -4.066 0.1000000015
2518  -33.474  -83.271  -5.850 0.1000000015
3002  -33.796  -82.760  -5.407 0.1000000015
3003  -34.236  -82.884  -5.011 0.1000000015
3107  -32.857  -81.958  -12.077 0.1000000015
3124  -32.361  -81.728  -12.746 0.1000000015
3447  -32.954  -81.378  -0.669 0.1000000015
3504  -34.464  -82.187  -3.995 0.1000000015
3600  -32.034  -81.029  -11.354 0.1000000015
3621  -31.926  -81.226  -11.676 0.1000000015
3642  -32.428  -81.776  -12.390 0.1000000015
3952  -35.774  -80.407  3.386 0.1000000015
4042  -34.270  -81.502  -4.000 0.1000000015
4197  -31.400  -81.004  -12.208 0.1000000015
4511  -37.129  -79.364  5.369 0.1000000015
4620  -33.877  -80.025  -4.124 0.1000000015
4637  -33.462  -79.924  -5.376 0.1000000015
5099  -36.401  -79.100  5.493 0.1000000015
5119  -38.876  -78.222  5.025 0.1000000015
5133  -35.149  -79.152  3.346 0.1000000015
5135  -36.796  -79.867  3.632 0.1000000015
5147  -34.985  -79.273  2.830 0.1000000015
5252  -38.815  -77.886  -6.853 0.1000000015
5725  -37.401  -77.555  6.256 0.1000000015
5737  -37.393  -77.299  6.182 0.1000000015
5738  -39.760  -77.769  5.329 0.2000000030
5754  -38.607  -78.009  4.114 0.1000000015
5803  -37.545  -77.173  1.010 0.2000000030
5892  -38.964  -77.707  -6.322 0.1000000015
5902  -38.325  -77.093  -7.601 0.1000000015
6410  -41.132  -77.103  5.970 0.3000000119
6413  -43.304  -75.584  5.192 0.4000000060
6422  -35.961  -77.268  4.458 0.1000000015
6450  -37.841  -77.315  2.172 0.2000000030
6452  -38.974  -77.142  1.773 0.2000000030
6464  -39.131  -77.271  1.174 0.1000000015
6474  -38.780  -77.220  0.752 0.1000000015
6501  -41.606  -77.081  -1.158 0.1000000015
6532  -38.803  -76.205  -5.101 0.1000000015
6543  -38.704  -76.587  -5.731 0.1000000015
6544  -38.912  -76.984  -5.399 0.1000000015
6642  -40.602  -77.028  -11.008 0.1000000015
7140  -42.281  -75.500  5.891 0.4000000060
7141  -42.763  -75.512  5.766 0.4000000060
7195  -44.119  -75.054  0.628 0.1000000015
7230  -43.020  -74.973  -2.985 0.1000000015
7238  -38.964  -75.877  -4.753 0.1000000015
7239  -39.520  -75.529  -4.161 0.1000000015
7269  -38.778  -75.387  -6.268 0.1000000015
7270  -39.304  -74.795  -6.492 0.1000000015
7291  -41.173  -74.875  -7.972 0.1000000015
7307  -39.840  -75.518  -8.313 0.1000000015
7312  -44.184  -75.089  -9.709 0.1000000015
7333  -44.204  -75.051  -10.267 0.1000000015
7916  -43.453  -74.852  5.048 0.4000000060
7940  -41.227  -73.877  3.625 0.4000000060
7959  -40.252  -74.044  1.799 0.3000000119
7974  -43.187  -74.371  1.031 0.2000000030
7975  -43.907  -74.335  0.344 0.1000000015
7986  -44.901  -74.286  -1.708 0.2000000030
7987  -45.148  -73.859  -1.595 0.1000000015
7999  -42.497  -74.702  -3.377 0.1000000015
8012  -39.637  -74.939  -4.312 0.1000000015
8031  -38.961  -75.029  -5.625 0.1000000015
8033  -40.212  -74.173  -4.715 0.1000000015
8055  -41.207  -73.911  -6.934 0.1000000015
8073  -40.133  -74.647  -7.228 0.1000000015
8076  -43.072  -74.348  -7.845 0.1000000015
8097  -45.239  -74.207  -9.291 0.1000000015
8115  -44.575  -74.790  -9.851 0.1000000015
8690  -40.349  -73.418  2.764 0.4000000060
8701  -40.222  -73.767  2.294 0.3000000119
8719  -44.088  -74.142  -0.016 0.1000000015
8729  -38.990  -72.974  -0.194 0.4000000060
8741  -41.542  -73.319  -0.965 0.2000000030
8743  -45.311  -73.384  -1.593 0.2000000030
8748  -45.866  -72.991  -2.186 0.2000000030
8753  -42.846  -74.191  -3.661 0.2000000030
8768  -40.812  -74.105  -4.307 0.1000000015
8793  -40.085  -73.989  -5.387 0.1000000015
8824  -44.488  -72.623  -7.104 0.1000000015
8842  -42.074  -73.889  -7.178 0.1000000015
8847  -46.349  -72.592  -8.393 0.1000000015
8888  -45.517  -73.880  -9.614 0.1000000015
9501  -41.899  -71.411  3.741 0.5000000000
9509  -39.870  -72.926  2.421 0.5000000000
9537  -37.923  -71.781  -0.680 0.4000000060
9545  -37.871  -71.629  -1.101 0.4000000060
9547  -39.106  -72.572  -1.175 0.4000000060
9548  -40.126  -72.396  -1.712 0.3000000119
9617  -44.101  -72.281  -6.151 0.1000000015
9618  -44.446  -72.171  -6.501 0.1000000015
9655  -46.769  -72.042  -8.604 0.1000000015
9656  -47.086  -71.693  -8.852 0.1000000015
9682  -46.539  -72.335  -9.370 0.1000000015
9707  -46.219  -72.274  -9.720 0.1000000015
10260  -39.265  -72.179  6.294 0.2000000030
10301  -41.283  -71.147  2.684 0.5000000000
10322  -37.734  -71.321  -0.330 0.4000000060
10327  -37.988  -71.270  -1.527 0.3000000119
10337  -38.051  -70.906  -1.879 0.3000000119
10348  -46.085  -71.809  -3.338 0.1000000015
10376  -44.758  -71.618  -5.722 0.1000000015
10421  -46.720  -71.424  -7.876 0.1000000015
10422  -47.119  -71.210  -8.271 0.1000000015
10440  -47.136  -71.462  -8.617 0.1000000015
10473  -46.128  -72.004  -9.802 0.1000000015
11025  -30.647  -70.378  6.069 0.1000000015
11045  -42.005  -70.696  4.001 0.4000000060
11053  -41.872  -70.306  3.021 0.5000000000
11064  -41.111  -70.890  2.355 0.5000000000
11078  -41.308  -70.359  2.153 0.5000000000
11093  -37.344  -70.526  -0.458 0.4000000060
11099  -36.897  -69.948  -1.260 0.3000000119
11110  -37.935  -70.415  -2.130 0.3000000119
11119  -47.117  -70.187  -2.191 0.1000000015
11143  -46.190  -70.127  -5.241 0.1000000015
11225  -46.235  -70.540  -9.472 0.1000000015
11732  -38.175  -68.921  8.551 0.2000000030
11805  -41.171  -69.446  3.785 0.5000000000
11807  -41.917  -70.359  3.771 0.5000000000
11831  -41.364  -70.105  2.081 0.5000000000
11858  -37.150  -69.954  -1.876 0.4000000060
11860  -46.975  -69.850  -1.920 0.1000000015
11861  -47.203  -69.824  -2.172 0.1000000015
11869  -37.311  -69.549  -2.296 0.3000000119
11880  -47.888  -69.064  -2.982 0.1000000015
11883  -47.183  -70.039  -3.083 0.1000000015
11891  -46.973  -69.815  -3.605 0.1000000015
11901  -46.813  -69.601  -4.620 0.1000000015
11921  -46.835  -69.629  -5.723 0.1000000015
11949  -46.986  -69.813  -6.652 0.1000000015
11974  -47.001  -69.360  -9.136 0.1000000015
11991  -46.108  -70.141  -9.226 0.1000000015
11993  -47.153  -70.052  -9.377 0.1000000015
12492  -37.950  -68.566  8.746 0.1000000015
12587  -41.427  -69.349  3.003 0.5000000000
12591  -40.573  -68.426  1.820 0.6000000238
12605  -36.769  -69.186  -0.466 0.4000000060
12611  -47.207  -69.496  -2.245 0.1000000015
12632  -47.675  -68.983  -2.672 0.1000000015
12644  -48.854  -68.472  -3.590 0.1000000015
12645  -49.152  -68.168  -3.341 0.1000000015
12650  -48.939  -68.411  -4.231 0.1000000015
12651  -49.373  -68.065  -3.777 0.1000000015
12659  -49.454  -67.918  -4.560 0.1000000015
12676  -48.050  -68.816  -6.109 0.1000000015
13319  -38.594  -68.250  6.993 0.4000000060
13355  -40.383  -68.167  2.483 0.6000000238
13375  -36.029  -67.841  -0.484 0.5000000000
13387  -36.051  -67.450  -2.430 0.3000000119
13388  -36.607  -67.558  -2.792 0.3000000119
13397  -49.023  -68.091  -3.076 0.1000000015
13412  -49.440  -67.776  -3.358 0.1000000015
13442  -50.813  -66.458  -5.399 0.1000000015
14168  -37.285  -67.289  9.891 0.1000000015
14264  -34.747  -65.605  -1.054 0.4000000060
14271  -34.975  -65.765  -1.397 0.3000000119
14285  -36.779  -66.459  -3.297 0.2000000030
14296  -48.022  -67.073  -3.095 0.1000000015
14297  -48.995  -67.228  -3.111 0.1000000015
14312  -50.533  -66.490  -4.619 0.1000000015
14320  -51.047  -66.106  -5.178 0.1000000015
14335  -51.070  -66.244  -5.834 0.1000000015
14352  -51.398  -65.697  -6.113 0.1000000015
15116  -33.630  -64.900  4.721 0.5000000000
15141  -36.915  -64.911  1.337 0.4000000060
15143  -38.124  -65.529  1.571 0.4000000060
15160  -37.192  -65.493  0.969 0.4000000060
15178  -35.027  -65.679  -0.283 0.4000000060
15191  -36.447  -66.170  -3.179 0.3000000119
15234  -50.146  -65.398  -4.903 0.1000000015
15235  -51.013  -65.584  -5.221 0.1000000015
15236  -51.430  -65.307  -5.627 0.1000000015
15243  -51.566  -65.246  -6.033 0.1000000015
15253  -51.445  -65.262  -6.671 0.1000000015
15967  -34.933  -64.502  4.045 0.5000000000
15981  -37.062  -64.383  2.272 0.5000000000
15982  -37.470  -64.593  1.910 0.5000000000
15992  -36.031  -64.303  1.452 0.4000000060
15993  -36.713  -64.508  1.571 0.4000000060
16098  -51.315  -64.820  -5.696 0.1000000015
16122  -51.318  -64.869  -7.403 0.1000000015
16139  -51.177  -64.338  -8.049 0.1000000015
16140  -51.473  -64.328  -7.435 0.1000000015
16213  -41.955  -63.818  -12.794 0.1000000015
16214  -42.725  -64.140  -12.643 0.1000000015
16839  -31.794  -63.488  5.948 0.3000000119
16874  -32.901  -63.349  4.394 0.4000000060
16890  -36.584  -64.112  2.591 0.5000000000
16908  -35.027  -63.602  1.389 0.3000000119
16909  -35.601  -63.835  1.606 0.3000000119
16925  -34.241  -63.000  0.588 0.3000000119
17010  -37.765  -63.881  -5.883 0.1000000015
17016  -51.418  -64.365  -6.121 0.1000000015
17037  -51.291  -63.890  -6.401 0.1000000015
17045  -51.568  -64.100  -7.146 0.1000000015
17062  -51.404  -63.892  -7.644 0.1000000015
17075  -50.827  -63.489  -9.223 0.1000000015
17100  -43.421  -63.043  -11.798 0.1000000015
17118  -49.795  -63.074  -12.284 0.1000000015
17778  -31.704  -62.244  7.585 0.3000000119
17780  -37.354  -62.169  7.073 0.1000000015
17781  -37.612  -62.178  7.099 0.1000000015
17791  -37.881  -62.274  6.649 0.1000000015
17866  -34.971  -62.968  2.213 0.3000000119
17888  -34.722  -63.111  1.457 0.3000000119
17910  -34.387  -62.992  0.983 0.3000000119
17911  -41.251  -62.728  -0.447 0.1000000015
18000  -36.340  -62.908  -5.674 0.1000000015
18007  -36.797  -62.611  -6.502 0.1000000015
18008  -37.609  -62.560  -7.081 0.1000000015
18020  -51.380  -63.783  -6.725 0.1000000015
18033  -51.416  -63.661  -7.152 0.1000000015
18048  -49.937  -62.161  -8.999 0.1000000015
18061  -49.422  -62.318  -9.648 0.1000000015
18072  -48.173  -62.174  -10.532 0.1000000015
18089  -49.466  -62.676  -11.549 0.1000000015
18098  -43.839  -63.083  -11.989 0.1000000015
18102  -49.163  -62.446  -12.453 0.1000000015
18113  -47.139  -62.616  -13.430 0.1000000015
18700  -38.670  -61.793  11.555 0.1000000015
18717  -38.879  -61.488  11.058 0.1000000015
18780  -37.243  -61.817  6.525 0.2000000030
18781  -37.814  -62.166  6.294 0.1000000015
18909  -33.762  -61.498  -0.184 0.3000000119
18935  -39.172  -61.121  -1.940 0.1000000015
18960  -39.553  -61.035  -2.374 0.1000000015
19000  -47.695  -60.842  -5.686 0.1000000015
19001  -48.298  -61.028  -5.876 0.1000000015
19011  -37.017  -61.979  -7.158 0.1000000015
19048  -49.949  -61.910  -8.206 0.1000000015
19079  -45.712  -60.779  -9.712 0.1000000015
19092  -42.184  -61.332  -11.442 0.1000000015
19095  -46.488  -60.756  -11.255 0.1000000015
19107  -40.721  -60.932  -12.648 0.1000000015
19108  -44.750  -61.510  -12.308 0.1000000015
19112  -48.127  -61.658  -12.500 0.1000000015
19124  -40.674  -60.082  -13.568 0.1000000015
19127  -47.195  -61.593  -13.237 0.1000000015
19128  -47.906  -61.522  -13.145 0.1000000015
19129  -48.140  -61.575  -12.885 0.1000000015
19768  -35.964  -59.964  10.890 0.3000000119
19772  -38.928  -61.368  10.837 0.1000000015
19803  -32.672  -60.928  7.848 0.3000000119
19837  -31.847  -60.289  6.355 0.3000000119
19847  -31.747  -60.265  5.802 0.3000000119
19975  -38.936  -60.855  -1.995 0.1000000015
20002  -38.738  -60.420  -2.410 0.1000000015
20003  -39.293  -60.759  -2.584 0.1000000015
20047  -34.659  -60.530  -4.703 0.1000000015
20065  -48.277  -60.178  -6.284 0.1000000015
20075  -37.199  -60.504  -7.740 0.1000000015
20085  -49.273  -61.187  -6.635 0.1000000015
20088  -37.406  -59.963  -7.942 0.1000000015
20092  -46.937  -60.419  -8.007 0.1000000015
20112  -45.567  -60.396  -8.993 0.1000000015
20136  -46.000  -60.184  -10.939 0.1000000015
20161  -40.654  -59.539  -12.157 0.1000000015
20165  -43.686  -60.602  -11.720 0.1000000015
20188  -40.567  -59.513  -12.612 0.1000000015
20193  -47.063  -60.832  -12.692 0.1000000015
20212  -40.629  -59.571  -13.419 0.1000000015
20215  -46.871  -60.913  -13.035 0.1000000015
20833  -35.151  -60.067  11.210 0.3000000119
20841  -36.014  -59.878  10.644 0.2000000030
20855  -35.515  -59.710  9.918 0.3000000119
20899  -32.073  -59.991  6.468 0.3000000119
21089  -39.010  -59.818  -4.100 0.1000000015
21103  -38.973  -59.175  -4.636 0.1000000015
21104  -39.404  -59.144  -4.409 0.1000000015
21125  -47.272  -59.748  -5.645 0.1000000015
21142  -47.582  -59.628  -5.940 0.1000000015
21165  -37.548  -59.743  -8.025 0.1000000015
21169  -44.925  -59.057  -8.526 0.1000000015
21223  -45.656  -58.601  -11.340 0.1000000015
21239  -40.415  -58.515  -12.607 0.1000000015
21951  -34.117  -59.163  7.180 0.3000000119
21992  -37.077  -59.337  5.866 0.2000000030
21993  -37.388  -59.319  5.868 0.2000000030
22171  -35.177  -57.897  -2.680 0.2000000030
22172  -36.635  -58.157  -2.790 0.2000000030
22228  -38.273  -58.256  -5.275 0.1000000015
22260  -36.772  -59.229  -7.362 0.1000000015
22315  -42.058  -58.490  -10.823 0.1000000015
22316  -44.784  -58.124  -10.269 0.1000000015
22325  -42.545  -58.453  -11.024 0.1000000015
22327  -45.681  -58.218  -11.753 0.1000000015
22328  -45.760  -58.671  -11.952 0.1000000015
22345  -45.635  -58.711  -12.130 0.1000000015
23260  -34.403  -57.623  -1.460 0.1000000015
23298  -36.805  -58.074  -2.484 0.2000000030
23299  -39.494  -57.552  -2.930 0.1000000015
23301  -40.648  -57.874  -2.107 0.1000000015
23445  -41.223  -57.385  -10.811 0.1000000015
23464  -40.295  -56.467  -11.659 0.1000000015
23466  -40.765  -57.504  -11.110 0.1000000015
23483  -40.129  -56.955  -12.305 0.1000000015
23485  -45.251  -57.845  -12.096 0.1000000015
23486  -45.570  -57.992  -12.011 0.1000000015
23491  -40.377  -57.073  -13.167 0.1000000015
23492  -40.653  -57.482  -13.650 0.1000000015
24280  -33.248  -57.236  5.882 0.3000000119
24415  -35.040  -56.611  -0.488 0.1000000015
24437  -35.912  -56.730  -1.094 0.1000000015
24439  -40.192  -56.704  -1.762 0.1000000015
24468  -38.889  -56.314  -2.714 0.1000000015
24486  -39.076  -57.045  -3.005 0.1000000015
24638  -40.329  -56.239  -11.511 0.1000000015
24640  -43.349  -56.878  -11.202 0.1000000015
24641  -43.959  -56.467  -11.303 0.1000000015
24642  -44.261  -56.296  -11.074 0.1000000015
24655  -40.119  -56.122  -12.255 0.1000000015
24669  -40.583  -56.248  -13.561 0.1000000015
25395  -33.767  -55.952  5.209 0.2000000030
25523  -39.663  -55.890  -1.786 0.1000000015
25738  -40.133  -55.560  -11.383 0.1000000015
25741  -44.141  -55.895  -10.922 0.1000000015
25759  -39.929  -55.487  -12.030 0.1000000015
26860  -40.184  -54.757  -13.159 0.1000000015
26861  -40.556  -54.295  -13.742 0.1000000015
27542  -38.050  -53.718  3.215 0.2000000030
27563  -37.780  -53.909  3.017 0.2000000030
27593  -39.204  -54.103  1.932 0.1000000015
28938  -42.115  -52.862  -14.471 0.1000000015
29920  -40.288  -51.929  -13.037 0.1000000015
