#!ascii label  , from subject sub-THP0005 vox2ras=TkReg
498
9484  -41.527  -72.292  4.440 0.0000000000
13407  -45.021  -67.962  -2.766 0.0000000000
11838  -37.397  -69.484  0.022 0.0000000000
8716  -42.285  -74.019  0.432 0.0000000000
14288  -39.495  -66.534  -4.051 0.0000000000
12566  -39.023  -69.153  4.637 0.0000000000
16898  -36.473  -64.047  2.199 0.0000000000
18807  -32.418  -61.292  4.342 0.0000000000
13379  -35.637  -67.381  -1.835 0.0000000000
11109  -37.385  -70.131  -1.980 0.0000000000
16067  -37.264  -65.031  -4.292 0.0000000000
14232  -37.566  -66.257  3.185 0.0000000000
15118  -35.173  -65.336  4.292 0.0000000000
23155  -32.910  -57.666  3.428 0.0000000000
20948  -33.534  -59.879  2.438 0.0000000000
6412  -42.808  -75.973  5.518 0.0000000000
10330  -43.773  -71.818  -2.136 0.0000000000
7976  -44.164  -74.505  0.132 0.0000000000
10333  -46.040  -71.549  -1.710 0.0000000000
10300  -40.601  -71.406  2.363 0.0000000000
7950  -41.047  -74.021  3.258 0.0000000000
10340  -40.684  -71.276  -2.281 0.0000000000
12640  -42.098  -68.282  -3.246 0.0000000000
13359  -40.196  -67.865  2.088 0.0000000000
14254  -37.806  -66.701  0.664 0.0000000000
15157  -34.721  -64.808  -0.003 0.0000000000
15936  -32.215  -64.298  5.970 0.0000000000
17843  -34.086  -62.604  3.503 0.0000000000
17909  -34.119  -62.511  0.792 0.0000000000
18959  -34.136  -60.626  -2.311 0.0000000000
7181  -43.688  -75.503  2.207 0.0000000000
18013  -45.262  -61.947  -6.519 0.0000000000
15231  -46.609  -65.230  -5.082 0.0000000000
14311  -49.806  -66.926  -3.793 0.0000000000
16059  -35.441  -64.443  -2.644 0.0000000000
14282  -36.336  -66.741  -2.894 0.0000000000
8649  -42.407  -73.932  5.170 0.0000000000
11116  -44.473  -70.674  -2.243 0.0000000000
10332  -45.304  -71.705  -1.752 0.0000000000
11877  -45.819  -69.741  -1.916 0.0000000000
11104  -46.705  -70.622  -1.853 0.0000000000
13394  -46.723  -68.366  -2.489 0.0000000000
11087  -39.345  -70.372  1.052 0.0000000000
10319  -38.125  -71.455  0.333 0.0000000000
13390  -38.438  -67.867  -3.146 0.0000000000
11111  -39.011  -70.462  -2.431 0.0000000000
12624  -40.192  -68.462  -3.026 0.0000000000
12625  -41.395  -68.825  -2.897 0.0000000000
13403  -40.890  -67.441  -3.625 0.0000000000
12582  -41.245  -69.215  3.304 0.0000000000
12580  -39.392  -68.626  3.661 0.0000000000
15128  -37.491  -65.284  2.843 0.0000000000
14237  -38.547  -65.944  1.869 0.0000000000
15142  -37.469  -65.095  1.466 0.0000000000
14252  -35.997  -66.111  0.288 0.0000000000
16013  -35.540  -64.393  0.969 0.0000000000
17804  -31.866  -62.524  5.154 0.0000000000
15965  -33.258  -63.910  4.317 0.0000000000
18808  -33.038  -61.769  4.038 0.0000000000
20992  -33.395  -59.950  0.695 0.0000000000
19898  -33.938  -61.127  1.776 0.0000000000
19950  -33.548  -60.544  -0.049 0.0000000000
18910  -33.936  -61.743  -0.755 0.0000000000
7972  -41.574  -74.326  1.257 0.0000000000
7952  -42.747  -74.776  2.650 0.0000000000
7962  -43.103  -74.614  1.567 0.0000000000
7203  -43.688  -75.798  -0.150 0.0000000000
20049  -46.317  -59.937  -5.454 0.0000000000
16113  -45.806  -63.911  -6.226 0.0000000000
17012  -48.822  -63.893  -5.821 0.0000000000
12604  -36.170  -68.564  -0.969 0.0000000000
11092  -36.943  -70.130  -0.937 0.0000000000
12610  -36.387  -68.845  -1.889 0.0000000000
13389  -37.444  -67.630  -3.083 0.0000000000
14287  -38.478  -66.519  -3.814 0.0000000000
12579  -38.283  -68.539  4.155 0.0000000000
14231  -36.186  -66.372  4.055 0.0000000000
15976  -35.807  -64.459  3.617 0.0000000000
20938  -32.681  -59.456  3.976 0.0000000000
19872  -33.432  -60.540  3.226 0.0000000000
22046  -33.263  -58.877  2.426 0.0000000000
23187  -33.221  -57.976  1.444 0.0000000000
23234  -34.279  -57.141  -0.617 0.0000000000
9540  -43.249  -72.951  -1.108 0.0000000000
8703  -43.683  -74.321  0.539 0.0000000000
9541  -43.816  -73.064  -1.038 0.0000000000
8736  -44.917  -73.535  -1.216 0.0000000000
7992  -45.141  -74.034  -1.988 0.0000000000
8757  -45.850  -72.873  -2.687 0.0000000000
10349  -46.497  -71.555  -2.703 0.0000000000
11884  -47.523  -69.512  -3.163 0.0000000000
9500  -41.596  -71.966  3.779 0.0000000000
7927  -41.963  -73.666  4.494 0.0000000000
8700  -39.792  -73.510  1.783 0.0000000000
8731  -40.757  -73.690  -0.371 0.0000000000
9546  -38.255  -72.018  -1.136 0.0000000000
8739  -39.794  -72.943  -1.208 0.0000000000
9549  -41.308  -72.738  -1.620 0.0000000000
10341  -41.734  -71.388  -2.316 0.0000000000
11874  -42.902  -69.809  -2.603 0.0000000000
13406  -43.835  -67.848  -3.371 0.0000000000
11054  -41.985  -70.559  3.574 0.0000000000
11830  -40.960  -69.560  1.718 0.0000000000
12599  -39.135  -68.499  0.703 0.0000000000
13354  -39.778  -67.604  2.407 0.0000000000
13357  -39.035  -66.750  1.377 0.0000000000
12598  -37.923  -68.420  0.417 0.0000000000
13367  -36.273  -67.286  0.049 0.0000000000
14265  -34.970  -66.174  -0.758 0.0000000000
16058  -34.994  -63.964  -2.132 0.0000000000
15105  -33.313  -65.053  5.237 0.0000000000
16876  -34.412  -63.861  3.869 0.0000000000
17845  -35.368  -63.280  2.799 0.0000000000
19880  -33.815  -60.812  2.493 0.0000000000
18832  -34.536  -62.304  2.330 0.0000000000
17889  -35.189  -63.367  1.777 0.0000000000
16948  -34.116  -63.056  0.016 0.0000000000
16965  -34.316  -62.985  -1.060 0.0000000000
7929  -43.235  -74.791  4.408 0.0000000000
7162  -43.476  -75.444  4.002 0.0000000000
7188  -43.998  -75.012  0.985 0.0000000000
6465  -43.088  -76.580  1.280 0.0000000000
15207  -41.697  -65.817  -4.960 0.0000000000
14305  -43.070  -66.452  -4.398 0.0000000000
14293  -44.551  -67.147  -3.613 0.0000000000
15230  -45.473  -65.226  -5.175 0.0000000000
14294  -45.706  -67.078  -3.334 0.0000000000
13409  -47.327  -67.711  -2.816 0.0000000000
13411  -49.032  -67.770  -3.009 0.0000000000
16065  -35.998  -64.583  -3.447 0.0000000000
7914  -42.283  -74.242  5.455 0.0000000000
12628  -44.369  -69.079  -2.509 0.0000000000
11117  -45.291  -70.391  -2.007 0.0000000000
12629  -45.264  -68.817  -2.331 0.0000000000
12630  -46.219  -68.950  -2.108 0.0000000000
13393  -45.806  -68.332  -2.442 0.0000000000
11839  -38.369  -69.517  0.560 0.0000000000
11086  -38.702  -70.555  0.825 0.0000000000
11085  -37.888  -70.428  0.268 0.0000000000
13391  -39.305  -67.901  -3.160 0.0000000000
12623  -38.947  -68.679  -2.952 0.0000000000
13402  -39.995  -67.392  -3.408 0.0000000000
12552  -39.013  -69.203  5.841 0.0000000000
11789  -39.642  -69.599  4.944 0.0000000000
12567  -39.841  -69.214  4.166 0.0000000000
15132  -37.169  -64.766  2.785 0.0000000000
15133  -37.670  -64.868  2.262 0.0000000000
15994  -37.232  -64.572  1.779 0.0000000000
16014  -36.205  -64.578  1.222 0.0000000000
16910  -36.161  -64.101  1.803 0.0000000000
19863  -31.787  -60.522  5.225 0.0000000000
18790  -31.636  -60.992  5.643 0.0000000000
18806  -31.814  -61.160  5.032 0.0000000000
17803  -31.576  -61.965  5.756 0.0000000000
17824  -31.918  -61.885  4.899 0.0000000000
17825  -32.472  -62.400  4.526 0.0000000000
21015  -33.511  -59.581  -0.214 0.0000000000
19973  -33.700  -60.243  -0.788 0.0000000000
21038  -34.006  -59.048  -1.764 0.0000000000
7973  -42.650  -74.348  1.137 0.0000000000
17033  -47.513  -63.138  -6.119 0.0000000000
16095  -48.544  -64.346  -5.555 0.0000000000
17034  -48.633  -63.409  -6.032 0.0000000000
12603  -35.775  -67.903  -1.422 0.0000000000
12609  -35.997  -68.166  -2.001 0.0000000000
15194  -36.808  -65.710  -3.646 0.0000000000
14283  -36.909  -67.005  -3.148 0.0000000000
14286  -37.493  -66.591  -3.506 0.0000000000
13400  -38.157  -67.160  -3.395 0.0000000000
15195  -37.931  -65.639  -4.225 0.0000000000
15126  -35.806  -65.357  3.948 0.0000000000
15968  -35.451  -64.897  4.026 0.0000000000
22027  -32.626  -58.523  4.129 0.0000000000
22028  -33.034  -58.660  3.319 0.0000000000
23175  -33.129  -57.950  2.584 0.0000000000
23217  -33.590  -57.619  0.068 0.0000000000
6426  -42.562  -76.400  4.612 0.0000000000
9551  -43.568  -72.412  -1.692 0.0000000000
9543  -44.753  -73.357  -1.156 0.0000000000
9553  -45.354  -72.675  -1.582 0.0000000000
9561  -45.728  -73.028  -1.864 0.0000000000
8747  -45.437  -73.533  -2.244 0.0000000000
11105  -47.063  -70.134  -1.973 0.0000000000
11118  -46.839  -70.771  -2.346 0.0000000000
11124  -47.178  -70.128  -2.683 0.0000000000
11123  -46.802  -70.602  -3.092 0.0000000000
11879  -47.357  -69.584  -2.588 0.0000000000
10288  -41.110  -71.760  3.105 0.0000000000
9499  -40.909  -72.664  3.495 0.0000000000
8714  -40.019  -73.867  0.529 0.0000000000
8730  -39.587  -73.287  -0.496 0.0000000000
11100  -37.335  -70.429  -1.471 0.0000000000
10326  -37.592  -71.228  -0.949 0.0000000000
11101  -37.802  -70.779  -1.774 0.0000000000
10329  -39.395  -72.076  -1.702 0.0000000000
9557  -40.366  -71.787  -2.057 0.0000000000
8740  -40.499  -73.190  -1.165 0.0000000000
9558  -41.048  -71.997  -2.058 0.0000000000
9559  -42.081  -72.225  -2.007 0.0000000000
11873  -41.833  -69.699  -2.602 0.0000000000
12626  -42.454  -69.015  -2.848 0.0000000000
12627  -43.461  -69.106  -2.731 0.0000000000
12641  -43.113  -68.453  -3.175 0.0000000000
12586  -41.012  -68.809  2.711 0.0000000000
11819  -41.477  -69.648  2.543 0.0000000000
11818  -41.072  -69.068  2.165 0.0000000000
11829  -40.166  -69.085  1.017 0.0000000000
12590  -39.928  -68.132  1.148 0.0000000000
13348  -38.728  -67.501  3.077 0.0000000000
14241  -38.098  -66.063  1.093 0.0000000000
13369  -38.461  -67.282  0.716 0.0000000000
13368  -37.392  -67.383  0.438 0.0000000000
15158  -35.284  -65.267  0.252 0.0000000000
14251  -35.336  -65.997  -0.125 0.0000000000
15177  -34.728  -65.156  -0.593 0.0000000000
15186  -34.837  -65.134  -1.396 0.0000000000
16050  -34.722  -64.172  -1.340 0.0000000000
15104  -32.754  -64.691  5.473 0.0000000000
16875  -33.725  -63.428  3.961 0.0000000000
15966  -33.757  -64.410  4.324 0.0000000000
16887  -34.463  -63.259  3.588 0.0000000000
16888  -35.212  -63.688  3.526 0.0000000000
17844  -34.807  -62.801  3.048 0.0000000000
19923  -33.676  -61.060  0.861 0.0000000000
18855  -34.143  -61.957  1.487 0.0000000000
18856  -34.572  -62.567  1.752 0.0000000000
17887  -34.370  -62.627  1.295 0.0000000000
16926  -34.646  -63.669  0.779 0.0000000000
16947  -34.110  -62.723  0.383 0.0000000000
17952  -34.079  -62.035  -1.131 0.0000000000
17973  -34.310  -61.977  -2.119 0.0000000000
16982  -34.662  -63.197  -2.037 0.0000000000
7941  -41.648  -74.019  3.900 0.0000000000
7928  -42.514  -74.179  4.462 0.0000000000
7942  -42.562  -74.589  3.677 0.0000000000
7173  -43.509  -75.548  2.933 0.0000000000
7943  -43.216  -75.084  3.345 0.0000000000
6439  -43.177  -76.135  3.529 0.0000000000
6455  -43.567  -76.034  2.191 0.0000000000
8718  -43.903  -74.032  0.107 0.0000000000
7964  -44.033  -74.816  0.698 0.0000000000
6477  -42.693  -76.621  0.285 0.0000000000
6478  -43.454  -76.179  0.488 0.0000000000
14303  -41.087  -66.333  -4.514 0.0000000000
15226  -41.362  -65.276  -5.474 0.0000000000
15209  -43.720  -65.839  -4.801 0.0000000000
14292  -43.462  -67.155  -3.942 0.0000000000
14306  -44.134  -66.503  -4.288 0.0000000000
16093  -46.165  -64.623  -5.712 0.0000000000
15211  -45.915  -65.802  -4.511 0.0000000000
14307  -45.230  -66.432  -4.019 0.0000000000
14308  -46.396  -66.415  -3.839 0.0000000000
14295  -46.887  -67.045  -3.217 0.0000000000
15212  -47.095  -65.776  -4.337 0.0000000000
15214  -49.497  -65.999  -4.226 0.0000000000
14310  -48.775  -66.531  -3.551 0.0000000000
14298  -49.373  -67.462  -3.296 0.0000000000
14272  -35.362  -66.396  -1.741 0.0000000000
14281  -35.809  -66.755  -2.366 0.0000000000
15190  -35.929  -65.721  -2.844 0.0000000000
15193  -36.328  -65.171  -3.488 0.0000000000
16066  -36.578  -64.667  -4.069 0.0000000000
24337  -33.489  -56.688  2.375 0.0000000000
7150  -43.232  -75.221  5.449 0.0000000000
10343  -43.862  -71.309  -2.269 0.0000000000
10331  -44.458  -71.683  -2.000 0.0000000000
11102  -45.147  -71.044  -1.946 0.0000000000
11103  -45.883  -70.730  -1.725 0.0000000000
9554  -46.094  -72.048  -1.746 0.0000000000
11859  -46.453  -70.105  -1.780 0.0000000000
11878  -46.542  -69.547  -1.899 0.0000000000
12631  -47.031  -69.085  -2.215 0.0000000000
10312  -40.337  -70.942  1.837 0.0000000000
11075  -39.305  -70.862  1.230 0.0000000000
10310  -38.847  -71.544  1.101 0.0000000000
9529  -38.630  -72.268  0.671 0.0000000000
11870  -38.411  -69.585  -2.632 0.0000000000
11871  -39.556  -69.555  -2.745 0.0000000000
11112  -40.128  -70.488  -2.513 0.0000000000
11113  -41.236  -70.501  -2.474 0.0000000000
11872  -40.714  -69.580  -2.690 0.0000000000
12639  -41.143  -68.056  -3.272 0.0000000000
13404  -41.785  -67.587  -3.647 0.0000000000
12581  -40.532  -68.872  3.505 0.0000000000
13350  -40.548  -68.417  2.937 0.0000000000
14233  -38.486  -66.342  2.545 0.0000000000
14236  -38.087  -65.561  2.475 0.0000000000
15134  -38.104  -65.276  1.913 0.0000000000
14240  -37.525  -65.661  0.985 0.0000000000
14253  -37.120  -66.210  0.639 0.0000000000
15159  -36.513  -65.148  0.935 0.0000000000
16012  -34.870  -64.480  0.385 0.0000000000
16854  -31.700  -62.889  5.677 0.0000000000
16855  -32.152  -63.369  5.152 0.0000000000
15952  -32.869  -64.291  4.875 0.0000000000
17826  -33.356  -62.512  4.011 0.0000000000
22065  -33.323  -59.300  1.513 0.0000000000
20965  -33.651  -60.334  1.626 0.0000000000
18882  -33.859  -61.890  0.631 0.0000000000
17930  -33.948  -62.340  0.185 0.0000000000
18933  -33.728  -60.858  -0.559 0.0000000000
18934  -33.928  -61.130  -1.190 0.0000000000
7951  -41.775  -74.519  3.010 0.0000000000
7961  -42.107  -74.603  1.979 0.0000000000
7953  -43.445  -75.127  2.160 0.0000000000
7204  -44.178  -75.144  -0.336 0.0000000000
19014  -46.133  -60.889  -5.817 0.0000000000
18014  -46.284  -62.064  -6.185 0.0000000000
17031  -45.517  -63.001  -6.490 0.0000000000
17032  -46.525  -63.046  -6.256 0.0000000000
16114  -46.840  -63.918  -6.098 0.0000000000
16094  -47.275  -64.564  -5.591 0.0000000000
15233  -49.037  -65.221  -4.830 0.0000000000
11849  -36.988  -69.806  -0.546 0.0000000000
11848  -36.674  -69.578  -0.965 0.0000000000
11857  -36.793  -69.533  -1.623 0.0000000000
11868  -36.726  -69.166  -2.138 0.0000000000
12620  -36.325  -67.933  -2.445 0.0000000000
12621  -36.778  -68.476  -2.497 0.0000000000
12622  -37.852  -68.665  -2.859 0.0000000000
13401  -38.980  -67.186  -3.407 0.0000000000
13347  -37.193  -67.606  4.172 0.0000000000
13346  -36.359  -67.159  4.544 0.0000000000
15127  -36.652  -65.269  3.318 0.0000000000
15977  -36.653  -64.352  3.002 0.0000000000
20929  -32.257  -59.322  4.727 0.0000000000
19864  -32.168  -60.289  4.580 0.0000000000
19871  -32.832  -60.378  3.859 0.0000000000
20939  -33.210  -59.609  3.244 0.0000000000
22097  -33.339  -58.822  0.479 0.0000000000
22116  -33.599  -58.612  -0.495 0.0000000000
23233  -33.871  -57.883  -0.898 0.0000000000
8742  -42.232  -73.326  -0.747 0.0000000000
8717  -43.309  -74.070  0.444 0.0000000000
8733  -42.934  -73.435  -0.464 0.0000000000
8734  -43.863  -73.578  -0.361 0.0000000000
8735  -44.385  -73.822  -0.533 0.0000000000
7212  -44.370  -74.900  -1.640 0.0000000000
10344  -46.452  -71.502  -2.010 0.0000000000
9567  -46.140  -72.272  -2.878 0.0000000000
9566  -45.535  -72.392  -3.629 0.0000000000
10362  -46.284  -71.200  -3.446 0.0000000000
10361  -45.657  -71.424  -4.131 0.0000000000
8668  -41.819  -73.247  4.686 0.0000000000
8682  -41.418  -73.061  4.195 0.0000000000
8681  -41.053  -73.532  3.605 0.0000000000
8689  -39.942  -73.323  2.345 0.0000000000
7960  -40.748  -74.206  2.218 0.0000000000
7971  -40.521  -74.114  1.344 0.0000000000
8715  -41.157  -74.040  0.470 0.0000000000
10318  -37.700  -70.962  -0.005 0.0000000000
10323  -37.962  -71.807  -0.219 0.0000000000
10338  -38.541  -71.081  -2.002 0.0000000000
10328  -38.789  -71.782  -1.657 0.0000000000
8732  -41.842  -73.668  -0.276 0.0000000000
9550  -42.497  -72.865  -1.316 0.0000000000
9560  -42.817  -72.334  -1.873 0.0000000000
10342  -42.982  -71.639  -2.271 0.0000000000
11114  -42.353  -70.611  -2.485 0.0000000000
11115  -43.429  -70.647  -2.444 0.0000000000
11875  -43.923  -69.836  -2.473 0.0000000000
12642  -44.068  -68.493  -2.849 0.0000000000
9485  -41.870  -71.584  4.015 0.0000000000
10289  -41.815  -71.114  3.249 0.0000000000
11065  -41.479  -70.503  2.473 0.0000000000
11806  -41.730  -69.844  3.481 0.0000000000
11077  -40.955  -70.515  1.984 0.0000000000
11076  -40.070  -70.343  1.323 0.0000000000
11840  -39.323  -69.726  0.856 0.0000000000
13349  -39.974  -68.117  3.028 0.0000000000
13353  -39.186  -66.818  2.171 0.0000000000
13358  -39.789  -67.530  1.707 0.0000000000
13370  -39.373  -67.554  1.034 0.0000000000
12597  -36.813  -68.379  -0.004 0.0000000000
12596  -36.288  -68.045  -0.310 0.0000000000
13374  -35.521  -67.371  -0.867 0.0000000000
13366  -35.569  -66.623  -0.236 0.0000000000
15187  -35.249  -65.357  -1.980 0.0000000000
16051  -35.043  -64.622  -1.892 0.0000000000
15953  -33.370  -64.683  4.775 0.0000000000
15975  -35.339  -64.188  3.767 0.0000000000
16889  -36.065  -63.756  2.831 0.0000000000
18815  -33.085  -61.112  3.758 0.0000000000
18816  -33.746  -61.592  3.361 0.0000000000
18817  -34.335  -62.132  2.965 0.0000000000
18831  -34.207  -61.586  2.422 0.0000000000
17867  -35.572  -63.443  2.236 0.0000000000
16897  -36.003  -63.792  2.133 0.0000000000
16927  -35.176  -63.896  1.200 0.0000000000
16036  -34.488  -64.081  -0.259 0.0000000000
17931  -33.999  -62.287  -0.497 0.0000000000
17974  -34.710  -62.622  -2.730 0.0000000000
8669  -42.324  -73.764  4.891 0.0000000000
7915  -42.942  -74.371  5.166 0.0000000000
7151  -43.518  -75.289  4.861 0.0000000000
6427  -43.255  -75.816  4.682 0.0000000000
8702  -43.431  -74.424  0.902 0.0000000000
7963  -43.757  -74.730  0.956 0.0000000000
7187  -43.899  -75.355  1.414 0.0000000000
7194  -43.891  -75.581  0.574 0.0000000000
6466  -43.723  -75.999  1.218 0.0000000000
17001  -36.531  -63.715  -4.863 0.0000000000
15203  -38.113  -65.247  -4.636 0.0000000000
15196  -38.879  -65.981  -4.404 0.0000000000
15197  -39.388  -66.070  -4.489 0.0000000000
14302  -40.160  -66.214  -4.528 0.0000000000
14289  -40.502  -66.809  -4.021 0.0000000000
14290  -41.445  -66.953  -4.075 0.0000000000
15227  -42.323  -65.290  -5.438 0.0000000000
14304  -42.058  -66.404  -4.478 0.0000000000
14291  -42.422  -67.062  -4.051 0.0000000000
16092  -45.076  -64.587  -5.753 0.0000000000
15229  -44.385  -65.233  -5.273 0.0000000000
15210  -44.789  -65.804  -4.645 0.0000000000
13408  -46.247  -67.729  -2.811 0.0000000000
13395  -47.604  -68.375  -2.697 0.0000000000
13410  -48.300  -67.732  -2.870 0.0000000000
13396  -48.423  -68.245  -2.934 0.0000000000
12633  -48.607  -68.496  -3.123 0.0000000000
6413  -43.304  -75.584  5.192 0.0000000000
7195  -44.119  -75.054  0.628 0.0000000000
7916  -43.453  -74.852  5.048 0.0000000000
7940  -41.227  -73.877  3.625 0.0000000000
7959  -40.252  -74.044  1.799 0.0000000000
7974  -43.187  -74.371  1.031 0.0000000000
7975  -43.907  -74.335  0.344 0.0000000000
7986  -44.901  -74.286  -1.708 0.0000000000
8690  -40.349  -73.418  2.764 0.0000000000
8701  -40.222  -73.767  2.294 0.0000000000
8719  -44.088  -74.142  -0.016 0.0000000000
8741  -41.542  -73.319  -0.965 0.0000000000
8743  -45.311  -73.384  -1.593 0.0000000000
9501  -41.899  -71.411  3.741 0.0000000000
9537  -37.923  -71.781  -0.680 0.0000000000
9545  -37.871  -71.629  -1.101 0.0000000000
9547  -39.106  -72.572  -1.175 0.0000000000
9548  -40.126  -72.396  -1.712 0.0000000000
10301  -41.283  -71.147  2.684 0.0000000000
10322  -37.734  -71.321  -0.330 0.0000000000
10327  -37.988  -71.270  -1.527 0.0000000000
10337  -38.051  -70.906  -1.879 0.0000000000
10339  -39.617  -71.447  -2.102 0.0000000000
10348  -46.085  -71.809  -3.338 0.0000000000
11053  -41.872  -70.306  3.021 0.0000000000
11064  -41.111  -70.890  2.355 0.0000000000
11078  -41.308  -70.359  2.153 0.0000000000
11093  -37.344  -70.526  -0.458 0.0000000000
11099  -36.897  -69.948  -1.260 0.0000000000
11110  -37.935  -70.415  -2.130 0.0000000000
11119  -47.117  -70.187  -2.191 0.0000000000
11831  -41.364  -70.105  2.081 0.0000000000
11858  -37.150  -69.954  -1.876 0.0000000000
11860  -46.975  -69.850  -1.920 0.0000000000
11861  -47.203  -69.824  -2.172 0.0000000000
11869  -37.311  -69.549  -2.296 0.0000000000
11876  -44.882  -69.753  -2.259 0.0000000000
11880  -47.888  -69.064  -2.982 0.0000000000
11883  -47.183  -70.039  -3.083 0.0000000000
11891  -46.973  -69.815  -3.605 0.0000000000
12587  -41.427  -69.349  3.003 0.0000000000
12591  -40.573  -68.426  1.820 0.0000000000
12605  -36.769  -69.186  -0.466 0.0000000000
12638  -40.550  -67.818  -3.298 0.0000000000
12643  -44.668  -68.568  -2.587 0.0000000000
13355  -40.383  -68.167  2.483 0.0000000000
13375  -36.029  -67.841  -0.484 0.0000000000
13387  -36.051  -67.450  -2.430 0.0000000000
13388  -36.607  -67.558  -2.792 0.0000000000
13392  -45.359  -68.349  -2.485 0.0000000000
13397  -49.023  -68.091  -3.076 0.0000000000
13405  -42.776  -67.748  -3.607 0.0000000000
14264  -34.747  -65.605  -1.054 0.0000000000
14271  -34.975  -65.765  -1.397 0.0000000000
14285  -36.779  -66.459  -3.297 0.0000000000
14296  -48.022  -67.073  -3.095 0.0000000000
14297  -48.995  -67.228  -3.111 0.0000000000
15116  -33.630  -64.900  4.721 0.0000000000
15141  -36.915  -64.911  1.337 0.0000000000
15143  -38.124  -65.529  1.571 0.0000000000
15160  -37.192  -65.493  0.969 0.0000000000
15178  -35.027  -65.679  -0.283 0.0000000000
15191  -36.447  -66.170  -3.179 0.0000000000
15206  -40.716  -65.759  -5.005 0.0000000000
15967  -34.933  -64.502  4.045 0.0000000000
15981  -37.062  -64.383  2.272 0.0000000000
15982  -37.470  -64.593  1.910 0.0000000000
15992  -36.031  -64.303  1.452 0.0000000000
15993  -36.713  -64.508  1.571 0.0000000000
16874  -32.901  -63.349  4.394 0.0000000000
16890  -36.584  -64.112  2.591 0.0000000000
16908  -35.027  -63.602  1.389 0.0000000000
16909  -35.601  -63.835  1.606 0.0000000000
16925  -34.241  -63.000  0.588 0.0000000000
17866  -34.971  -62.968  2.213 0.0000000000
17888  -34.722  -63.111  1.457 0.0000000000
17910  -34.387  -62.992  0.983 0.0000000000
18909  -33.762  -61.498  -0.184 0.0000000000
19847  -31.747  -60.265  5.802 0.0000000000
