#!ascii label  , from subject sub-THP0005 vox2ras=TkReg
989
57824  -27.842  -26.101  -19.017 0.4285714328
59034  -27.795  -25.720  -20.398 0.2857142985
59035  -28.440  -25.074  -20.552 0.4285714328
59036  -29.243  -24.524  -20.369 0.4285714328
59045  -28.316  -25.086  -21.704 0.2857142985
60106  -29.025  -24.574  -21.226 0.4285714328
60107  -29.769  -24.134  -20.866 0.4285714328
60134  -28.856  -24.536  -22.942 0.4285714328
60135  -29.508  -24.289  -22.555 0.4285714328
60153  -29.426  -23.996  -23.296 0.4285714328
61236  -30.478  -23.435  -23.179 0.4285714328
61255  -29.339  -23.133  -24.496 0.5714285970
61256  -29.878  -23.168  -23.916 0.5714285970
62340  -30.586  -22.986  -23.685 0.4285714328
62341  -31.109  -22.797  -23.579 0.2857142985
62358  -30.187  -22.715  -24.317 0.7142857313
62359  -31.283  -22.216  -24.185 0.7142857313
62360  -32.044  -21.766  -24.227 0.7142857313
63553  -32.939  -21.538  -24.014 0.4285714328
63572  -30.604  -21.953  -24.805 0.7142857313
63575  -33.342  -20.829  -24.553 0.5714285970
63573  -31.306  -21.523  -24.828 0.5714285970
63574  -32.271  -21.069  -24.823 0.5714285970
63596  -32.093  -20.571  -25.529 0.5714285970
64796  -32.856  -20.370  -25.211 0.5714285970
63595  -31.372  -20.919  -25.459 0.5714285970
64797  -33.766  -20.140  -24.974 0.4285714328
64819  -33.330  -19.740  -25.570 0.5714285970
65997  -33.798  -19.200  -25.910 0.5714285970
64838  -31.626  -19.617  -26.364 0.7142857313
66015  -34.090  -18.828  -26.175 0.7142857313
65998  -34.552  -18.894  -25.823 0.5714285970
64818  -32.428  -19.958  -25.942 0.5714285970
64837  -30.519  -19.858  -26.236 0.5714285970
66012  -31.994  -18.875  -26.590 0.8571428657
67211  -34.404  -18.337  -26.568 0.7142857313
67212  -34.974  -18.277  -26.233 0.5714285970
66011  -30.919  -18.964  -26.450 0.5714285970
68374  -34.418  -17.498  -27.279 0.7142857313
68348  -35.274  -17.744  -26.519 0.5714285970
66013  -32.887  -18.850  -26.581 0.7142857313
67231  -33.977  -18.088  -27.069 0.7142857313
68375  -35.210  -16.985  -27.298 0.5714285970
67230  -33.540  -17.857  -27.179 0.7142857313
69427  -35.825  -16.758  -26.972 0.5714285970
67209  -32.669  -18.074  -26.866 0.5714285970
67229  -33.168  -17.617  -27.103 0.7142857313
69473  -34.873  -15.804  -28.309 0.7142857313
69457  -35.621  -16.308  -27.670 0.7142857313
69454  -33.273  -16.432  -27.117 0.7142857313
69455  -34.092  -16.331  -27.908 0.7142857313
70505  -34.843  -15.051  -28.595 0.7142857313
69474  -35.496  -15.833  -28.262 0.5714285970
70487  -33.595  -15.556  -27.426 0.7142857313
69425  -31.349  -16.567  -26.558 0.5714285970
70523  -35.470  -14.777  -29.058 0.5714285970
71661  -36.176  -14.471  -29.443 0.5714285970
70486  -32.778  -15.592  -26.751 0.8571428657
71660  -35.422  -14.102  -29.349 0.7142857313
71659  -34.887  -14.226  -28.813 0.7142857313
71641  -33.900  -14.863  -27.606 0.8571428657
71642  -34.393  -14.425  -28.092 0.7142857313
74204  -34.910  -12.654  -28.691 0.8571428657
72958  -35.438  -13.249  -29.692 0.5714285970
72942  -34.635  -13.521  -28.412 0.8571428657
72928  -34.132  -13.530  -27.715 0.8571428657
71629  -33.846  -14.217  -27.512 0.8571428657
76562  -33.688  -10.752  -27.586 0.8571428657
76578  -34.864  -10.690  -28.515 0.8571428657
78998  -33.425  -8.706  -28.013 0.8571428657
74189  -34.411  -12.681  -27.960 0.8571428657
76577  -34.086  -10.099  -27.821 0.8571428657
77794  -32.243  -9.615  -27.929 1.0000000000
77795  -33.286  -9.612  -27.705 1.0000000000
75386  -34.052  -11.814  -27.638 0.8571428657
78997  -32.537  -8.876  -28.120 1.0000000000
77780  -32.741  -10.190  -27.602 1.0000000000
80079  -31.683  -7.820  -28.958 1.0000000000
80095  -30.583  -7.524  -29.773 0.7142857313
80065  -32.104  -8.419  -28.463 1.0000000000
79009  -31.194  -8.497  -28.900 1.0000000000
82195  -29.695  -5.352  -30.682 1.0000000000
82216  -28.386  -5.545  -31.263 0.8571428657
83244  -28.057  -4.571  -31.200 0.8571428657
83245  -29.193  -4.642  -30.849 1.0000000000
85504  -28.346  -2.557  -31.109 0.8571428657
84302  -27.642  -3.613  -31.163 0.8571428657
84303  -28.655  -3.557  -30.969 1.0000000000
86639  -29.265  -1.296  -31.447 0.8571428657
86638  -28.065  -1.627  -31.201 0.7142857313
86637  -27.015  -1.699  -31.045 0.5714285970
87663  -27.855  -0.769  -31.216 0.7142857313
87664  -28.712  -0.635  -31.487 0.5714285970
87661  -25.801  -0.639  -30.719 0.5714285970
86636  -26.045  -1.584  -30.925 0.5714285970
88645  -24.550  -0.100  -30.282 0.4285714328
88662  -26.669  0.328  -30.984 0.4285714328
88675  -28.896  0.874  -31.743 0.4285714328
88674  -23.898  1.316  -31.721 0.2857142985
89670  -24.413  1.816  -31.747 0.2857142985
88660  -24.152  0.959  -31.207 0.2857142985
89669  -23.532  2.138  -31.881 0.2857142985
68347  -34.724  -17.926  -26.875 0.5714285970
71675  -35.867  -13.651  -30.007 0.5714285970
70522  -35.166  -14.566  -28.972 0.7142857313
75403  -35.068  -11.833  -28.711 0.8571428657
77796  -34.212  -9.465  -28.046 0.8571428657
80096  -31.306  -6.879  -29.539 0.8571428657
92675  -25.144  4.420  -31.289 0.1428571492
59044  -27.719  -25.666  -21.271 0.2857142985
59058  -28.254  -24.944  -22.628 0.2857142985
60121  -29.629  -24.280  -21.750 0.4285714328
61217  -30.843  -23.680  -21.917 0.4285714328
61235  -29.599  -23.483  -23.770 0.4285714328
60120  -28.948  -24.653  -22.136 0.4285714328
60168  -28.954  -23.740  -24.049 0.5714285970
62357  -29.529  -22.769  -24.711 0.5714285970
62377  -29.953  -22.046  -25.165 0.2857142985
63594  -30.343  -21.288  -25.528 0.5714285970
64798  -34.701  -19.894  -24.902 0.4285714328
64816  -30.742  -20.614  -25.896 0.7142857313
64817  -31.473  -20.319  -25.986 0.7142857313
64820  -34.151  -19.532  -25.404 0.5714285970
65976  -34.782  -19.313  -25.331 0.4285714328
67210  -33.516  -18.384  -26.830 0.7142857313
66010  -29.638  -18.956  -26.567 0.5714285970
69458  -36.373  -16.055  -27.534 0.5714285970
67208  -31.461  -18.166  -26.569 0.5714285970
68349  -36.042  -17.138  -26.328 0.5714285970
68373  -33.545  -17.201  -27.346 0.7142857313
69475  -36.001  -15.762  -28.066 0.5714285970
68346  -31.963  -17.353  -26.587 0.8571428657
70504  -34.210  -15.346  -28.034 0.7142857313
74217  -35.252  -12.839  -29.276 0.5714285970
74188  -33.694  -12.662  -27.421 1.0000000000
78999  -34.244  -8.600  -28.363 1.0000000000
77793  -31.407  -10.022  -28.214 1.0000000000
81154  -28.953  -6.706  -30.871 0.7142857313
81134  -29.791  -6.599  -30.502 1.0000000000
81136  -31.387  -6.168  -29.639 1.0000000000
82217  -29.088  -5.868  -30.942 0.7142857313
82197  -31.091  -5.661  -29.950 1.0000000000
81153  -28.554  -6.365  -31.198 0.7142857313
83219  -29.642  -4.861  -30.698 0.8571428657
84304  -29.589  -3.376  -30.800 1.0000000000
83246  -29.829  -3.977  -30.659 1.0000000000
87662  -26.912  -0.691  -30.937 0.7142857313
88664  -28.430  -0.183  -31.448 0.7142857313
89671  -25.330  1.540  -31.331 0.2857142985
89673  -27.599  1.249  -31.318 0.4285714328
88676  -29.118  0.379  -31.842 0.4285714328
90706  -26.367  2.261  -31.362 0.2857142985
89672  -26.409  1.301  -31.236 0.4285714328
63593  -29.482  -21.629  -25.591 0.4285714328
63613  -29.254  -20.871  -26.058 0.4285714328
88661  -25.228  0.396  -30.758 0.4285714328
59020  -27.580  -26.087  -19.837 0.4285714328
59021  -28.178  -25.515  -19.647 0.4285714328
59022  -29.193  -24.931  -19.354 0.4285714328
60152  -28.597  -24.283  -23.646 0.2857142985
60154  -29.893  -23.948  -22.835 0.4285714328
62376  -29.072  -22.430  -25.274 0.2857142985
65996  -33.075  -19.333  -26.130 0.7142857313
65999  -35.037  -18.966  -25.465 0.5714285970
64839  -32.410  -19.367  -26.376 0.7142857313
69456  -34.938  -16.483  -27.836 0.7142857313
68372  -32.867  -17.229  -26.927 0.8571428657
69472  -34.523  -15.650  -28.216 0.7142857313
69426  -32.386  -16.511  -26.628 0.8571428657
72957  -35.077  -13.463  -29.076 0.8571428657
75387  -34.655  -11.826  -28.201 0.8571428657
72927  -33.386  -13.553  -27.225 0.8571428657
80078  -30.845  -8.317  -29.267 1.0000000000
80112  -29.128  -7.437  -30.707 0.8571428657
88658  -22.672  1.986  -31.475 0.2857142985
90704  -24.441  2.858  -31.706 0.2857142985
91681  -24.234  3.812  -31.609 0.1428571492
88663  -28.039  0.319  -31.323 0.5714285970
90745  -29.633  2.549  -34.790 0.2857142985
91730  -29.781  3.335  -34.428 0.1428571492
89687  -29.465  1.400  -32.511 0.2857142985
90733  -29.629  2.392  -33.528 0.1428571492
90707  -27.311  2.084  -31.381 0.1428571492
89686  -28.712  1.358  -31.662 0.2857142985
90717  -28.433  2.063  -31.561 0.1428571492
89709  -29.787  1.480  -34.480 0.2857142985
89700  -29.612  1.798  -33.847 0.2857142985
89724  -31.767  1.523  -35.385 0.2857142985
88700  -30.440  0.882  -34.492 0.2857142985
91715  -29.931  3.213  -33.244 0.1428571492
87682  -30.542  0.398  -33.595 0.2857142985
87684  -32.310  0.087  -33.367 0.1428571492
87696  -30.670  0.542  -34.106 0.2857142985
88686  -30.124  0.736  -33.483 0.2857142985
90718  -29.307  2.155  -32.372 0.1428571492
89688  -29.611  0.881  -32.483 0.2857142985
88706  -35.050  0.053  -33.783 0.1428571492
88689  -33.664  0.433  -33.555 0.1428571492
86668  -31.162  0.078  -33.606 0.4285714328
88677  -29.816  0.515  -32.524 0.2857142985
85508  -32.299  -1.633  -31.396 0.2857142985
86652  -30.927  -0.894  -32.233 0.4285714328
87671  -30.222  -0.024  -32.549 0.2857142985
86645  -34.811  -1.949  -31.537 0.1428571492
86653  -32.141  -0.726  -32.277 0.2857142985
87672  -30.523  -0.452  -32.424 0.4285714328
86641  -30.580  -1.616  -31.476 0.5714285970
86651  -30.169  -0.767  -31.947 0.7142857313
85491  -34.337  -3.016  -30.591 0.1428571492
85509  -33.282  -1.964  -31.113 0.1428571492
86640  -30.079  -1.538  -31.477 0.7142857313
87670  -29.535  -0.254  -31.895 0.4285714328
84288  -35.265  -4.072  -30.749 0.2857142985
84286  -33.739  -3.493  -30.047 0.7142857313
85505  -29.332  -2.438  -31.048 0.7142857313
83220  -30.139  -4.570  -30.563 0.8571428657
84284  -31.468  -3.721  -30.359 0.8571428657
85506  -30.199  -2.328  -31.056 0.5714285970
82218  -35.519  -5.771  -31.538 0.2857142985
83247  -35.514  -4.806  -31.071 0.2857142985
84306  -31.763  -2.688  -30.783 0.7142857313
84301  -26.631  -3.624  -31.298 0.5714285970
81137  -35.557  -6.620  -31.187 0.1428571492
83223  -33.049  -4.156  -29.646 0.7142857313
80113  -35.374  -7.545  -32.114 0.1428571492
75426  -29.321  -11.369  -29.703 0.5714285970
79008  -30.708  -9.010  -28.889 0.8571428657
79021  -30.049  -8.759  -29.641 0.8571428657
77817  -29.824  -9.359  -29.608 0.4285714328
79020  -29.508  -8.725  -30.139 0.5714285970
82196  -30.435  -5.558  -30.348 0.8571428657
81111  -33.230  -6.402  -28.808 0.8571428657
83221  -31.175  -4.755  -30.114 0.8571428657
80097  -35.510  -7.574  -30.893 0.2857142985
83200  -33.361  -4.942  -29.292 0.8571428657
83222  -32.058  -4.237  -29.899 0.8571428657
84305  -30.581  -3.303  -30.674 0.8571428657
79034  -35.363  -8.634  -31.569 0.4285714328
82170  -34.647  -5.610  -29.480 0.7142857313
83224  -34.244  -4.510  -29.622 0.7142857313
74244  -28.569  -12.022  -30.236 0.2857142985
76575  -30.598  -10.667  -28.725 0.5714285970
76587  -29.603  -10.541  -29.600 0.5714285970
78996  -31.614  -8.944  -28.509 0.8571428657
81110  -32.110  -6.498  -29.153 0.8571428657
82168  -32.751  -5.606  -29.173 0.8571428657
82167  -31.794  -5.459  -29.583 0.8571428657
79022  -35.398  -8.447  -30.379 0.4285714328
80082  -34.775  -7.439  -29.062 0.8571428657
82169  -33.716  -5.657  -29.068 0.8571428657
77829  -35.278  -9.738  -32.046 0.4285714328
70464  -30.175  -15.593  -27.259 0.7142857313
71640  -29.306  -14.581  -28.501 0.4285714328
70465  -30.844  -15.788  -26.738 0.7142857313
72925  -31.141  -13.587  -27.363 0.8571428657
72940  -30.102  -13.612  -28.086 0.5714285970
74216  -29.642  -12.546  -28.887 0.5714285970
74229  -28.568  -12.863  -29.767 0.4285714328
74186  -31.841  -12.790  -27.273 0.8571428657
74202  -30.353  -12.697  -28.236 0.5714285970
75427  -29.459  -11.528  -29.465 0.5714285970
75385  -33.130  -11.737  -27.372 0.8571428657
75402  -31.137  -11.334  -28.073 0.7142857313
76589  -35.125  -9.939  -29.185 0.7142857313
77806  -34.833  -9.371  -28.720 0.7142857313
80068  -34.280  -7.902  -28.623 0.7142857313
80081  -33.836  -7.201  -28.641 0.8571428657
75456  -35.833  -11.384  -32.201 0.2857142985
76600  -35.372  -10.593  -31.263 0.4285714328
77818  -35.349  -9.540  -30.817 0.5714285970
67207  -30.333  -18.182  -26.585 0.4285714328
68371  -29.612  -16.835  -27.373 0.4285714328
70484  -29.138  -15.705  -28.295 0.4285714328
71628  -33.203  -14.591  -27.036 0.7142857313
71627  -31.904  -14.650  -26.727 0.7142857313
74187  -32.750  -12.670  -27.191 0.8571428657
75416  -35.520  -11.533  -29.904 0.7142857313
75440  -35.587  -11.395  -31.566 0.2857142985
75428  -35.505  -11.406  -30.716 0.5714285970
76579  -35.327  -11.096  -29.384 0.5714285970
67206  -29.485  -18.059  -26.933 0.5714285970
69424  -30.296  -16.547  -26.907 0.5714285970
72984  -36.067  -12.621  -30.843 0.4285714328
74245  -35.774  -12.100  -31.020 0.4285714328
74232  -35.632  -12.075  -30.384 0.4285714328
64836  -29.321  -19.899  -26.410 0.5714285970
69428  -36.615  -16.495  -26.621 0.4285714328
71644  -37.114  -14.543  -28.917 0.4285714328
70524  -35.805  -15.000  -29.072 0.4285714328
72959  -37.504  -13.425  -29.696 0.4285714328
71676  -36.421  -13.704  -30.160 0.4285714328
61218  -31.583  -23.339  -22.159 0.1428571492
70488  -36.448  -15.535  -28.160 0.4285714328
70508  -36.690  -15.193  -28.460 0.4285714328
61238  -32.203  -22.765  -22.789 0.1428571492
62342  -32.392  -22.381  -23.235 0.1428571492
63576  -34.300  -20.608  -24.454 0.2857142985
68306  -36.964  -17.443  -25.030 0.2857142985
70434  -37.611  -15.423  -25.120 0.2857142985
69405  -37.181  -16.476  -25.743 0.2857142985
67175  -35.601  -18.712  -25.283 0.4285714328
70447  -37.582  -15.400  -26.190 0.2857142985
68326  -36.090  -17.792  -25.687 0.2857142985
70467  -37.396  -15.360  -27.072 0.4285714328
61219  -32.522  -22.959  -22.315 0.1428571492
62325  -32.993  -22.627  -22.560 0.1428571492
62343  -33.644  -21.887  -23.341 0.2857142985
62344  -34.479  -21.591  -23.442 0.2857142985
64784  -36.430  -20.123  -23.406 0.2857142985
65962  -37.128  -19.256  -23.632 0.2857142985
65979  -36.618  -19.082  -24.136 0.2857142985
64799  -35.337  -19.870  -24.560 0.2857142985
67177  -36.830  -18.433  -24.424 0.2857142985
63538  -36.013  -21.291  -22.802 0.2857142985
61221  -34.257  -22.721  -22.316 0.2857142985
63537  -35.241  -21.509  -23.159 0.2857142985
63556  -35.763  -20.802  -23.346 0.2857142985
60122  -30.303  -23.866  -21.416 0.2857142985
57798  -27.589  -26.791  -18.451 0.2857142985
60108  -30.691  -23.865  -20.557 0.2857142985
57799  -28.545  -26.231  -18.098 0.1428571492
57797  -27.151  -27.147  -18.664 0.2857142985
56562  -27.164  -27.605  -17.974 0.1428571492
62326  -33.564  -22.441  -22.720 0.1428571492
62328  -35.586  -22.002  -22.553 0.2857142985
63557  -36.345  -20.717  -22.986 0.2857142985
67159  -37.449  -18.452  -23.859 0.2857142985
65961  -36.288  -19.539  -23.985 0.2857142985
68325  -35.564  -17.984  -25.948 0.4285714328
69404  -36.531  -17.017  -25.985 0.4285714328
69429  -37.229  -15.981  -26.580 0.2857142985
71611  -37.749  -14.630  -26.787 0.2857142985
71625  -30.128  -14.778  -27.559 0.7142857313
71630  -37.524  -14.670  -27.723 0.4285714328
75401  -30.399  -11.828  -28.491 0.5714285970
71643  -36.508  -14.800  -29.106 0.4285714328
72971  -35.710  -12.814  -30.399 0.4285714328
74246  -36.182  -12.248  -31.285 0.2857142985
74261  -36.229  -11.845  -31.839 0.2857142985
83243  -27.080  -4.529  -31.339 0.7142857313
79011  -35.212  -8.193  -29.531 0.7142857313
85489  -25.468  -2.120  -31.012 0.4285714328
85503  -27.260  -2.663  -31.169 0.5714285970
82198  -34.874  -5.065  -29.888 0.5714285970
85519  -31.742  -1.312  -31.700 0.4285714328
91700  -29.350  2.588  -31.920 0.1428571492
86669  -31.285  -0.064  -33.446 0.2857142985
87673  -32.622  -0.268  -32.893 0.1428571492
57825  -28.540  -25.593  -18.875 0.1428571492
57838  -27.204  -26.397  -20.703 0.2857142985
60085  -30.031  -24.337  -19.965 0.1428571492
61197  -30.922  -23.637  -21.104 0.1428571492
61220  -33.534  -22.903  -22.168 0.1428571492
63554  -33.953  -21.272  -23.961 0.2857142985
63555  -34.957  -20.982  -23.879 0.2857142985
64783  -35.649  -20.183  -23.979 0.2857142985
68287  -37.713  -17.543  -24.025 0.2857142985
65977  -35.422  -19.159  -25.025 0.2857142985
65960  -35.768  -19.565  -24.393 0.2857142985
69452  -29.262  -16.382  -27.943 0.2857142985
71588  -37.786  -14.328  -25.802 0.2857142985
72911  -38.037  -13.168  -26.853 0.2857142985
71609  -30.528  -15.159  -27.033 0.7142857313
71610  -31.159  -15.159  -26.729 0.5714285970
71658  -29.066  -14.016  -28.949 0.4285714328
72924  -30.537  -14.122  -27.506 0.5714285970
71612  -37.906  -13.962  -27.336 0.4285714328
75455  -28.480  -11.670  -30.381 0.2857142985
74230  -28.980  -12.478  -29.690 0.5714285970
71631  -37.792  -14.004  -28.260 0.2857142985
72941  -30.634  -13.071  -27.853 0.7142857313
76599  -29.101  -10.610  -30.082 0.2857142985
72944  -37.972  -13.339  -28.842 0.1428571492
72973  -36.772  -13.142  -30.512 0.4285714328
74233  -37.476  -12.424  -30.525 0.1428571492
80080  -32.805  -7.275  -28.573 0.8571428657
74247  -36.705  -12.237  -31.300 0.1428571492
76590  -35.411  -10.502  -29.922 0.5714285970
76611  -35.431  -10.701  -32.269 0.2857142985
81113  -35.015  -6.604  -29.514 0.7142857313
79046  -34.922  -8.794  -33.013 0.2857142985
82171  -35.178  -6.105  -29.857 0.4285714328
81155  -35.458  -6.554  -32.002 0.1428571492
85490  -33.455  -2.702  -30.567 0.5714285970
84287  -34.680  -3.754  -30.364 0.1428571492
85511  -35.055  -2.814  -31.144 0.1428571492
86644  -33.994  -1.603  -31.504 0.1428571492
86659  -31.065  -0.223  -33.256 0.2857142985
86660  -31.519  -0.324  -33.107 0.2857142985
86654  -33.093  -0.734  -32.055 0.2857142985
87676  -34.543  -0.667  -32.346 0.1428571492
87687  -34.438  -0.200  -32.859 0.1428571492
88690  -34.359  0.202  -33.418 0.1428571492
88717  -31.541  0.808  -34.473 0.2857142985
89710  -32.166  1.254  -34.766 0.2857142985
89711  -32.792  1.232  -34.673 0.1428571492
89712  -33.427  1.134  -34.563 0.1428571492
59023  -30.451  -24.670  -19.077 0.1428571492
61199  -32.397  -23.425  -21.391 0.1428571492
69387  -37.590  -16.524  -24.644 0.2857142985
75457  -36.262  -11.390  -32.422 0.2857142985
88718  -34.631  0.668  -35.405 0.1428571492
89725  -32.671  1.570  -35.418 0.2857142985
57823  -27.027  -26.852  -19.448 0.2857142985
61237  -31.718  -22.964  -22.874 0.1428571492
67195  -35.376  -18.441  -25.694 0.4285714328
68345  -30.854  -17.396  -26.585 0.4285714328
71662  -36.811  -13.898  -29.910 0.4285714328
70466  -31.750  -15.718  -26.571 0.7142857313
78995  -31.105  -9.419  -28.577 0.8571428657
76561  -32.531  -10.879  -27.517 0.8571428657
76560  -31.686  -10.729  -27.838 0.8571428657
80067  -33.544  -7.941  -28.375 0.8571428657
86650  -29.832  -0.567  -31.906 0.5714285970
74218  -35.486  -12.381  -29.727 0.4285714328
63614  -30.020  -20.520  -26.042 0.5714285970
64782  -35.031  -20.377  -24.411 0.2857142985
69459  -37.001  -15.931  -27.185 0.4285714328
76576  -31.205  -10.679  -28.221 0.5714285970
83198  -31.839  -4.808  -29.760 0.8571428657
72926  -32.386  -13.616  -26.982 0.8571428657
90746  -29.599  2.007  -34.834 0.2857142985
88716  -30.992  0.798  -34.819 0.2857142985
89722  -30.357  1.814  -35.616 0.2857142985
87697  -30.946  0.305  -33.923 0.2857142985
87683  -30.710  -0.154  -33.005 0.2857142985
89701  -29.796  1.156  -33.212 0.2857142985
88687  -32.591  0.563  -33.811 0.1428571492
88688  -32.991  0.502  -33.663 0.1428571492
88705  -34.351  0.663  -34.260 0.1428571492
87674  -33.046  -0.341  -32.632 0.1428571492
89713  -33.851  0.988  -34.441 0.1428571492
88702  -32.232  0.751  -34.120 0.1428571492
86643  -33.185  -1.278  -31.584 0.1428571492
85518  -31.466  -1.162  -31.866 0.4285714328
86657  -35.457  -1.727  -32.312 0.1428571492
87675  -33.775  -0.472  -32.462 0.2857142985
85507  -31.169  -1.838  -31.356 0.5714285970
84285  -32.567  -3.288  -30.211 0.4285714328
84307  -32.653  -2.422  -30.774 0.5714285970
82199  -35.331  -5.633  -30.392 0.5714285970
81114  -35.402  -6.659  -30.255 0.4285714328
83199  -32.449  -4.846  -29.519 0.8571428657
77805  -30.077  -9.797  -29.355 0.5714285970
77804  -29.702  -9.968  -29.628 0.4285714328
81112  -34.247  -6.452  -28.993 0.8571428657
80083  -35.341  -7.478  -29.887 0.4285714328
83201  -34.026  -5.124  -29.227 0.8571428657
69453  -29.759  -16.182  -27.488 0.5714285970
70485  -29.540  -15.504  -27.929 0.4285714328
71626  -30.862  -14.549  -27.075 0.7142857313
72956  -29.376  -13.564  -28.856 0.4285714328
72955  -28.979  -13.498  -29.253 0.4285714328
72970  -28.585  -13.401  -29.484 0.2857142985
74203  -31.032  -12.417  -27.772 0.7142857313
75384  -31.981  -11.759  -27.456 0.8571428657
77807  -35.261  -9.201  -29.613 0.5714285970
68344  -29.820  -17.472  -26.959 0.5714285970
72972  -36.198  -13.164  -30.540 0.4285714328
74262  -36.493  -11.750  -31.955 0.2857142985
68327  -36.711  -17.194  -25.608 0.2857142985
71645  -37.651  -13.968  -28.803 0.4285714328
71677  -36.675  -13.617  -30.231 0.4285714328
70489  -36.986  -15.380  -27.903 0.4285714328
68305  -36.491  -18.059  -25.077 0.2857142985
67176  -36.000  -18.515  -25.164 0.2857142985
65978  -36.165  -19.060  -24.514 0.2857142985
62327  -34.566  -22.165  -22.837 0.2857142985
56564  -28.699  -26.862  -17.372 0.1428571492
56563  -27.989  -27.063  -17.654 0.1428571492
57778  -29.254  -26.500  -17.493 0.1428571492
72986  -36.645  -12.701  -30.907 0.2857142985
58994  -29.154  -25.532  -18.475 0.1428571492
91684  -27.084  2.663  -31.378 0.1428571492
84300  -25.755  -3.679  -31.281 0.5714285970
82214  -26.594  -5.375  -31.365 0.4285714328
83242  -26.167  -4.488  -31.331 0.4285714328
80110  -27.457  -7.301  -31.375 0.4285714328
81152  -27.907  -6.382  -31.455 0.4285714328
81151  -27.038  -6.306  -31.442 0.4285714328
82215  -27.503  -5.447  -31.430 0.5714285970
80094  -29.686  -7.955  -30.313 0.5714285970
70420  -37.789  -15.578  -23.856 0.1428571492
61270  -28.254  -22.957  -25.200 0.2857142985
71526  -37.977  -14.300  -22.432 0.1428571492
71551  -37.920  -15.133  -23.016 0.1428571492
72833  -37.894  -13.140  -22.215 0.1428571492
71550  -37.700  -14.345  -23.300 0.1428571492
61254  -28.568  -23.453  -24.720 0.2857142985
68288  -38.139  -17.577  -23.349 0.1428571492
69355  -38.567  -16.733  -22.239 0.1428571492
70421  -38.025  -15.751  -23.130 0.1428571492
71499  -39.197  -14.527  -20.645 0.1428571492
70399  -38.331  -15.618  -22.452 0.1428571492
75267  -40.161  -11.882  -20.995 0.1428571492
74056  -39.413  -12.778  -20.639 0.1428571492
76454  -39.696  -10.923  -21.381 0.1428571492
60167  -28.186  -24.009  -24.346 0.2857142985
61253  -27.725  -23.435  -24.868 0.2857142985
64771  -37.397  -20.295  -22.637 0.1428571492
65948  -37.973  -19.477  -22.544 0.1428571492
65963  -37.635  -19.224  -23.110 0.1428571492
64785  -37.083  -19.989  -23.164 0.1428571492
67160  -37.925  -18.477  -23.235 0.1428571492
69325  -38.788  -16.825  -21.622 0.1428571492
67121  -38.759  -18.483  -21.809 0.1428571492
70368  -39.167  -15.544  -20.785 0.1428571492
72798  -40.565  -13.887  -20.355 0.1428571492
74069  -40.796  -12.338  -21.101 0.1428571492
75251  -39.896  -12.402  -20.699 0.1428571492
60151  -27.816  -24.448  -23.819 0.2857142985
60150  -26.957  -24.405  -23.740 0.2857142985
62329  -36.418  -21.707  -22.300 0.1428571492
64758  -37.686  -20.559  -22.123 0.1428571492
64772  -37.849  -20.159  -22.278 0.1428571492
65927  -38.626  -19.176  -21.865 0.1428571492
68241  -39.133  -17.713  -21.092 0.1428571492
67144  -38.462  -18.492  -22.352 0.1428571492
70347  -39.652  -16.190  -20.213 0.1428571492
71489  -40.958  -14.778  -20.100 0.1428571492
70348  -40.538  -15.951  -19.652 0.1428571492
75268  -41.216  -11.716  -21.531 0.1428571492
63524  -37.037  -21.382  -22.138 0.1428571492
62312  -36.972  -21.996  -21.722 0.1428571492
64740  -38.559  -20.614  -21.185 0.1428571492
63515  -37.959  -21.475  -21.200 0.1428571492
65859  -40.278  -19.229  -19.674 0.1428571492
64759  -38.251  -20.239  -21.748 0.1428571492
67088  -39.963  -18.498  -19.878 0.1428571492
65899  -39.282  -19.393  -20.787 0.1428571492
69303  -39.951  -17.009  -19.794 0.1428571492
72799  -41.473  -13.865  -20.719 0.1428571492
74070  -41.428  -12.907  -21.177 0.1428571492
72809  -41.718  -13.480  -21.073 0.1428571492
61203  -36.641  -22.793  -21.247 0.1428571492
62310  -35.116  -22.669  -22.147 0.1428571492
62302  -39.248  -21.962  -19.890 0.1428571492
62301  -38.688  -21.999  -20.329 0.1428571492
62313  -37.563  -21.844  -21.332 0.1428571492
64741  -39.121  -20.350  -20.755 0.1428571492
63516  -38.551  -21.275  -20.860 0.1428571492
63525  -37.609  -21.171  -21.717 0.1428571492
67055  -41.245  -18.516  -19.351 0.1428571492
68186  -40.598  -17.728  -19.522 0.1428571492
69283  -41.838  -16.820  -19.614 0.1428571492
69281  -40.600  -16.816  -19.511 0.1428571492
62280  -39.813  -22.359  -19.472 0.1428571492
61188  -38.267  -22.686  -20.354 0.1428571492
62300  -37.964  -22.112  -20.839 0.1428571492
63488  -40.387  -21.235  -19.512 0.1428571492
63487  -39.713  -21.610  -19.807 0.1428571492
65860  -40.842  -19.344  -19.310 0.1428571492
64702  -40.337  -20.055  -19.598 0.1428571492
70333  -41.942  -16.124  -19.845 0.1428571492
67056  -42.185  -18.408  -19.500 0.1428571492
63518  -39.837  -21.216  -19.957 0.1428571492
63526  -38.183  -20.959  -21.335 0.1428571492
65900  -39.730  -19.567  -20.150 0.1428571492
67122  -39.098  -18.583  -21.214 0.1428571492
75269  -41.783  -12.225  -21.664 0.1428571492
75287  -41.635  -11.125  -21.930 0.1428571492
74058  -40.969  -13.368  -20.709 0.1428571492
71498  -38.614  -14.760  -21.422 0.1428571492
72797  -39.678  -13.748  -20.400 0.1428571492
71573  -37.674  -14.192  -24.497 0.1428571492
59072  -28.240  -24.683  -23.278 0.2857142985
70350  -42.290  -15.580  -20.421 0.1428571492
72800  -41.993  -14.230  -20.832 0.1428571492
75288  -42.216  -11.636  -22.132 0.1428571492
76470  -41.937  -10.588  -22.247 0.1428571492
80111  -28.413  -7.328  -31.150 0.4285714328
76469  -41.108  -10.619  -21.837 0.1428571492
76455  -40.516  -11.107  -21.459 0.1428571492
75265  -38.295  -11.523  -21.887 0.1428571492
72894  -37.672  -13.190  -25.341 0.1428571492
72895  -37.825  -13.471  -26.142 0.1428571492
85502  -26.018  -2.659  -31.205 0.4285714328
89739  -33.371  1.602  -36.230 0.1428571492
64770  -36.813  -20.432  -22.953 0.1428571492
63539  -36.768  -20.976  -22.582 0.1428571492
72929  -38.180  -13.275  -27.819 0.1428571492
69375  -37.853  -16.572  -23.954 0.1428571492
71525  -37.710  -14.116  -22.845 0.1428571492
69376  -38.170  -16.623  -23.244 0.1428571492
72807  -38.359  -13.548  -21.543 0.1428571492
72854  -37.581  -13.368  -23.646 0.1428571492
74091  -37.608  -12.555  -22.921 0.1428571492
74067  -38.314  -12.522  -21.591 0.1428571492
68268  -38.412  -17.603  -22.728 0.1428571492
72808  -38.894  -13.700  -20.823 0.1428571492
70367  -38.731  -16.057  -21.560 0.1428571492
75266  -39.015  -11.864  -21.002 0.1428571492
63540  -37.311  -20.895  -22.248 0.1428571492
65947  -37.457  -19.657  -23.020 0.1428571492
68240  -38.781  -17.662  -21.750 0.1428571492
69326  -39.132  -16.838  -20.954 0.1428571492
69302  -39.559  -16.945  -20.340 0.1428571492
71488  -39.884  -14.910  -20.123 0.1428571492
65928  -38.853  -19.666  -21.274 0.1428571492
64760  -38.689  -20.219  -21.233 0.1428571492
68210  -39.527  -17.763  -20.440 0.1428571492
70331  -40.892  -16.490  -19.513 0.1428571492
62311  -36.078  -22.422  -21.924 0.1428571492
61204  -37.335  -22.394  -21.191 0.1428571492
63517  -39.329  -21.324  -20.301 0.1428571492
67087  -39.528  -18.764  -20.495 0.1428571492
67054  -40.573  -18.663  -19.521 0.1428571492
64742  -39.813  -20.637  -20.072 0.1428571492
69282  -41.140  -16.951  -19.447 0.1428571492
69304  -42.465  -16.596  -20.159 0.1428571492
55347  -26.015  -28.268  -18.898 0.1428571492
56586  -26.825  -27.388  -18.788 0.1428571492
56603  -25.966  -27.690  -20.134 0.1428571492
57822  -26.475  -27.328  -19.856 0.1428571492
57837  -26.484  -27.086  -20.454 0.1428571492
57847  -27.043  -26.124  -21.799 0.1428571492
57855  -26.356  -25.997  -22.225 0.1428571492
59056  -26.555  -25.476  -22.700 0.1428571492
57856  -26.880  -25.863  -22.357 0.1428571492
59057  -27.437  -25.474  -22.411 0.1428571492
59070  -26.761  -24.950  -23.159 0.1428571492
60149  -25.954  -24.128  -23.515 0.1428571492
60164  -26.046  -23.672  -23.878 0.1428571492
61252  -26.740  -22.989  -24.724 0.1428571492
60165  -26.447  -23.722  -24.054 0.1428571492
61269  -27.421  -22.748  -25.237 0.1428571492
61268  -26.896  -22.504  -25.245 0.2857142985
62392  -28.849  -21.492  -25.813 0.2857142985
64855  -29.001  -19.285  -26.775 0.4285714328
67228  -29.007  -18.470  -27.132 0.4285714328
79033  -28.883  -8.647  -30.641 0.2857142985
79032  -27.854  -8.435  -31.174 0.2857142985
83217  -23.363  -4.582  -29.485 0.2857142985
82212  -25.204  -4.822  -30.865 0.2857142985
83241  -25.448  -4.385  -31.070 0.2857142985
84299  -25.087  -3.664  -30.943 0.4285714328
60166  -27.295  -23.891  -24.313 0.1428571492
62373  -26.421  -22.019  -25.272 0.1428571492
62374  -27.105  -22.157  -25.553 0.2857142985
57846  -26.297  -26.692  -21.482 0.1428571492
59055  -25.755  -25.239  -22.592 0.1428571492
60133  -25.752  -24.616  -22.983 0.1428571492
61251  -25.763  -23.152  -24.055 0.1428571492
62356  -26.003  -22.424  -24.702 0.1428571492
63592  -26.451  -21.285  -25.539 0.2857142985
62375  -27.893  -22.289  -25.581 0.2857142985
62389  -26.823  -21.594  -25.638 0.2857142985
62390  -27.383  -21.587  -25.809 0.2857142985
62391  -28.174  -21.624  -25.869 0.2857142985
64835  -28.496  -20.195  -26.448 0.4285714328
66028  -28.043  -19.011  -27.264 0.2857142985
77828  -28.761  -10.004  -30.420 0.2857142985
77826  -27.202  -9.353  -30.985 0.2857142985
79031  -26.890  -8.191  -31.203 0.2857142985
82194  -25.277  -5.737  -30.763 0.2857142985
82166  -23.166  -5.272  -29.192 0.2857142985
63612  -28.335  -20.880  -26.107 0.2857142985
77827  -28.127  -9.672  -30.867 0.2857142985
79030  -26.146  -7.890  -31.051 0.2857142985
80093  -25.280  -7.025  -30.696 0.2857142985
80109  -26.616  -7.146  -31.230 0.2857142985
80108  -25.929  -7.028  -30.947 0.2857142985
81131  -24.359  -6.185  -30.189 0.2857142985
81150  -26.227  -6.217  -31.192 0.2857142985
77824  -25.841  -8.250  -30.849 0.2857142985
79019  -24.960  -7.938  -30.421 0.2857142985
59071  -27.589  -24.917  -23.233 0.1428571492
82213  -25.663  -5.301  -31.029 0.2857142985
81133  -25.578  -6.231  -30.860 0.2857142985
56585  -26.365  -27.625  -19.323 0.1428571492
59069  -26.156  -24.886  -22.984 0.1428571492
64854  -28.539  -19.527  -26.821 0.4285714328
82193  -24.798  -5.295  -30.571 0.2857142985
80091  -24.031  -7.060  -30.003 0.2857142985
67227  -28.406  -18.211  -27.666 0.2857142985
90788  -31.501  3.138  -38.922 0.1428571492
90766  -30.827  2.532  -37.003 0.1428571492
89723  -31.033  1.607  -35.639 0.1428571492
89737  -31.689  2.106  -36.580 0.1428571492
91770  -31.067  3.650  -39.086 0.1428571492
89736  -30.940  2.190  -36.318 0.1428571492
90756  -29.770  2.234  -35.466 0.1428571492
91758  -29.471  4.209  -37.439 0.1428571492
68370  -29.076  -17.539  -27.598 0.2857142985
68387  -28.792  -16.707  -28.200 0.2857142985
89749  -32.456  2.188  -37.191 0.1428571492
90789  -32.339  2.664  -38.594 0.1428571492
90767  -31.249  2.375  -36.877 0.1428571492
90765  -30.065  2.823  -36.811 0.1428571492
91750  -29.647  3.383  -37.008 0.1428571492
90755  -29.786  3.082  -36.033 0.1428571492
88715  -30.657  1.213  -35.177 0.1428571492
66030  -29.031  -18.947  -26.902 0.2857142985
90775  -30.751  2.876  -37.911 0.1428571492
90787  -30.753  3.442  -38.618 0.1428571492
90776  -31.580  2.563  -37.639 0.1428571492
89735  -30.531  2.380  -36.411 0.1428571492
91779  -30.945  4.526  -39.313 0.1428571492
89748  -32.014  2.314  -37.310 0.1428571492
129979  -25.237  -9.268  -30.200 0.1428571492
77825  -26.106  -8.936  -30.781 0.1428571492
81094  -21.366  -5.644  -28.122 0.1428571492
81107  -21.856  -5.451  -28.468 0.1428571492
81109  -23.673  -6.209  -29.584 0.1428571492
82163  -20.202  -4.283  -28.937 0.1428571492
82189  -19.844  -4.853  -30.164 0.1428571492
84295  -18.892  -4.315  -31.150 0.2857142985
71657  -28.634  -14.357  -29.001 0.1428571492
75453  -27.657  -11.478  -30.382 0.1428571492
76624  -27.985  -11.006  -30.595 0.1428571492
76607  -26.697  -10.083  -30.619 0.1428571492
129978  -25.130  -8.544  -30.365 0.1428571492
84268  -22.228  -3.781  -28.932 0.1428571492
84279  -20.629  -3.650  -30.197 0.1428571492
85517  -20.274  -2.753  -32.267 0.2857142985
85486  -22.183  -3.290  -28.824 0.2857142985
87635  -23.649  -0.740  -29.154 0.2857142985
87633  -22.274  -1.153  -28.446 0.2857142985
87649  -23.543  0.179  -29.742 0.2857142985
89667  -22.511  2.913  -30.905 0.1428571492
84282  -24.361  -3.648  -30.286 0.2857142985
85485  -20.668  -2.926  -30.605 0.2857142985
85487  -23.691  -2.885  -29.717 0.2857142985
86625  -23.056  -2.228  -29.152 0.2857142985
86610  -22.533  -1.796  -28.461 0.2857142985
86627  -25.126  -1.542  -30.729 0.2857142985
86611  -23.435  -1.297  -29.067 0.2857142985
87651  -24.771  -0.656  -30.419 0.2857142985
88643  -22.880  0.593  -30.461 0.1428571492
87623  -21.904  0.068  -28.820 0.2857142985
90705  -25.427  2.571  -31.510 0.1428571492
91682  -25.382  3.579  -31.556 0.1428571492
86595  -21.735  -1.911  -27.939 0.1428571492
129993  -18.572  -3.018  -30.494 0.2857142985
87622  -21.873  -0.880  -28.337 0.2857142985
88627  -21.625  1.193  -30.472 0.1428571492
88628  -21.695  0.639  -29.570 0.1428571492
82147  -19.425  -4.767  -29.368 0.2857142985
87608  -21.718  -0.069  -28.402 0.1428571492
130445  -22.096  3.086  -30.221 0.1428571492
89634  -20.951  0.961  -28.660 0.1428571492
82120  -18.933  -5.270  -26.398 0.1428571492
77840  -34.778  -9.330  -33.679 0.1428571492
75458  -36.773  -11.404  -32.107 0.1428571492
74258  -28.117  -12.107  -30.305 0.1428571492
129975  -25.641  -10.283  -30.017 0.1428571492
77841  -35.215  -9.905  -33.059 0.1428571492
129976  -26.049  -10.006  -30.370 0.1428571492
129985  -23.793  -8.347  -29.558 0.1428571492
79007  -23.486  -8.027  -29.433 0.1428571492
79018  -24.397  -7.723  -30.152 0.1428571492
81095  -22.241  -6.475  -28.441 0.1428571492
82148  -20.511  -4.701  -28.368 0.1428571492
83197  -22.685  -4.557  -29.083 0.1428571492
83176  -18.874  -4.346  -29.555 0.2857142985
85474  -20.704  -3.369  -29.240 0.1428571492
86624  -22.373  -2.505  -28.726 0.2857142985
85455  -21.832  -2.341  -28.199 0.1428571492
88604  -21.664  0.327  -28.070 0.1428571492
88616  -21.281  0.502  -28.999 0.1428571492
89644  -20.824  1.435  -29.830 0.1428571492
88625  -21.714  2.516  -30.424 0.1428571492
88641  -22.066  2.087  -31.056 0.1428571492
76625  -35.783  -10.702  -33.101 0.1428571492
88659  -23.278  1.320  -31.535 0.1428571492
89668  -22.873  2.737  -31.434 0.1428571492
87650  -24.087  -0.428  -29.625 0.2857142985
88644  -24.074  0.265  -30.350 0.2857142985
88642  -22.276  1.405  -31.103 0.1428571492
85501  -25.392  -3.179  -31.135 0.2857142985
74243  -28.461  -12.527  -30.012 0.1428571492
72969  -28.243  -13.001  -29.784 0.1428571492
76610  -28.724  -10.709  -30.371 0.1428571492
75441  -37.296  -11.585  -31.309 0.1428571492
83240  -24.845  -4.377  -30.689 0.1428571492
84281  -23.245  -3.799  -29.499 0.1428571492
77813  -24.349  -8.153  -30.009 0.1428571492
80077  -23.465  -7.156  -29.488 0.1428571492
81108  -22.823  -6.205  -28.878 0.1428571492
82164  -21.182  -4.753  -28.869 0.1428571492
82165  -22.049  -4.786  -28.684 0.1428571492
76608  -27.553  -10.630  -30.614 0.1428571492
82191  -21.229  -4.522  -29.155 0.1428571492
83196  -22.085  -4.055  -28.799 0.1428571492
84280  -21.755  -3.706  -29.133 0.2857142985
85484  -19.975  -2.178  -30.945 0.2857142985
87634  -22.903  -0.273  -28.883 0.2857142985
86612  -23.900  -1.024  -29.388 0.2857142985
87621  -21.599  -1.264  -27.916 0.1428571492
90701  -22.556  3.302  -30.677 0.1428571492
85488  -24.842  -2.666  -30.747 0.2857142985
86626  -24.149  -1.601  -29.859 0.2857142985
86596  -21.919  -1.808  -28.220 0.1428571492
91683  -26.669  3.265  -31.510 0.1428571492
84267  -20.093  -2.870  -29.518 0.1428571492
85475  -21.799  -2.792  -28.443 0.2857142985
89643  -21.134  1.889  -30.424 0.1428571492
63590  -25.361  -20.957  -24.961 0.1428571492
63610  -26.843  -20.931  -25.857 0.1428571492
65975  -24.628  -20.082  -25.083 0.1428571492
65994  -25.124  -19.657  -25.700 0.1428571492
66007  -25.532  -18.952  -26.223 0.1428571492
64832  -26.387  -20.248  -25.957 0.1428571492
65995  -25.938  -19.901  -25.907 0.1428571492
63611  -27.577  -20.897  -26.059 0.1428571492
67205  -25.753  -18.345  -26.517 0.1428571492
66027  -27.255  -19.088  -26.939 0.1428571492
64853  -27.896  -19.673  -26.796 0.1428571492
67224  -26.412  -18.266  -26.886 0.1428571492
67242  -28.032  -17.954  -27.968 0.1428571492
69469  -27.717  -16.311  -28.524 0.1428571492
69471  -28.891  -16.042  -28.383 0.1428571492
83177  -19.986  -3.969  -28.762 0.1428571492
64833  -27.017  -20.182  -26.344 0.1428571492
63571  -25.466  -21.454  -24.822 0.1428571492
64795  -24.971  -20.512  -25.041 0.1428571492
64815  -25.857  -20.376  -25.620 0.1428571492
87607  -21.348  -0.773  -27.581 0.1428571492
70503  -29.184  -15.268  -28.363 0.1428571492
66029  -28.651  -18.955  -27.138 0.1428571492
63609  -26.292  -20.786  -25.635 0.1428571492
63591  -25.898  -21.143  -25.251 0.1428571492
64834  -27.770  -20.269  -26.412 0.1428571492
67226  -27.634  -18.204  -27.638 0.1428571492
64814  -25.446  -20.533  -25.322 0.1428571492
65993  -24.403  -19.165  -25.540 0.1428571492
66008  -26.326  -19.315  -26.407 0.1428571492
66009  -26.993  -19.610  -26.609 0.1428571492
66026  -26.760  -18.746  -26.870 0.1428571492
68342  -25.304  -17.721  -26.569 0.1428571492
64852  -27.384  -19.767  -26.620 0.1428571492
67225  -26.953  -18.293  -27.282 0.1428571492
67204  -24.900  -18.425  -26.160 0.1428571492
63570  -24.896  -21.258  -24.517 0.1428571492
60136  -30.138  -23.980  -22.288 0.4285714328
61271  -28.829  -23.047  -24.989 0.2857142985
66014  -33.625  -18.836  -26.377 0.7142857313
67194  -34.819  -18.490  -26.076 0.5714285970
67196  -35.832  -18.263  -25.515 0.2857142985
67241  -27.843  -17.754  -28.020 0.1428571492
68187  -41.571  -17.637  -19.456 0.1428571492
68211  -39.940  -17.753  -19.826 0.1428571492
68343  -29.435  -17.715  -27.163 0.5714285970
68369  -28.597  -17.757  -27.897 0.2857142985
69470  -28.407  -16.048  -28.537 0.1428571492
70332  -41.317  -16.290  -19.599 0.1428571492
70349  -41.493  -15.542  -19.929 0.1428571492
70502  -28.814  -15.250  -28.592 0.1428571492
70506  -35.432  -15.312  -28.724 0.7142857313
70507  -36.198  -15.237  -28.769 0.4285714328
71491  -42.381  -14.677  -20.927 0.1428571492
71589  -37.873  -13.917  -26.580 0.2857142985
71608  -30.269  -15.178  -27.276 0.7142857313
71674  -28.479  -13.822  -29.297 0.4285714328
72832  -37.649  -13.645  -22.869 0.1428571492
72943  -37.580  -13.846  -29.091 0.4285714328
72985  -36.401  -12.700  -30.907 0.2857142985
72994  -27.902  -12.315  -30.178 0.1428571492
72995  -28.060  -12.470  -30.138 0.1428571492
74057  -40.387  -12.870  -20.654 0.1428571492
74068  -38.723  -12.870  -21.030 0.1428571492
74205  -35.280  -12.297  -29.102 0.5714285970
74215  -29.238  -13.039  -29.216 0.4285714328
74231  -29.409  -11.861  -29.418 0.5714285970
74259  -28.339  -11.842  -30.389 0.2857142985
74260  -35.913  -11.833  -31.622 0.4285714328
75250  -39.616  -12.206  -20.792 0.1428571492
75404  -35.327  -11.648  -29.208 0.8571428657
75414  -29.535  -11.085  -29.528 0.5714285970
75415  -29.747  -11.335  -29.238 0.5714285970
75438  -28.410  -11.220  -30.465 0.1428571492
75439  -28.703  -11.384  -30.270 0.2857142985
75454  -28.204  -11.430  -30.477 0.1428571492
76563  -34.407  -11.252  -27.867 0.8571428657
76588  -30.002  -10.584  -29.253 0.5714285970
76609  -28.315  -10.775  -30.565 0.1428571492
76623  -27.829  -11.178  -30.523 0.1428571492
77778  -31.701  -10.323  -27.940 0.8571428657
77779  -32.029  -10.266  -27.788 0.8571428657
77792  -30.757  -9.769  -28.740 0.8571428657
77814  -25.525  -8.379  -30.632 0.2857142985
77815  -25.495  -8.796  -30.514 0.1428571492
77816  -29.469  -9.589  -29.895 0.4285714328
79010  -34.862  -8.432  -28.911 0.7142857313
79017  -23.930  -8.003  -29.782 0.1428571492
79029  -25.611  -7.752  -30.787 0.2857142985
80066  -32.646  -8.120  -28.310 1.0000000000
80092  -24.634  -7.029  -30.416 0.2857142985
81104  -18.276  -5.727  -30.347 0.2857142985
81105  -18.145  -6.153  -30.103 0.1428571492
81106  -21.228  -4.905  -28.414 0.1428571492
81128  -18.471  -4.758  -30.364 0.2857142985
81129  -18.706  -5.545  -30.666 0.2857142985
81130  -18.651  -6.078  -30.560 0.1428571492
81132  -24.988  -6.232  -30.609 0.2857142985
81135  -30.784  -6.404  -30.032 1.0000000000
81148  -18.930  -5.629  -30.928 0.2857142985
81149  -18.828  -5.839  -30.857 0.2857142985
82146  -18.505  -5.162  -29.612 0.1428571492
82161  -18.026  -5.511  -29.888 0.2857142985
82162  -18.922  -5.700  -29.705 0.1428571492
82187  -18.874  -4.959  -30.714 0.2857142985
82188  -19.347  -5.970  -30.425 0.1428571492
82190  -20.594  -4.315  -29.531 0.1428571492
82192  -23.972  -5.331  -29.837 0.1428571492
82209  -19.012  -5.263  -30.853 0.2857142985
82210  -19.182  -5.572  -30.815 0.1428571492
82211  -19.499  -5.357  -30.541 0.1428571492
83175  -18.260  -4.711  -29.841 0.2857142985
83195  -18.540  -3.737  -30.037 0.2857142985
83214  -20.104  -4.653  -30.614 0.1428571492
83215  -20.451  -4.319  -30.572 0.1428571492
83216  -21.221  -4.159  -29.487 0.1428571492
83218  -24.159  -4.494  -30.059 0.1428571492
83225  -35.038  -4.615  -30.298 0.5714285970
83236  -19.134  -4.890  -30.943 0.2857142985
83237  -19.271  -4.790  -30.884 0.2857142985
83238  -19.837  -4.676  -30.897 0.1428571492
83239  -20.276  -4.177  -31.272 0.1428571492
84250  -19.335  -3.349  -29.651 0.2857142985
84269  -22.649  -4.043  -29.144 0.1428571492
84283  -30.814  -4.088  -30.443 0.8571428657
84296  -19.504  -4.191  -31.391 0.2857142985
84297  -20.005  -3.969  -31.616 0.2857142985
84298  -20.475  -3.529  -31.445 0.2857142985
84308  -35.127  -3.517  -30.846 0.1428571492
84315  -19.227  -3.773  -31.643 0.2857142985
84316  -19.578  -3.620  -31.872 0.2857142985
84317  -20.003  -3.396  -32.110 0.2857142985
84318  -20.339  -3.094  -32.176 0.2857142985
85473  -20.159  -2.639  -30.182 0.2857142985
85482  -18.457  -3.562  -30.926 0.2857142985
85483  -19.047  -2.380  -31.197 0.2857142985
85492  -34.808  -3.265  -30.727 0.1428571492
85497  -18.913  -3.468  -31.710 0.2857142985
85498  -18.834  -2.775  -31.867 0.2857142985
85499  -20.178  -2.457  -32.241 0.2857142985
85500  -20.515  -2.718  -31.890 0.2857142985
85510  -34.171  -2.296  -31.018 0.1428571492
85514  -19.242  -3.474  -31.949 0.2857142985
85515  -19.364  -3.080  -32.238 0.2857142985
85516  -19.975  -2.853  -32.381 0.2857142985
86621  -19.767  -2.049  -31.606 0.2857142985
86622  -20.284  -2.210  -31.579 0.2857142985
86623  -20.470  -2.451  -31.625 0.2857142985
86633  -19.416  -2.274  -31.904 0.2857142985
86634  -19.988  -2.025  -32.037 0.2857142985
86635  -20.378  -2.273  -31.978 0.2857142985
86642  -32.651  -1.029  -31.768 0.2857142985
86648  -19.302  -2.594  -32.145 0.2857142985
86649  -19.682  -2.493  -32.234 0.2857142985
86655  -33.869  -0.981  -31.959 0.1428571492
87609  -21.612  0.280  -28.766 0.2857142985
87685  -33.041  0.062  -33.188 0.1428571492
87686  -33.713  -0.044  -33.016 0.1428571492
87698  -31.497  0.281  -33.756 0.2857142985
87710  -31.148  0.549  -34.367 0.2857142985
87711  -31.256  0.458  -34.146 0.2857142985
88605  -21.445  0.535  -28.603 0.1428571492
88626  -21.576  1.793  -30.911 0.1428571492
88640  -22.099  2.450  -30.853 0.1428571492
88656  -22.296  2.599  -30.889 0.1428571492
88657  -22.404  2.435  -31.122 0.1428571492
88673  -23.650  1.353  -31.816 0.1428571492
88691  -34.824  -0.070  -33.227 0.1428571492
88701  -30.748  0.617  -34.337 0.2857142985
88703  -32.912  0.871  -34.125 0.1428571492
88704  -33.533  0.814  -34.071 0.1428571492
89645  -20.775  0.985  -29.220 0.1428571492
89654  -22.351  3.110  -30.559 0.1428571492
89666  -22.160  2.761  -30.662 0.1428571492
89684  -23.534  1.570  -31.852 0.2857142985
89685  -23.828  1.601  -31.924 0.2857142985
89708  -29.593  1.928  -34.502 0.2857142985
90702  -22.972  3.656  -30.931 0.1428571492
91749  -29.491  3.859  -36.807 0.1428571492
91759  -29.695  3.811  -37.623 0.1428571492
129980  -24.663  -8.478  -30.103 0.1428571492
129981  -24.911  -8.333  -30.302 0.1428571492
129983  -24.233  -8.410  -29.825 0.1428571492
129984  -24.580  -8.086  -30.178 0.1428571492
129986  -18.213  -4.034  -30.042 0.2857142985
129987  -18.072  -4.962  -29.873 0.2857142985
129988  -19.038  -2.854  -30.072 0.2857142985
129989  -18.021  -4.083  -30.284 0.2857142985
129990  -18.412  -3.610  -30.408 0.2857142985
129992  -19.378  -2.611  -30.306 0.2857142985
130436  -22.505  3.519  -30.254 0.1428571492
130443  -21.213  2.336  -29.706 0.1428571492
