#!ascii label  , from subject sub-THP0005 vox2ras=TkReg
356
64796  -32.856  -20.370  -25.211 0.0000000000
68371  -29.612  -16.835  -27.373 0.0000000000
82214  -26.594  -5.375  -31.365 0.0000000000
80078  -30.845  -8.317  -29.267 0.0000000000
74189  -34.411  -12.681  -27.960 0.0000000000
69428  -36.615  -16.495  -26.621 0.0000000000
84299  -25.087  -3.664  -30.943 0.0000000000
77780  -32.741  -10.190  -27.602 0.0000000000
74202  -30.353  -12.697  -28.236 0.0000000000
66012  -31.994  -18.875  -26.590 0.0000000000
68373  -33.545  -17.201  -27.346 0.0000000000
65998  -34.552  -18.894  -25.823 0.0000000000
60168  -28.954  -23.740  -24.049 0.0000000000
63614  -30.020  -20.520  -26.042 0.0000000000
88662  -26.669  0.328  -30.984 0.0000000000
87663  -27.855  -0.769  -31.216 0.0000000000
85504  -28.346  -2.557  -31.109 0.0000000000
84304  -29.589  -3.376  -30.800 0.0000000000
83222  -32.058  -4.237  -29.899 0.0000000000
81154  -28.953  -6.706  -30.871 0.0000000000
82169  -33.716  -5.657  -29.068 0.0000000000
79011  -35.212  -8.193  -29.531 0.0000000000
75428  -35.505  -11.406  -30.716 0.0000000000
72973  -36.772  -13.142  -30.512 0.0000000000
71627  -31.904  -14.650  -26.727 0.0000000000
70505  -34.843  -15.051  -28.595 0.0000000000
75427  -29.459  -11.528  -29.465 0.0000000000
74229  -28.568  -12.863  -29.767 0.0000000000
64818  -32.428  -19.958  -25.942 0.0000000000
66013  -32.887  -18.850  -26.581 0.0000000000
64820  -34.151  -19.532  -25.404 0.0000000000
59035  -28.440  -25.074  -20.552 0.0000000000
60106  -29.025  -24.574  -21.226 0.0000000000
60121  -29.629  -24.280  -21.750 0.0000000000
64836  -29.321  -19.899  -26.410 0.0000000000
64835  -28.496  -20.195  -26.448 0.0000000000
86638  -28.065  -1.627  -31.201 0.0000000000
83242  -26.167  -4.488  -31.331 0.0000000000
84302  -27.642  -3.613  -31.163 0.0000000000
83244  -28.057  -4.571  -31.200 0.0000000000
84305  -30.581  -3.303  -30.674 0.0000000000
83219  -29.642  -4.861  -30.698 0.0000000000
80095  -30.583  -7.524  -29.773 0.0000000000
81136  -31.387  -6.168  -29.639 0.0000000000
81110  -32.110  -6.498  -29.153 0.0000000000
80082  -34.775  -7.439  -29.062 0.0000000000
80067  -33.544  -7.941  -28.375 0.0000000000
75386  -34.052  -11.814  -27.638 0.0000000000
76578  -34.864  -10.690  -28.515 0.0000000000
75403  -35.068  -11.833  -28.711 0.0000000000
72984  -36.067  -12.621  -30.843 0.0000000000
72958  -35.438  -13.249  -29.692 0.0000000000
70484  -29.138  -15.705  -28.295 0.0000000000
71625  -30.128  -14.778  -27.559 0.0000000000
70465  -30.844  -15.788  -26.738 0.0000000000
68375  -35.210  -16.985  -27.298 0.0000000000
69455  -34.092  -16.331  -27.908 0.0000000000
69475  -36.001  -15.762  -28.066 0.0000000000
71643  -36.508  -14.800  -29.106 0.0000000000
70489  -36.986  -15.380  -27.903 0.0000000000
61236  -30.478  -23.435  -23.179 0.0000000000
61255  -29.339  -23.133  -24.496 0.0000000000
62358  -30.187  -22.715  -24.317 0.0000000000
63572  -30.604  -21.953  -24.805 0.0000000000
77817  -29.824  -9.359  -29.608 0.0000000000
78996  -31.614  -8.944  -28.509 0.0000000000
76575  -30.598  -10.667  -28.725 0.0000000000
75402  -31.137  -11.334  -28.073 0.0000000000
74187  -32.750  -12.670  -27.191 0.0000000000
67207  -30.333  -18.182  -26.585 0.0000000000
69425  -31.349  -16.567  -26.558 0.0000000000
67209  -32.669  -18.074  -26.866 0.0000000000
67231  -33.977  -18.088  -27.069 0.0000000000
68348  -35.274  -17.744  -26.519 0.0000000000
60154  -29.893  -23.948  -22.835 0.0000000000
67206  -29.485  -18.059  -26.933 0.0000000000
66010  -29.638  -18.956  -26.567 0.0000000000
64837  -30.519  -19.858  -26.236 0.0000000000
63596  -32.093  -20.571  -25.529 0.0000000000
88675  -28.896  0.874  -31.743 0.0000000000
88645  -24.550  -0.100  -30.282 0.0000000000
87661  -25.801  -0.639  -30.719 0.0000000000
87670  -29.535  -0.254  -31.895 0.0000000000
86651  -30.169  -0.767  -31.947 0.0000000000
86640  -30.079  -1.538  -31.477 0.0000000000
84301  -26.631  -3.624  -31.298 0.0000000000
85505  -29.332  -2.438  -31.048 0.0000000000
85507  -31.169  -1.838  -31.356 0.0000000000
84306  -31.763  -2.688  -30.783 0.0000000000
85490  -33.455  -2.702  -30.567 0.0000000000
84286  -33.739  -3.493  -30.047 0.0000000000
81152  -27.907  -6.382  -31.455 0.0000000000
82196  -30.435  -5.558  -30.348 0.0000000000
83199  -32.449  -4.846  -29.519 0.0000000000
82198  -34.874  -5.065  -29.888 0.0000000000
82171  -35.178  -6.105  -29.857 0.0000000000
77829  -35.278  -9.738  -32.046 0.0000000000
78998  -33.425  -8.706  -28.013 0.0000000000
77807  -35.261  -9.201  -29.613 0.0000000000
72956  -29.376  -13.564  -28.856 0.0000000000
72925  -31.141  -13.587  -27.363 0.0000000000
72927  -33.386  -13.553  -27.225 0.0000000000
70486  -32.778  -15.592  -26.751 0.0000000000
71641  -33.900  -14.863  -27.606 0.0000000000
71659  -34.887  -14.226  -28.813 0.0000000000
71661  -36.176  -14.471  -29.443 0.0000000000
72959  -37.504  -13.425  -29.696 0.0000000000
63593  -29.482  -21.629  -25.591 0.0000000000
63573  -31.306  -21.523  -24.828 0.0000000000
63574  -32.271  -21.069  -24.823 0.0000000000
64819  -33.330  -19.740  -25.570 0.0000000000
64797  -33.766  -20.140  -24.974 0.0000000000
59022  -29.193  -24.931  -19.354 0.0000000000
59036  -29.243  -24.524  -20.369 0.0000000000
83243  -27.080  -4.529  -31.339 0.0000000000
83245  -29.193  -4.642  -30.849 0.0000000000
82215  -27.503  -5.447  -31.430 0.0000000000
79020  -29.508  -8.725  -30.139 0.0000000000
80094  -29.686  -7.955  -30.313 0.0000000000
80096  -31.306  -6.879  -29.539 0.0000000000
80079  -31.683  -7.820  -28.958 0.0000000000
80080  -32.805  -7.275  -28.573 0.0000000000
75387  -34.655  -11.826  -28.201 0.0000000000
74204  -34.910  -12.654  -28.691 0.0000000000
74217  -35.252  -12.839  -29.276 0.0000000000
69453  -29.759  -16.182  -27.488 0.0000000000
70464  -30.175  -15.593  -27.259 0.0000000000
69424  -30.296  -16.547  -26.907 0.0000000000
69427  -35.825  -16.758  -26.972 0.0000000000
69457  -35.621  -16.308  -27.670 0.0000000000
69458  -36.373  -16.055  -27.534 0.0000000000
70488  -36.448  -15.535  -28.160 0.0000000000
69459  -37.001  -15.931  -27.185 0.0000000000
70467  -37.396  -15.360  -27.072 0.0000000000
62340  -30.586  -22.986  -23.685 0.0000000000
77804  -29.702  -9.968  -29.628 0.0000000000
77805  -30.077  -9.797  -29.355 0.0000000000
76587  -29.603  -10.541  -29.600 0.0000000000
75401  -30.399  -11.828  -28.491 0.0000000000
75384  -31.981  -11.759  -27.456 0.0000000000
74203  -31.032  -12.417  -27.772 0.0000000000
67208  -31.461  -18.166  -26.569 0.0000000000
66015  -34.090  -18.828  -26.175 0.0000000000
67210  -33.516  -18.384  -26.830 0.0000000000
67211  -34.404  -18.337  -26.568 0.0000000000
68347  -34.724  -17.926  -26.875 0.0000000000
67212  -34.974  -18.277  -26.233 0.0000000000
68325  -35.564  -17.984  -25.948 0.0000000000
67195  -35.376  -18.441  -25.694 0.0000000000
59034  -27.795  -25.720  -20.398 0.0000000000
59020  -27.580  -26.087  -19.837 0.0000000000
60135  -29.508  -24.289  -22.555 0.0000000000
61217  -30.843  -23.680  -21.917 0.0000000000
67228  -29.007  -18.470  -27.132 0.0000000000
64817  -31.473  -20.319  -25.986 0.0000000000
64816  -30.742  -20.614  -25.896 0.0000000000
88661  -25.228  0.396  -30.758 0.0000000000
89673  -27.599  1.249  -31.318 0.0000000000
86636  -26.045  -1.584  -30.925 0.0000000000
87662  -26.912  -0.691  -30.937 0.0000000000
88664  -28.430  -0.183  -31.448 0.0000000000
87664  -28.712  -0.635  -31.487 0.0000000000
86639  -29.265  -1.296  -31.447 0.0000000000
84300  -25.755  -3.679  -31.281 0.0000000000
84303  -28.655  -3.557  -30.969 0.0000000000
85506  -30.199  -2.328  -31.056 0.0000000000
85508  -32.299  -1.633  -31.396 0.0000000000
84284  -31.468  -3.721  -30.359 0.0000000000
84285  -32.567  -3.288  -30.211 0.0000000000
80111  -28.413  -7.328  -31.150 0.0000000000
80110  -27.457  -7.301  -31.375 0.0000000000
81153  -28.554  -6.365  -31.198 0.0000000000
82217  -29.088  -5.868  -30.942 0.0000000000
81134  -29.791  -6.599  -30.502 0.0000000000
82168  -32.751  -5.606  -29.173 0.0000000000
82167  -31.794  -5.459  -29.583 0.0000000000
83200  -33.361  -4.942  -29.292 0.0000000000
83224  -34.244  -4.510  -29.622 0.0000000000
83201  -34.026  -5.124  -29.227 0.0000000000
82199  -35.331  -5.633  -30.392 0.0000000000
82170  -34.647  -5.610  -29.480 0.0000000000
80083  -35.341  -7.478  -29.887 0.0000000000
79022  -35.398  -8.447  -30.379 0.0000000000
79034  -35.363  -8.634  -31.569 0.0000000000
77794  -32.243  -9.615  -27.929 0.0000000000
78997  -32.537  -8.876  -28.120 0.0000000000
77795  -33.286  -9.612  -27.705 0.0000000000
76579  -35.327  -11.096  -29.384 0.0000000000
76589  -35.125  -9.939  -29.185 0.0000000000
76590  -35.411  -10.502  -29.922 0.0000000000
76600  -35.372  -10.593  -31.263 0.0000000000
72972  -36.198  -13.164  -30.540 0.0000000000
71658  -29.066  -14.016  -28.949 0.0000000000
71626  -30.862  -14.549  -27.075 0.0000000000
72924  -30.537  -14.122  -27.506 0.0000000000
72926  -32.386  -13.616  -26.982 0.0000000000
71628  -33.203  -14.591  -27.036 0.0000000000
68372  -32.867  -17.229  -26.927 0.0000000000
69426  -32.386  -16.511  -26.628 0.0000000000
69454  -33.273  -16.432  -27.117 0.0000000000
69472  -34.523  -15.650  -28.216 0.0000000000
70504  -34.210  -15.346  -28.034 0.0000000000
71642  -34.393  -14.425  -28.092 0.0000000000
70522  -35.166  -14.566  -28.972 0.0000000000
71660  -35.422  -14.102  -29.349 0.0000000000
70523  -35.470  -14.777  -29.058 0.0000000000
71644  -37.114  -14.543  -28.917 0.0000000000
71645  -37.651  -13.968  -28.803 0.0000000000
62359  -31.283  -22.216  -24.185 0.0000000000
62360  -32.044  -21.766  -24.227 0.0000000000
63553  -32.939  -21.538  -24.014 0.0000000000
75426  -29.321  -11.369  -29.703 0.0000000000
74230  -28.980  -12.478  -29.690 0.0000000000
74216  -29.642  -12.546  -28.887 0.0000000000
64839  -32.410  -19.367  -26.376 0.0000000000
65996  -33.075  -19.333  -26.130 0.0000000000
65997  -33.798  -19.200  -25.910 0.0000000000
65999  -35.037  -18.966  -25.465 0.0000000000
65976  -34.782  -19.313  -25.331 0.0000000000
64798  -34.701  -19.894  -24.902 0.0000000000
59021  -28.178  -25.515  -19.647 0.0000000000
60120  -28.948  -24.653  -22.136 0.0000000000
60107  -29.769  -24.134  -20.866 0.0000000000
64855  -29.001  -19.285  -26.775 0.0000000000
64854  -28.539  -19.527  -26.821 0.0000000000
63613  -29.254  -20.871  -26.058 0.0000000000
86637  -27.015  -1.699  -31.045 0.0000000000
85489  -25.468  -2.120  -31.012 0.0000000000
85503  -27.260  -2.663  -31.169 0.0000000000
83246  -29.829  -3.977  -30.659 0.0000000000
83220  -30.139  -4.570  -30.563 0.0000000000
80112  -29.128  -7.437  -30.707 0.0000000000
81111  -33.230  -6.402  -28.808 0.0000000000
81112  -34.247  -6.452  -28.993 0.0000000000
80081  -33.836  -7.201  -28.641 0.0000000000
80068  -34.280  -7.902  -28.623 0.0000000000
76562  -33.688  -10.752  -27.586 0.0000000000
76577  -34.086  -10.099  -27.821 0.0000000000
75416  -35.520  -11.533  -29.904 0.0000000000
74232  -35.632  -12.075  -30.384 0.0000000000
74218  -35.486  -12.381  -29.727 0.0000000000
72971  -35.710  -12.814  -30.399 0.0000000000
71675  -35.867  -13.651  -30.007 0.0000000000
71640  -29.306  -14.581  -28.501 0.0000000000
70485  -29.540  -15.504  -27.929 0.0000000000
71609  -30.528  -15.159  -27.033 0.0000000000
71610  -31.159  -15.159  -26.729 0.0000000000
68374  -34.418  -17.498  -27.279 0.0000000000
69456  -34.938  -16.483  -27.836 0.0000000000
69473  -34.873  -15.804  -28.309 0.0000000000
69474  -35.496  -15.833  -28.262 0.0000000000
70524  -35.805  -15.000  -29.072 0.0000000000
70508  -36.690  -15.193  -28.460 0.0000000000
71630  -37.524  -14.670  -27.723 0.0000000000
71612  -37.906  -13.962  -27.336 0.0000000000
71611  -37.749  -14.630  -26.787 0.0000000000
61235  -29.599  -23.483  -23.770 0.0000000000
61256  -29.878  -23.168  -23.916 0.0000000000
62357  -29.529  -22.769  -24.711 0.0000000000
62377  -29.953  -22.046  -25.165 0.0000000000
79021  -30.049  -8.759  -29.641 0.0000000000
79009  -31.194  -8.497  -28.900 0.0000000000
79008  -30.708  -9.010  -28.889 0.0000000000
78995  -31.105  -9.419  -28.577 0.0000000000
77793  -31.407  -10.022  -28.214 0.0000000000
76576  -31.205  -10.679  -28.221 0.0000000000
76560  -31.686  -10.729  -27.838 0.0000000000
76561  -32.531  -10.879  -27.517 0.0000000000
75385  -33.130  -11.737  -27.372 0.0000000000
74188  -33.694  -12.662  -27.421 0.0000000000
68345  -30.854  -17.396  -26.585 0.0000000000
68346  -31.963  -17.353  -26.587 0.0000000000
67229  -33.168  -17.617  -27.103 0.0000000000
67230  -33.540  -17.857  -27.179 0.0000000000
68349  -36.042  -17.138  -26.328 0.0000000000
69404  -36.531  -17.017  -25.985 0.0000000000
67175  -35.601  -18.712  -25.283 0.0000000000
57824  -27.842  -26.101  -19.017 0.0000000000
60152  -28.597  -24.283  -23.646 0.0000000000
60134  -28.856  -24.536  -22.942 0.0000000000
60153  -29.426  -23.996  -23.296 0.0000000000
68344  -29.820  -17.472  -26.959 0.0000000000
66011  -30.919  -18.964  -26.450 0.0000000000
64838  -31.626  -19.617  -26.364 0.0000000000
89672  -26.409  1.301  -31.236 0.0000000000
88663  -28.039  0.319  -31.323 0.0000000000
88676  -29.118  0.379  -31.842 0.0000000000
86650  -29.832  -0.567  -31.906 0.0000000000
87672  -30.523  -0.452  -32.424 0.0000000000
86652  -30.927  -0.894  -32.233 0.0000000000
85518  -31.466  -1.162  -31.866 0.0000000000
85502  -26.018  -2.659  -31.205 0.0000000000
86641  -30.580  -1.616  -31.476 0.0000000000
85519  -31.742  -1.312  -31.700 0.0000000000
85509  -33.282  -1.964  -31.113 0.0000000000
84307  -32.653  -2.422  -30.774 0.0000000000
81151  -27.038  -6.306  -31.442 0.0000000000
82216  -28.386  -5.545  -31.263 0.0000000000
82195  -29.695  -5.352  -30.682 0.0000000000
83221  -31.175  -4.755  -30.114 0.0000000000
82197  -31.091  -5.661  -29.950 0.0000000000
83198  -31.839  -4.808  -29.760 0.0000000000
83223  -33.049  -4.156  -29.646 0.0000000000
81113  -35.015  -6.604  -29.514 0.0000000000
81114  -35.402  -6.659  -30.255 0.0000000000
80065  -32.104  -8.419  -28.463 0.0000000000
78999  -34.244  -8.600  -28.363 0.0000000000
77796  -34.212  -9.465  -28.046 0.0000000000
77806  -34.833  -9.371  -28.720 0.0000000000
77818  -35.349  -9.540  -30.817 0.0000000000
74245  -35.774  -12.100  -31.020 0.0000000000
72955  -28.979  -13.498  -29.253 0.0000000000
72940  -30.102  -13.612  -28.086 0.0000000000
72941  -30.634  -13.071  -27.853 0.0000000000
74186  -31.841  -12.790  -27.273 0.0000000000
72928  -34.132  -13.530  -27.715 0.0000000000
70466  -31.750  -15.718  -26.571 0.0000000000
70487  -33.595  -15.556  -27.426 0.0000000000
71629  -33.846  -14.217  -27.512 0.0000000000
72942  -34.635  -13.521  -28.412 0.0000000000
72957  -35.077  -13.463  -29.076 0.0000000000
71676  -36.421  -13.704  -30.160 0.0000000000
71662  -36.811  -13.898  -29.910 0.0000000000
71677  -36.675  -13.617  -30.231 0.0000000000
63594  -30.343  -21.288  -25.528 0.0000000000
63595  -31.372  -20.919  -25.459 0.0000000000
63575  -33.342  -20.829  -24.553 0.0000000000
60136  -30.138  -23.980  -22.288 0.0000000000
65977  -35.422  -19.159  -25.025 0.0000000000
66014  -33.625  -18.836  -26.377 0.0000000000
67194  -34.819  -18.490  -26.076 0.0000000000
68343  -29.435  -17.715  -27.163 0.0000000000
70506  -35.432  -15.312  -28.724 0.0000000000
70507  -36.198  -15.237  -28.769 0.0000000000
71608  -30.269  -15.178  -27.276 0.0000000000
71674  -28.479  -13.822  -29.297 0.0000000000
72943  -37.580  -13.846  -29.091 0.0000000000
74205  -35.280  -12.297  -29.102 0.0000000000
74215  -29.238  -13.039  -29.216 0.0000000000
74231  -29.409  -11.861  -29.418 0.0000000000
74260  -35.913  -11.833  -31.622 0.0000000000
75404  -35.327  -11.648  -29.208 0.0000000000
75414  -29.535  -11.085  -29.528 0.0000000000
75415  -29.747  -11.335  -29.238 0.0000000000
76563  -34.407  -11.252  -27.867 0.0000000000
76588  -30.002  -10.584  -29.253 0.0000000000
77778  -31.701  -10.323  -27.940 0.0000000000
77779  -32.029  -10.266  -27.788 0.0000000000
77792  -30.757  -9.769  -28.740 0.0000000000
77816  -29.469  -9.589  -29.895 0.0000000000
79010  -34.862  -8.432  -28.911 0.0000000000
80066  -32.646  -8.120  -28.310 0.0000000000
81135  -30.784  -6.404  -30.032 0.0000000000
81150  -26.227  -6.217  -31.192 0.0000000000
83225  -35.038  -4.615  -30.298 0.0000000000
84283  -30.814  -4.088  -30.443 0.0000000000
