#!ascii label  , from subject sub-THP0005 vox2ras=TkReg
760
50333  22.973  -30.497  52.979 0.0000000000
72786  38.777  -11.161  36.989 0.0000000000
75318  46.495  -8.842  36.224 0.0000000000
70250  36.372  -13.518  46.258 0.0000000000
54803  27.223  -26.399  50.214 0.0000000000
49287  27.022  -31.628  49.676 0.0000000000
76548  43.228  -7.901  36.342 0.0000000000
78829  41.165  -8.254  41.025 0.0000000000
66923  33.987  -16.697  48.181 0.0000000000
56020  31.880  -25.654  51.336 0.0000000000
71721  52.793  -12.282  26.509 0.0000000000
76615  49.627  -9.012  32.048 0.0000000000
69226  33.647  -14.767  43.323 0.0000000000
75208  36.769  -9.751  43.176 0.0000000000
51537  24.190  -29.368  49.291 0.0000000000
49254  25.182  -31.562  51.175 0.0000000000
74076  41.269  -9.940  36.561 0.0000000000
77700  42.721  -7.457  38.899 0.0000000000
75269  39.914  -9.062  39.175 0.0000000000
60745  36.599  -21.626  46.882 0.0000000000
51535  28.863  -28.906  48.951 0.0000000000
53697  29.402  -26.560  51.981 0.0000000000
52647  31.413  -28.362  49.740 0.0000000000
72911  52.267  -11.313  28.547 0.0000000000
70517  51.094  -13.373  28.778 0.0000000000
71646  51.705  -11.831  30.024 0.0000000000
77781  46.993  -7.744  33.626 0.0000000000
76635  46.999  -8.460  31.551 0.0000000000
75360  48.169  -8.365  33.997 0.0000000000
74148  46.835  -10.697  32.621 0.0000000000
72811  44.403  -11.253  34.458 0.0000000000
68067  35.359  -15.731  47.466 0.0000000000
69193  33.203  -15.144  45.798 0.0000000000
71453  34.054  -13.064  45.819 0.0000000000
71496  35.141  -12.706  42.989 0.0000000000
73942  35.989  -10.641  45.730 0.0000000000
75178  38.008  -9.904  44.676 0.0000000000
71451  37.758  -12.198  45.102 0.0000000000
51556  26.997  -29.478  48.406 0.0000000000
75386  44.264  -8.885  33.396 0.0000000000
77728  46.110  -6.848  36.539 0.0000000000
77698  44.514  -7.662  38.736 0.0000000000
75250  43.331  -9.570  40.183 0.0000000000
61988  32.729  -20.818  49.908 0.0000000000
63183  34.543  -19.394  48.876 0.0000000000
64392  36.497  -18.513  47.065 0.0000000000
66954  37.806  -16.785  46.313 0.0000000000
68100  37.750  -15.642  44.828 0.0000000000
60690  31.960  -22.643  50.369 0.0000000000
57235  33.918  -24.466  49.943 0.0000000000
71755  51.776  -12.425  24.758 0.0000000000
74212  50.183  -10.030  29.754 0.0000000000
72850  49.663  -11.182  31.489 0.0000000000
70472  45.238  -13.361  31.299 0.0000000000
74039  37.445  -10.568  39.267 0.0000000000
77655  39.143  -8.356  41.921 0.0000000000
75204  40.363  -9.916  43.077 0.0000000000
48070  23.683  -31.828  53.044 0.0000000000
49235  24.135  -31.248  51.872 0.0000000000
49217  24.756  -32.268  52.341 0.0000000000
72785  39.948  -10.999  36.579 0.0000000000
74059  40.291  -9.875  37.916 0.0000000000
74060  39.642  -10.286  37.845 0.0000000000
52648  30.442  -28.552  49.890 0.0000000000
74227  52.011  -10.720  28.240 0.0000000000
71664  52.170  -11.982  29.326 0.0000000000
74210  51.767  -10.951  28.886 0.0000000000
76565  47.336  -7.787  35.534 0.0000000000
76585  47.802  -7.960  34.416 0.0000000000
75341  47.281  -8.440  35.331 0.0000000000
74106  46.722  -9.613  34.185 0.0000000000
69179  35.947  -14.586  46.706 0.0000000000
70239  34.825  -14.103  46.709 0.0000000000
71417  35.133  -13.211  46.584 0.0000000000
72658  35.356  -11.623  45.925 0.0000000000
71433  36.290  -12.275  46.225 0.0000000000
72656  36.849  -11.312  45.808 0.0000000000
70249  36.856  -13.407  45.914 0.0000000000
50401  25.724  -30.208  48.636 0.0000000000
49306  26.852  -31.065  48.828 0.0000000000
50399  27.483  -30.290  48.232 0.0000000000
75365  42.719  -9.292  34.924 0.0000000000
75388  42.790  -9.540  34.136 0.0000000000
76588  43.678  -8.662  34.821 0.0000000000
77766  45.137  -7.421  35.237 0.0000000000
77729  44.544  -6.890  36.796 0.0000000000
78857  45.147  -6.949  37.965 0.0000000000
78874  44.204  -6.769  37.852 0.0000000000
78849  41.791  -7.966  40.170 0.0000000000
77666  42.964  -8.230  40.180 0.0000000000
76477  42.403  -8.901  40.838 0.0000000000
74011  42.976  -10.959  41.009 0.0000000000
75232  42.061  -9.705  41.452 0.0000000000
59525  34.496  -22.447  49.393 0.0000000000
61996  34.186  -20.474  49.388 0.0000000000
60715  34.854  -21.668  48.999 0.0000000000
63189  36.576  -19.635  46.832 0.0000000000
65699  37.102  -17.218  46.888 0.0000000000
54789  30.608  -26.272  51.801 0.0000000000
58344  30.768  -24.689  51.540 0.0000000000
58358  31.324  -23.921  51.104 0.0000000000
58356  32.827  -23.309  50.660 0.0000000000
56032  33.089  -25.634  50.423 0.0000000000
72929  53.017  -10.868  26.917 0.0000000000
71741  51.744  -12.686  26.014 0.0000000000
70501  49.719  -13.328  29.628 0.0000000000
77803  48.422  -7.773  31.490 0.0000000000
76668  47.149  -8.433  30.169 0.0000000000
76666  48.817  -8.307  30.183 0.0000000000
75472  49.459  -8.995  30.051 0.0000000000
75453  50.028  -9.318  30.912 0.0000000000
74167  50.471  -10.455  31.197 0.0000000000
74145  49.713  -10.261  31.786 0.0000000000
72840  45.038  -12.021  32.733 0.0000000000
71618  46.026  -12.060  32.150 0.0000000000
65680  33.157  -17.953  48.150 0.0000000000
66925  33.371  -16.838  47.436 0.0000000000
70284  33.476  -14.693  44.794 0.0000000000
68092  33.230  -15.887  44.584 0.0000000000
72714  35.771  -11.580  42.880 0.0000000000
71526  35.906  -12.401  41.131 0.0000000000
72729  36.551  -11.087  41.286 0.0000000000
72747  36.851  -10.943  39.788 0.0000000000
75236  37.301  -9.793  41.335 0.0000000000
75234  38.260  -9.130  40.975 0.0000000000
76447  37.786  -8.897  42.518 0.0000000000
73972  38.576  -10.641  44.531 0.0000000000
75191  39.259  -9.870  43.852 0.0000000000
72694  39.714  -11.110  43.434 0.0000000000
71474  40.514  -11.464  42.625 0.0000000000
49273  24.569  -30.830  50.096 0.0000000000
49271  26.091  -31.709  50.451 0.0000000000
49270  27.065  -32.233  50.649 0.0000000000
49253  25.971  -32.158  51.393 0.0000000000
75319  42.143  -9.049  36.436 0.0000000000
77717  42.754  -7.494  37.870 0.0000000000
76538  41.867  -8.646  37.489 0.0000000000
76500  41.227  -8.142  39.097 0.0000000000
77669  40.884  -8.154  40.703 0.0000000000
52650  28.213  -28.323  49.717 0.0000000000
54791  28.413  -26.387  51.369 0.0000000000
52628  29.035  -27.975  50.613 0.0000000000
52609  30.391  -27.638  51.225 0.0000000000
53731  31.695  -27.207  50.698 0.0000000000
54814  32.822  -26.630  50.034 0.0000000000
51531  32.520  -28.443  49.147 0.0000000000
71702  52.787  -12.235  27.486 0.0000000000
70549  51.752  -12.994  27.611 0.0000000000
71682  52.514  -12.099  28.402 0.0000000000
70499  51.589  -13.176  29.438 0.0000000000
70483  50.221  -13.100  30.290 0.0000000000
75412  46.020  -8.970  32.466 0.0000000000
76618  46.832  -8.329  32.605 0.0000000000
77779  48.114  -7.916  33.195 0.0000000000
75409  48.978  -9.246  32.555 0.0000000000
74146  48.844  -10.066  32.233 0.0000000000
74124  47.589  -9.650  33.343 0.0000000000
74127  45.185  -11.007  33.410 0.0000000000
68054  34.326  -16.003  47.802 0.0000000000
68069  33.476  -15.926  47.003 0.0000000000
69182  33.914  -15.262  47.017 0.0000000000
70251  33.902  -14.061  46.374 0.0000000000
70283  33.831  -13.612  44.946 0.0000000000
70314  34.695  -13.455  43.071 0.0000000000
71464  34.431  -12.672  44.931 0.0000000000
72682  35.367  -11.305  44.704 0.0000000000
75196  36.145  -10.209  44.405 0.0000000000
75194  37.355  -9.414  44.483 0.0000000000
73958  37.408  -10.476  45.274 0.0000000000
72671  37.584  -11.286  45.358 0.0000000000
71463  38.083  -12.373  44.310 0.0000000000
52653  25.129  -28.404  48.992 0.0000000000
52652  26.280  -28.121  49.098 0.0000000000
52651  27.245  -28.127  49.290 0.0000000000
51536  28.230  -28.873  48.821 0.0000000000
51553  29.156  -29.545  48.081 0.0000000000
76603  45.588  -8.193  33.637 0.0000000000
77765  46.087  -7.282  34.895 0.0000000000
76547  46.553  -8.192  36.625 0.0000000000
76536  46.110  -8.364  37.184 0.0000000000
75285  45.137  -9.122  38.445 0.0000000000
75267  44.488  -9.487  39.086 0.0000000000
77699  43.612  -7.272  38.859 0.0000000000
75268  43.914  -9.237  39.650 0.0000000000
63170  31.935  -20.814  49.421 0.0000000000
63176  32.465  -19.833  49.209 0.0000000000
64379  33.102  -18.917  49.074 0.0000000000
64386  34.259  -18.404  48.846 0.0000000000
62014  35.752  -20.456  47.624 0.0000000000
64385  34.969  -18.425  48.243 0.0000000000
65677  34.716  -17.467  48.219 0.0000000000
66939  36.006  -16.565  47.402 0.0000000000
68066  36.461  -15.725  46.976 0.0000000000
68079  36.616  -14.998  46.534 0.0000000000
69191  36.893  -14.449  45.967 0.0000000000
68099  38.074  -16.246  45.464 0.0000000000
60703  32.428  -21.707  50.166 0.0000000000
59513  33.242  -22.695  50.382 0.0000000000
58388  34.741  -23.916  49.000 0.0000000000
54812  34.022  -26.327  49.182 0.0000000000
56064  34.491  -25.470  49.021 0.0000000000
71754  52.921  -12.027  24.327 0.0000000000
74229  50.547  -10.557  28.709 0.0000000000
72871  51.318  -11.346  30.385 0.0000000000
71630  50.394  -11.847  30.943 0.0000000000
70468  48.968  -12.694  30.728 0.0000000000
72837  47.701  -11.060  31.935 0.0000000000
71633  47.399  -12.476  31.109 0.0000000000
70487  46.320  -13.372  30.487 0.0000000000
66956  32.993  -16.581  45.611 0.0000000000
72770  36.951  -11.512  37.567 0.0000000000
74062  38.098  -10.672  37.961 0.0000000000
75271  38.721  -9.432  39.663 0.0000000000
76459  39.370  -8.427  41.176 0.0000000000
77654  39.908  -8.288  41.634 0.0000000000
76431  38.670  -8.921  43.423 0.0000000000
77626  39.814  -8.814  42.919 0.0000000000
76444  40.859  -8.917  42.225 0.0000000000
73998  41.263  -10.468  42.385 0.0000000000
69201  37.357  -14.431  45.176 0.0000000000
70281  37.554  -13.257  44.648 0.0000000000
49219  23.537  -31.312  52.755 0.0000000000
49236  23.443  -30.912  52.393 0.0000000000
74078  39.440  -10.742  37.228 0.0000000000
74228  51.405  -10.643  28.461 0.0000000000
75317  46.994  -8.406  35.948 0.0000000000
75342  46.655  -9.343  35.106 0.0000000000
74091  45.850  -9.854  35.616 0.0000000000
70237  35.861  -13.748  46.468 0.0000000000
70238  35.430  -13.898  46.606 0.0000000000
71416  35.789  -13.101  46.524 0.0000000000
49288  25.980  -31.211  49.388 0.0000000000
49307  26.323  -30.889  48.856 0.0000000000
49286  28.114  -32.168  49.719 0.0000000000
76568  42.880  -8.621  35.774 0.0000000000
76589  43.210  -8.725  35.293 0.0000000000
76567  43.523  -8.197  35.630 0.0000000000
76566  44.263  -7.803  35.456 0.0000000000
77747  43.919  -7.524  36.138 0.0000000000
78889  44.466  -6.750  37.415 0.0000000000
77730  43.923  -7.085  37.092 0.0000000000
78828  41.670  -8.255  40.809 0.0000000000
77667  42.416  -8.250  40.477 0.0000000000
77651  41.834  -8.401  41.024 0.0000000000
76457  41.902  -8.771  41.215 0.0000000000
59524  34.996  -22.722  48.808 0.0000000000
54788  31.431  -26.314  51.453 0.0000000000
56009  30.916  -25.312  51.945 0.0000000000
57228  31.222  -24.693  51.479 0.0000000000
57227  31.971  -24.900  51.234 0.0000000000
57237  32.706  -24.370  50.749 0.0000000000
56033  32.558  -25.407  50.874 0.0000000000
71701  53.132  -11.636  26.837 0.0000000000
72948  53.409  -10.990  26.205 0.0000000000
71720  53.344  -11.745  25.955 0.0000000000
76616  49.176  -8.467  32.245 0.0000000000
76650  48.559  -7.870  30.826 0.0000000000
76632  49.601  -8.709  31.537 0.0000000000
76648  49.761  -8.905  31.044 0.0000000000
75432  49.854  -9.231  31.621 0.0000000000
75407  50.231  -9.924  31.489 0.0000000000
75408  49.838  -9.633  31.785 0.0000000000
71621  43.796  -13.081  32.732 0.0000000000
71620  44.460  -12.502  32.697 0.0000000000
65679  33.609  -17.464  48.524 0.0000000000
66924  33.636  -16.843  48.003 0.0000000000
69211  33.631  -14.674  44.146 0.0000000000
69243  33.317  -15.140  42.961 0.0000000000
73987  36.379  -10.364  43.105 0.0000000000
74000  36.174  -10.899  42.597 0.0000000000
74014  36.412  -10.849  41.890 0.0000000000
74013  36.818  -10.397  41.440 0.0000000000
75220  36.991  -9.760  42.183 0.0000000000
75219  37.473  -9.278  41.970 0.0000000000
75207  37.319  -9.262  42.828 0.0000000000
72681  38.815  -11.218  44.189 0.0000000000
72680  39.278  -10.862  43.884 0.0000000000
72695  39.240  -11.281  43.740 0.0000000000
50348  23.873  -30.703  51.222 0.0000000000
50361  24.046  -30.522  50.521 0.0000000000
49255  24.504  -31.052  50.884 0.0000000000
49272  25.214  -31.288  50.260 0.0000000000
74094  41.117  -10.503  35.834 0.0000000000
74111  41.090  -10.825  35.368 0.0000000000
74093  41.422  -10.027  36.080 0.0000000000
75344  41.956  -9.606  35.601 0.0000000000
75320  41.668  -9.403  36.750 0.0000000000
76550  42.115  -8.731  37.045 0.0000000000
75302  41.431  -9.046  37.646 0.0000000000
75287  40.355  -9.320  38.482 0.0000000000
76525  40.906  -8.671  38.642 0.0000000000
76501  40.461  -8.560  39.296 0.0000000000
77684  40.902  -8.091  39.846 0.0000000000
76478  40.268  -8.314  40.154 0.0000000000
52629  28.489  -27.819  50.531 0.0000000000
52649  29.392  -28.539  49.879 0.0000000000
51533  30.950  -28.753  48.943 0.0000000000
52626  30.989  -27.979  50.571 0.0000000000
53732  31.067  -27.410  51.100 0.0000000000
52625  31.855  -27.818  50.106 0.0000000000
52624  32.469  -27.715  49.761 0.0000000000
74248  52.456  -10.640  27.414 0.0000000000
72930  52.744  -11.483  27.631 0.0000000000
71665  51.753  -12.530  29.841 0.0000000000
70482  51.155  -13.048  30.290 0.0000000000
76602  46.301  -8.070  33.391 0.0000000000
75411  46.464  -8.770  32.360 0.0000000000
77762  47.878  -7.831  33.743 0.0000000000
75383  48.326  -8.625  33.588 0.0000000000
76601  48.562  -8.353  32.992 0.0000000000
75384  48.074  -9.345  33.498 0.0000000000
75385  47.497  -9.530  33.709 0.0000000000
74107  46.076  -9.979  34.390 0.0000000000
74108  45.004  -10.608  33.885 0.0000000000
72825  44.676  -11.586  33.357 0.0000000000
72812  44.004  -11.942  34.047 0.0000000000
68053  34.711  -15.896  47.722 0.0000000000
69170  34.203  -15.589  47.429 0.0000000000
69181  34.498  -14.957  46.998 0.0000000000
71418  34.538  -13.566  46.514 0.0000000000
71419  34.209  -13.832  46.469 0.0000000000
71436  34.145  -13.446  46.278 0.0000000000
70267  33.694  -13.791  45.905 0.0000000000
70282  34.187  -13.153  44.730 0.0000000000
71452  34.475  -12.531  45.685 0.0000000000
72672  35.299  -11.367  45.373 0.0000000000
73943  35.632  -11.045  45.649 0.0000000000
73973  35.738  -10.776  44.471 0.0000000000
73959  36.022  -10.425  45.511 0.0000000000
75163  36.612  -10.188  45.411 0.0000000000
73941  36.613  -10.493  45.586 0.0000000000
71432  37.028  -12.433  45.839 0.0000000000
72670  38.214  -11.204  44.828 0.0000000000
52654  24.234  -28.354  49.445 0.0000000000
51557  26.139  -29.552  48.489 0.0000000000
52674  25.847  -28.859  48.671 0.0000000000
52673  26.665  -28.768  48.688 0.0000000000
52672  27.478  -28.712  48.838 0.0000000000
51555  27.734  -29.195  48.422 0.0000000000
75387  43.564  -9.094  33.794 0.0000000000
76604  44.658  -8.570  33.763 0.0000000000
77745  45.732  -6.896  35.901 0.0000000000
77727  46.550  -7.313  36.571 0.0000000000
77715  45.953  -7.340  37.318 0.0000000000
77697  45.338  -7.434  38.109 0.0000000000
76522  45.428  -8.191  38.121 0.0000000000
76523  44.812  -8.540  38.804 0.0000000000
77716  43.565  -7.066  38.182 0.0000000000
76476  42.993  -8.667  40.300 0.0000000000
77681  43.418  -8.061  39.626 0.0000000000
76499  43.578  -8.760  39.834 0.0000000000
74036  43.898  -9.997  39.719 0.0000000000
74026  43.507  -10.786  40.315 0.0000000000
61989  32.254  -21.043  49.887 0.0000000000
63169  32.139  -20.578  49.574 0.0000000000
63168  32.458  -20.335  49.730 0.0000000000
63174  33.800  -19.454  49.334 0.0000000000
64378  33.546  -18.514  49.089 0.0000000000
60746  36.028  -21.554  47.544 0.0000000000
63190  35.900  -19.300  47.364 0.0000000000
64393  35.712  -18.423  47.567 0.0000000000
65701  35.505  -17.473  47.734 0.0000000000
66940  35.240  -16.710  47.802 0.0000000000
65720  37.573  -17.636  46.566 0.0000000000
66938  36.847  -16.495  46.984 0.0000000000
66955  37.368  -16.786  46.672 0.0000000000
68065  36.884  -16.024  46.842 0.0000000000
68078  37.250  -15.909  46.482 0.0000000000
68089  37.860  -16.258  46.056 0.0000000000
68077  37.668  -16.315  46.302 0.0000000000
53699  28.550  -26.417  51.687 0.0000000000
56025  28.452  -25.851  51.152 0.0000000000
56012  29.067  -25.727  51.657 0.0000000000
59514  31.785  -23.013  50.223 0.0000000000
59526  31.782  -22.714  49.628 0.0000000000
60718  31.807  -21.848  49.386 0.0000000000
60689  32.155  -22.481  50.399 0.0000000000
58372  33.284  -23.648  50.417 0.0000000000
58371  33.933  -23.968  49.983 0.0000000000
59512  33.922  -22.820  49.949 0.0000000000
57245  34.253  -24.684  49.540 0.0000000000
54813  33.441  -26.374  49.691 0.0000000000
56062  35.306  -25.534  47.959 0.0000000000
71768  50.583  -12.789  23.961 0.0000000000
70533  51.376  -13.160  28.088 0.0000000000
75455  46.496  -9.091  30.996 0.0000000000
76652  47.021  -8.498  30.790 0.0000000000
75471  50.014  -9.403  30.420 0.0000000000
74213  48.968  -9.734  29.331 0.0000000000
74230  49.453  -10.497  28.755 0.0000000000
74211  51.262  -10.640  29.450 0.0000000000
74193  50.922  -10.592  30.354 0.0000000000
72849  50.445  -11.198  31.143 0.0000000000
71631  49.511  -12.172  31.013 0.0000000000
74147  47.854  -10.042  32.643 0.0000000000
72836  48.681  -10.730  31.885 0.0000000000
71635  45.578  -12.910  31.612 0.0000000000
72853  47.017  -12.145  31.538 0.0000000000
70471  45.964  -13.138  31.089 0.0000000000
70470  46.791  -12.925  30.875 0.0000000000
69183  33.448  -15.183  46.486 0.0000000000
68080  33.117  -15.821  46.190 0.0000000000
72758  37.141  -11.012  38.587 0.0000000000
74050  37.464  -10.703  38.775 0.0000000000
72757  37.600  -10.813  38.260 0.0000000000
74049  37.877  -10.554  38.501 0.0000000000
74048  38.877  -9.947  38.788 0.0000000000
74038  38.050  -9.946  39.592 0.0000000000
76460  38.674  -8.638  41.502 0.0000000000
76480  38.862  -8.862  40.559 0.0000000000
76407  37.923  -9.602  44.565 0.0000000000
76418  37.853  -9.318  44.235 0.0000000000
76417  38.416  -9.514  44.185 0.0000000000
75205  39.785  -9.633  43.422 0.0000000000
76430  39.192  -9.259  43.579 0.0000000000
76429  39.819  -9.119  43.136 0.0000000000
77625  40.079  -8.901  42.823 0.0000000000
75218  40.339  -9.582  42.993 0.0000000000
75217  40.930  -9.675  42.516 0.0000000000
73984  40.668  -10.399  42.798 0.0000000000
71492  40.943  -11.722  42.294 0.0000000000
68090  37.579  -15.481  45.707 0.0000000000
49234  24.978  -32.011  51.883 0.0000000000
49218  24.277  -31.819  52.524 0.0000000000
72799  40.559  -10.978  35.963 0.0000000000
74077  40.675  -10.289  36.837 0.0000000000
75303  40.965  -9.578  37.564 0.0000000000
74047  39.819  -9.794  38.376 0.0000000000
51534  29.855  -28.894  48.929 0.0000000000
72891  51.740  -11.323  29.626 0.0000000000
77764  46.831  -7.414  34.484 0.0000000000
77763  47.586  -7.564  34.347 0.0000000000
76564  47.640  -7.814  34.983 0.0000000000
75340  47.673  -8.206  34.944 0.0000000000
75361  47.914  -8.449  34.397 0.0000000000
75362  47.286  -9.299  34.343 0.0000000000
75363  46.679  -9.520  34.514 0.0000000000
69180  35.113  -14.783  46.983 0.0000000000
71435  34.705  -12.655  46.239 0.0000000000
71434  35.558  -12.307  46.337 0.0000000000
72657  36.104  -11.354  46.042 0.0000000000
70266  37.215  -13.336  45.490 0.0000000000
50402  25.231  -30.212  48.778 0.0000000000
50386  25.434  -30.632  49.015 0.0000000000
50400  26.495  -30.360  48.527 0.0000000000
74109  42.429  -9.770  34.358 0.0000000000
75364  43.295  -9.003  34.490 0.0000000000
76605  44.082  -8.590  34.227 0.0000000000
76587  44.551  -8.166  34.652 0.0000000000
77746  44.766  -6.995  36.278 0.0000000000
78887  45.427  -6.737  36.585 0.0000000000
78872  45.409  -6.754  37.184 0.0000000000
78888  44.823  -6.710  36.949 0.0000000000
78873  44.762  -6.700  37.629 0.0000000000
78858  44.392  -6.907  38.258 0.0000000000
78848  42.027  -7.898  40.058 0.0000000000
77682  42.546  -7.806  39.722 0.0000000000
75251  42.693  -9.398  40.704 0.0000000000
75231  42.806  -10.213  40.833 0.0000000000
73997  41.884  -10.583  41.950 0.0000000000
60717  33.687  -21.290  49.794 0.0000000000
61997  33.377  -20.551  49.722 0.0000000000
60716  34.241  -21.652  49.578 0.0000000000
61995  34.701  -20.926  49.156 0.0000000000
62006  34.785  -20.202  48.883 0.0000000000
62013  36.345  -20.770  46.964 0.0000000000
65700  36.420  -17.471  47.224 0.0000000000
64400  37.193  -18.583  46.636 0.0000000000
54790  29.989  -26.371  52.005 0.0000000000
56011  29.802  -25.747  52.150 0.0000000000
56010  30.335  -25.604  52.126 0.0000000000
57239  30.525  -24.741  50.826 0.0000000000
58375  30.884  -24.126  51.003 0.0000000000
59501  31.846  -23.191  50.602 0.0000000000
59500  32.079  -23.052  50.707 0.0000000000
58357  32.158  -23.815  50.900 0.0000000000
57236  33.501  -24.742  50.239 0.0000000000
72967  53.717  -11.175  25.397 0.0000000000
71740  52.740  -12.181  25.457 0.0000000000
71756  50.935  -12.869  25.134 0.0000000000
70518  50.155  -13.382  28.802 0.0000000000
77817  48.082  -7.739  31.351 0.0000000000
76651  47.693  -7.964  31.034 0.0000000000
77816  48.204  -7.747  31.142 0.0000000000
76667  47.989  -8.056  29.999 0.0000000000
75473  48.425  -8.850  29.625 0.0000000000
74194  50.369  -9.882  30.686 0.0000000000
74168  50.151  -10.806  31.459 0.0000000000
72839  45.614  -11.567  32.648 0.0000000000
72838  46.666  -11.639  32.053 0.0000000000
71619  45.419  -12.385  32.184 0.0000000000
70453  44.918  -13.062  31.921 0.0000000000
65659  33.133  -18.461  48.767 0.0000000000
69202  33.301  -15.333  44.897 0.0000000000
68091  33.147  -15.833  45.303 0.0000000000
68112  32.939  -15.925  43.284 0.0000000000
71495  35.351  -12.129  43.246 0.0000000000
71514  35.558  -12.510  42.233 0.0000000000
72730  36.129  -11.580  41.800 0.0000000000
72739  36.421  -11.613  40.574 0.0000000000
72748  36.328  -11.655  39.318 0.0000000000
72738  36.780  -10.846  40.688 0.0000000000
74028  37.346  -10.187  40.376 0.0000000000
75253  37.900  -9.659  40.424 0.0000000000
75254  37.563  -9.772  40.841 0.0000000000
76461  37.999  -8.869  41.767 0.0000000000
76446  38.486  -8.615  42.496 0.0000000000
73956  38.579  -10.212  44.431 0.0000000000
75193  38.381  -9.777  44.362 0.0000000000
73971  39.055  -10.361  44.112 0.0000000000
73986  39.495  -10.531  43.716 0.0000000000
73985  40.008  -10.381  43.329 0.0000000000
72693  40.489  -11.092  42.798 0.0000000000
71475  40.107  -11.610  42.781 0.0000000000
51519  23.895  -29.741  49.857 0.0000000000
50373  23.819  -29.991  50.246 0.0000000000
49290  24.625  -30.592  49.634 0.0000000000
49289  25.058  -30.889  49.550 0.0000000000
49252  26.600  -32.439  51.206 0.0000000000
49233  25.451  -32.338  51.832 0.0000000000
75366  42.103  -9.688  35.111 0.0000000000
75343  42.284  -9.092  35.993 0.0000000000
76549  42.438  -8.586  36.573 0.0000000000
77731  42.898  -7.766  37.015 0.0000000000
76537  42.351  -8.184  37.315 0.0000000000
77718  42.068  -8.045  37.907 0.0000000000
77701  41.967  -7.770  38.653 0.0000000000
75286  41.053  -9.037  38.134 0.0000000000
76524  41.490  -8.441  38.221 0.0000000000
77683  41.728  -7.888  39.865 0.0000000000
77668  41.372  -8.068  40.363 0.0000000000
78839  41.139  -8.177  40.792 0.0000000000
59535  35.730  -22.500  48.051 0.0000000000
53735  27.570  -26.776  50.346 0.0000000000
54802  27.864  -26.397  50.749 0.0000000000
53734  28.128  -27.233  50.668 0.0000000000
53733  28.720  -27.565  50.892 0.0000000000
53716  28.946  -27.195  51.491 0.0000000000
52627  29.966  -28.229  50.708 0.0000000000
53715  29.951  -27.037  51.745 0.0000000000
53714  30.819  -26.982  51.493 0.0000000000
53713  31.372  -26.929  51.196 0.0000000000
54801  31.793  -26.579  51.018 0.0000000000
54800  32.477  -26.382  50.621 0.0000000000
53730  32.381  -27.187  50.173 0.0000000000
52645  33.030  -28.067  49.330 0.0000000000
71722  52.226  -12.711  27.115 0.0000000000
71703  52.219  -12.714  28.078 0.0000000000
70516  51.797  -13.090  28.614 0.0000000000
71683  52.172  -12.684  29.020 0.0000000000
70500  50.705  -13.361  29.599 0.0000000000
70484  49.293  -13.100  30.317 0.0000000000
75433  46.455  -8.928  31.976 0.0000000000
76634  47.459  -8.101  31.997 0.0000000000
77780  47.635  -7.821  33.464 0.0000000000
77792  47.679  -7.948  32.617 0.0000000000
77804  47.976  -7.782  31.801 0.0000000000
77791  48.509  -7.891  32.315 0.0000000000
75410  48.436  -9.628  32.719 0.0000000000
74125  46.919  -9.843  33.513 0.0000000000
74126  45.843  -10.689  33.233 0.0000000000
74149  46.217  -11.138  32.618 0.0000000000
72824  45.317  -11.213  33.172 0.0000000000
71608  44.232  -12.186  33.282 0.0000000000
68056  33.657  -16.252  47.570 0.0000000000
68055  33.920  -16.081  47.742 0.0000000000
69171  33.966  -15.684  47.419 0.0000000000
70240  34.245  -14.346  46.644 0.0000000000
70241  33.813  -14.682  46.521 0.0000000000
70252  33.551  -14.538  46.120 0.0000000000
70268  33.442  -14.498  45.458 0.0000000000
70301  34.027  -14.008  43.807 0.0000000000
70315  34.085  -14.303  42.984 0.0000000000
70300  34.369  -13.222  44.258 0.0000000000
71479  34.948  -12.361  43.896 0.0000000000
72673  34.859  -11.987  45.499 0.0000000000
72683  34.938  -11.848  44.803 0.0000000000
71478  35.224  -12.010  43.650 0.0000000000
72696  35.436  -11.578  43.843 0.0000000000
73988  35.959  -10.750  43.572 0.0000000000
75209  36.364  -10.070  43.725 0.0000000000
76433  37.209  -9.272  43.600 0.0000000000
75195  36.807  -9.595  44.293 0.0000000000
75179  37.234  -9.787  44.995 0.0000000000
73957  38.103  -10.477  44.822 0.0000000000
71450  38.286  -11.732  44.551 0.0000000000
56038  27.009  -25.922  49.920 0.0000000000
53753  25.866  -27.369  49.337 0.0000000000
53752  27.104  -27.235  49.720 0.0000000000
53751  27.657  -27.759  49.891 0.0000000000
51554  28.308  -29.459  48.195 0.0000000000
76619  45.798  -8.605  33.070 0.0000000000
77782  46.205  -7.625  34.019 0.0000000000
76586  45.373  -7.818  34.345 0.0000000000
77744  47.051  -7.119  35.474 0.0000000000
76546  46.957  -7.942  36.133 0.0000000000
74074  45.635  -9.783  36.637 0.0000000000
75301  45.873  -9.197  37.084 0.0000000000
75284  45.529  -9.227  37.785 0.0000000000
78859  43.973  -6.886  38.319 0.0000000000
77680  44.058  -7.982  39.264 0.0000000000
76498  44.145  -8.478  39.318 0.0000000000
62007  32.213  -20.389  48.363 0.0000000000
63175  33.014  -19.690  49.590 0.0000000000
65658  33.343  -18.144  48.831 0.0000000000
65657  33.595  -17.870  48.817 0.0000000000
65678  34.011  -17.482  48.671 0.0000000000
60731  35.471  -21.599  48.318 0.0000000000
62005  35.171  -20.725  48.576 0.0000000000
63182  35.220  -19.553  48.146 0.0000000000
66922  34.586  -16.529  48.000 0.0000000000
69192  36.419  -14.392  46.344 0.0000000000
66969  38.261  -16.969  45.741 0.0000000000
66982  38.357  -17.020  44.786 0.0000000000
56037  27.821  -25.755  50.368 0.0000000000
56024  29.215  -25.458  51.155 0.0000000000
60732  31.802  -21.733  48.762 0.0000000000
61990  31.959  -21.186  49.622 0.0000000000
60702  33.025  -21.747  50.207 0.0000000000
59499  32.630  -22.798  50.580 0.0000000000
58389  34.415  -23.422  49.485 0.0000000000
54799  33.095  -26.098  50.164 0.0000000000
56046  33.607  -25.452  49.943 0.0000000000
56045  33.985  -25.665  49.499 0.0000000000
57257  34.568  -24.947  49.115 0.0000000000
51492  22.676  -29.829  53.196 0.0000000000
71767  51.775  -12.322  23.573 0.0000000000
72892  51.408  -10.955  30.017 0.0000000000
74166  50.912  -10.907  30.710 0.0000000000
71629  50.862  -11.576  30.767 0.0000000000
71647  51.190  -12.166  30.534 0.0000000000
71648  50.427  -12.568  30.682 0.0000000000
71649  49.733  -12.737  30.641 0.0000000000
70485  48.234  -13.056  30.439 0.0000000000
72851  48.632  -11.577  31.441 0.0000000000
72852  47.639  -11.880  31.470 0.0000000000
71632  48.397  -12.320  31.008 0.0000000000
71650  48.016  -12.678  30.793 0.0000000000
71651  47.536  -12.868  30.710 0.0000000000
70505  45.983  -13.667  30.195 0.0000000000
72801  38.419  -11.937  36.132 0.0000000000
66941  33.095  -16.670  46.588 0.0000000000
72769  37.871  -10.941  37.739 0.0000000000
72768  38.411  -10.898  37.466 0.0000000000
74061  38.640  -10.655  37.738 0.0000000000
75270  39.373  -9.168  39.413 0.0000000000
75252  38.382  -9.326  40.314 0.0000000000
76503  39.234  -8.898  39.930 0.0000000000
76502  39.784  -8.712  39.716 0.0000000000
77670  40.016  -8.275  40.851 0.0000000000
77653  40.637  -8.377  41.511 0.0000000000
76432  37.827  -8.977  43.383 0.0000000000
76416  38.777  -9.504  43.947 0.0000000000
77640  39.280  -8.466  42.548 0.0000000000
77639  39.925  -8.490  42.380 0.0000000000
77638  40.450  -8.698  42.309 0.0000000000
77637  40.829  -8.655  42.050 0.0000000000
76458  41.404  -9.159  41.858 0.0000000000
75216  41.537  -10.022  42.088 0.0000000000
72692  40.985  -10.882  42.554 0.0000000000
72712  41.505  -11.161  42.255 0.0000000000
69210  37.406  -14.393  44.205 0.0000000000
50372  24.209  -30.234  49.796 0.0000000000
50385  25.982  -30.705  48.846 0.0000000000
51558  25.203  -29.564  48.671 0.0000000000
52610  29.538  -27.672  51.210 0.0000000000
52611  29.052  -27.592  51.071 0.0000000000
52670  33.493  -28.320  48.750 0.0000000000
52671  27.934  -28.714  48.921 0.0000000000
53698  28.793  -26.528  51.841 0.0000000000
53717  28.543  -26.717  51.462 0.0000000000
53750  32.946  -27.209  49.704 0.0000000000
54775  30.245  -25.956  52.003 0.0000000000
54776  29.785  -26.003  52.060 0.0000000000
54777  29.172  -26.072  52.003 0.0000000000
54778  28.626  -26.152  51.844 0.0000000000
54787  32.063  -26.085  51.122 0.0000000000
56013  28.512  -25.973  51.635 0.0000000000
56021  31.233  -25.530  51.651 0.0000000000
56022  30.710  -25.787  51.995 0.0000000000
57220  30.772  -25.039  51.944 0.0000000000
57223  29.424  -25.387  51.463 0.0000000000
57231  29.384  -25.244  51.020 0.0000000000
57238  30.883  -24.379  50.565 0.0000000000
57244  34.634  -24.432  49.093 0.0000000000
57246  33.812  -24.965  49.926 0.0000000000
57248  30.684  -24.836  50.444 0.0000000000
58359  30.749  -24.517  51.314 0.0000000000
58373  32.753  -23.756  50.712 0.0000000000
58374  31.261  -23.943  50.618 0.0000000000
60688  32.453  -22.347  50.395 0.0000000000
60701  33.634  -22.029  50.028 0.0000000000
60704  31.994  -22.029  50.018 0.0000000000
61998  31.823  -21.135  49.172 0.0000000000
63177  31.955  -20.519  49.127 0.0000000000
63185  32.121  -20.234  48.752 0.0000000000
65721  37.006  -17.852  46.873 0.0000000000
68068  33.788  -15.827  47.398 0.0000000000
68101  33.179  -15.958  44.018 0.0000000000
69169  34.680  -15.479  47.440 0.0000000000
69203  33.293  -15.702  44.439 0.0000000000
69213  33.272  -15.659  44.131 0.0000000000
69227  33.252  -15.370  43.454 0.0000000000
70469  48.429  -12.692  30.749 0.0000000000
70532  51.821  -12.989  28.117 0.0000000000
71465  34.162  -12.927  45.393 0.0000000000
71634  46.360  -12.488  31.582 0.0000000000
72659  34.837  -12.162  45.896 0.0000000000
72697  35.151  -11.753  44.311 0.0000000000
72713  40.991  -11.220  42.487 0.0000000000
72784  40.398  -10.779  36.463 0.0000000000
72826  44.140  -12.070  33.553 0.0000000000
72835  49.266  -10.567  31.854 0.0000000000
72848  50.805  -11.129  30.820 0.0000000000
72870  51.616  -11.514  30.049 0.0000000000
73960  35.762  -10.692  45.276 0.0000000000
73970  39.504  -10.123  43.718 0.0000000000
73999  36.583  -10.335  42.399 0.0000000000
74027  37.739  -9.921  40.119 0.0000000000
74037  38.530  -9.770  39.334 0.0000000000
74044  45.325  -9.729  37.821 0.0000000000
74046  40.157  -9.685  38.263 0.0000000000
74079  38.942  -10.855  37.310 0.0000000000
74129  42.613  -10.114  33.594 0.0000000000
74144  50.122  -10.079  31.606 0.0000000000
75164  36.376  -10.328  45.545 0.0000000000
75177  38.372  -9.992  44.493 0.0000000000
75180  36.319  -10.173  45.232 0.0000000000
75181  35.938  -10.368  44.902 0.0000000000
75192  38.797  -9.763  44.100 0.0000000000
75206  39.229  -9.612  43.750 0.0000000000
75233  41.492  -9.634  42.008 0.0000000000
75235  37.747  -9.423  41.226 0.0000000000
75272  38.247  -9.588  39.989 0.0000000000
75288  39.571  -9.477  38.900 0.0000000000
75289  39.119  -9.501  39.177 0.0000000000
75321  41.118  -9.791  37.057 0.0000000000
75431  50.136  -9.662  31.314 0.0000000000
75454  49.776  -8.972  30.643 0.0000000000
76406  38.090  -9.652  44.470 0.0000000000
76419  37.413  -9.257  44.050 0.0000000000
76445  40.322  -9.171  42.822 0.0000000000
76479  39.581  -8.532  40.406 0.0000000000
76535  46.462  -7.704  36.821 0.0000000000
76584  48.036  -8.130  33.853 0.0000000000
76617  47.341  -8.094  32.404 0.0000000000
76631  49.890  -9.169  31.302 0.0000000000
76633  49.049  -8.051  31.552 0.0000000000
76649  49.372  -8.442  30.804 0.0000000000
76669  46.787  -8.773  30.405 0.0000000000
77627  39.404  -8.729  43.027 0.0000000000
77652  41.180  -8.557  41.557 0.0000000000
77714  46.369  -7.384  36.928 0.0000000000
77743  47.420  -7.489  34.939 0.0000000000
77793  47.317  -7.908  33.083 0.0000000000
78830  40.943  -8.225  41.002 0.0000000000
78837  41.975  -8.010  40.285 0.0000000000
78838  41.516  -8.123  40.558 0.0000000000
78899  45.279  -6.768  36.353 0.0000000000
78900  45.115  -6.740  36.546 0.0000000000
