#!ascii label  , from subject sub-THP0005 vox2ras=TkReg
1939
65950  39.571  -17.725  30.027 0.0000000000
54938  37.716  -26.628  42.942 0.0000000000
48214  23.160  -32.394  44.642 0.0000000000
48160  17.912  -32.463  47.646 0.0000000000
50414  30.429  -31.178  47.015 0.0000000000
50499  27.007  -30.526  39.340 0.0000000000
58579  47.101  -24.110  36.018 0.0000000000
70627  49.275  -13.180  22.314 0.0000000000
69285  42.652  -14.772  39.420 0.0000000000
62109  34.473  -20.264  35.985 0.0000000000
56315  28.808  -25.765  31.802 0.0000000000
45729  24.322  -33.734  50.927 0.0000000000
46939  20.371  -33.585  46.892 0.0000000000
46826  21.373  -32.912  52.298 0.0000000000
46908  27.969  -33.531  47.272 0.0000000000
72746  44.525  -11.925  39.240 0.0000000000
58403  35.336  -23.549  48.346 0.0000000000
63203  38.299  -20.065  45.429 0.0000000000
65789  37.419  -17.743  42.918 0.0000000000
58518  36.280  -23.467  39.800 0.0000000000
57458  33.923  -23.814  33.407 0.0000000000
56221  32.639  -26.082  37.357 0.0000000000
47078  23.204  -33.045  37.455 0.0000000000
50590  23.577  -30.619  34.314 0.0000000000
69491  44.282  -14.679  25.519 0.0000000000
68404  42.295  -15.959  20.534 0.0000000000
47021  21.370  -33.184  39.858 0.0000000000
46993  17.714  -33.621  41.780 0.0000000000
50425  35.312  -30.019  45.815 0.0000000000
50481  32.383  -30.086  41.039 0.0000000000
48206  30.709  -32.640  44.553 0.0000000000
47001  25.029  -32.576  42.817 0.0000000000
62152  44.819  -21.075  33.334 0.0000000000
49199  17.474  -30.564  55.212 0.0000000000
49296  14.349  -32.290  49.536 0.0000000000
70503  47.622  -13.544  29.733 0.0000000000
70438  43.198  -13.351  33.070 0.0000000000
65869  43.899  -17.983  37.028 0.0000000000
62074  43.734  -20.593  39.751 0.0000000000
60904  40.707  -21.119  36.582 0.0000000000
71476  39.080  -12.068  43.286 0.0000000000
67086  37.758  -16.565  36.950 0.0000000000
62175  37.948  -20.083  32.488 0.0000000000
61020  34.605  -21.001  28.775 0.0000000000
51728  29.252  -29.229  35.385 0.0000000000
46809  24.282  -32.961  52.797 0.0000000000
46838  23.044  -33.596  51.934 0.0000000000
48059  22.387  -31.986  54.009 0.0000000000
48081  26.376  -33.044  51.520 0.0000000000
57279  37.138  -24.882  46.075 0.0000000000
59569  38.086  -23.481  44.637 0.0000000000
60801  37.582  -21.922  43.407 0.0000000000
56173  37.141  -24.925  40.926 0.0000000000
56186  35.958  -24.799  38.616 0.0000000000
54983  35.360  -25.980  40.686 0.0000000000
44681  21.134  -35.322  36.182 0.0000000000
45921  21.109  -34.588  34.388 0.0000000000
67201  40.920  -16.189  27.427 0.0000000000
67253  40.401  -17.089  24.203 0.0000000000
63446  40.341  -19.224  26.820 0.0000000000
48241  22.144  -32.425  42.769 0.0000000000
47022  19.102  -32.917  40.691 0.0000000000
48231  20.250  -32.605  43.040 0.0000000000
45779  18.992  -33.990  47.307 0.0000000000
45808  17.794  -34.949  44.448 0.0000000000
45795  17.264  -34.512  45.679 0.0000000000
45796  15.447  -34.224  45.809 0.0000000000
52644  33.612  -27.824  48.940 0.0000000000
50411  33.090  -29.984  46.813 0.0000000000
48170  33.956  -31.858  45.322 0.0000000000
46929  31.820  -33.505  46.367 0.0000000000
46936  25.707  -32.905  46.365 0.0000000000
46968  26.238  -32.589  44.951 0.0000000000
46978  24.373  -32.636  43.648 0.0000000000
47019  22.934  -33.362  40.343 0.0000000000
60917  47.939  -21.545  35.869 0.0000000000
60969  48.676  -21.579  32.779 0.0000000000
59765  45.859  -23.068  32.209 0.0000000000
48102  13.304  -32.604  50.905 0.0000000000
68225  42.880  -15.545  35.449 0.0000000000
70399  44.433  -13.590  36.321 0.0000000000
70343  43.730  -13.350  40.356 0.0000000000
67046  44.376  -16.261  39.594 0.0000000000
65825  43.119  -17.617  40.088 0.0000000000
60884  42.477  -21.712  38.558 0.0000000000
64483  41.712  -18.512  38.771 0.0000000000
63237  35.545  -19.533  39.856 0.0000000000
67033  37.239  -16.513  40.416 0.0000000000
64498  36.083  -18.067  37.166 0.0000000000
63304  37.468  -18.948  35.525 0.0000000000
63320  35.588  -19.603  34.155 0.0000000000
62199  36.374  -20.154  30.631 0.0000000000
62177  35.121  -20.414  32.688 0.0000000000
57499  31.893  -23.900  30.355 0.0000000000
50496  29.877  -30.709  39.701 0.0000000000
51668  31.297  -29.724  38.416 0.0000000000
50546  28.485  -30.343  37.121 0.0000000000
51776  23.982  -29.601  32.220 0.0000000000
71818  51.194  -12.233  18.616 0.0000000000
70637  48.555  -13.330  19.711 0.0000000000
46891  24.136  -33.192  48.404 0.0000000000
48197  21.762  -32.522  45.923 0.0000000000
46893  22.248  -33.361  48.826 0.0000000000
46875  21.277  -33.380  49.763 0.0000000000
46877  19.990  -32.632  49.858 0.0000000000
49304  29.110  -31.845  48.582 0.0000000000
45753  30.707  -33.671  48.180 0.0000000000
45706  28.515  -33.824  49.854 0.0000000000
45745  25.865  -33.766  48.978 0.0000000000
74044  45.325  -9.729  37.821 0.0000000000
72711  42.197  -11.336  41.700 0.0000000000
64420  38.281  -18.968  44.053 0.0000000000
62053  36.196  -20.690  41.915 0.0000000000
59669  35.525  -22.382  38.827 0.0000000000
59723  34.816  -22.250  35.214 0.0000000000
57404  35.499  -23.954  36.226 0.0000000000
56264  33.592  -25.214  35.168 0.0000000000
55057  31.984  -26.558  34.921 0.0000000000
49417  24.524  -31.553  38.514 0.0000000000
50550  24.881  -30.620  36.367 0.0000000000
48325  23.073  -32.098  35.998 0.0000000000
69487  46.980  -14.082  23.667 0.0000000000
69516  46.216  -14.723  21.185 0.0000000000
68391  43.436  -15.609  22.891 0.0000000000
46982  18.807  -33.575  43.745 0.0000000000
54836  35.893  -26.542  47.330 0.0000000000
52722  36.788  -28.591  44.360 0.0000000000
52765  34.837  -28.141  42.334 0.0000000000
50461  35.006  -30.587  43.936 0.0000000000
49374  31.571  -31.584  42.685 0.0000000000
50470  28.768  -30.881  42.045 0.0000000000
46954  29.244  -32.944  45.876 0.0000000000
49367  27.409  -31.607  43.867 0.0000000000
49398  25.342  -31.267  40.428 0.0000000000
48273  24.073  -32.465  39.853 0.0000000000
45845  22.555  -33.708  38.711 0.0000000000
63376  42.266  -19.914  31.749 0.0000000000
63404  43.417  -19.483  29.161 0.0000000000
63354  47.206  -19.581  32.688 0.0000000000
49209  20.036  -31.822  53.986 0.0000000000
49258  17.802  -30.919  51.154 0.0000000000
50335  16.187  -30.380  53.082 0.0000000000
49310  16.095  -31.900  48.273 0.0000000000
70573  48.838  -13.616  25.825 0.0000000000
69442  45.246  -14.156  27.479 0.0000000000
69416  43.521  -14.618  29.269 0.0000000000
68252  41.444  -15.659  32.211 0.0000000000
64533  41.424  -18.159  34.183 0.0000000000
62120  42.733  -19.960  35.411 0.0000000000
60882  44.990  -21.585  37.922 0.0000000000
69315  45.629  -14.718  37.953 0.0000000000
63258  44.390  -19.806  38.718 0.0000000000
58530  46.043  -23.577  38.964 0.0000000000
57362  43.841  -24.116  38.018 0.0000000000
58567  42.965  -23.813  36.524 0.0000000000
71513  40.430  -12.660  41.644 0.0000000000
69225  37.567  -14.485  43.192 0.0000000000
69269  38.910  -14.237  40.212 0.0000000000
69317  40.327  -14.788  37.795 0.0000000000
64497  39.528  -18.201  36.778 0.0000000000
60923  39.702  -20.813  35.139 0.0000000000
59768  33.959  -22.228  31.348 0.0000000000
53885  32.504  -27.732  39.333 0.0000000000
53903  31.383  -27.828  36.351 0.0000000000
53937  28.648  -27.436  33.651 0.0000000000
50587  26.383  -30.180  34.990 0.0000000000
52836  26.759  -28.781  32.867 0.0000000000
48058  23.430  -32.253  53.329 0.0000000000
49206  22.839  -31.299  53.533 0.0000000000
56119  37.664  -25.813  44.377 0.0000000000
58435  37.742  -23.951  45.090 0.0000000000
57304  37.934  -24.886  43.654 0.0000000000
58473  38.006  -24.189  42.959 0.0000000000
56146  37.846  -25.615  42.581 0.0000000000
54982  36.197  -25.903  41.029 0.0000000000
54959  36.792  -26.447  41.689 0.0000000000
67188  40.242  -16.586  28.344 0.0000000000
67218  39.606  -17.003  27.039 0.0000000000
63432  39.769  -19.012  28.250 0.0000000000
48229  22.548  -32.351  43.775 0.0000000000
48242  21.075  -32.490  42.442 0.0000000000
48215  22.019  -32.306  44.835 0.0000000000
46919  18.217  -33.161  47.298 0.0000000000
45794  17.870  -34.310  46.086 0.0000000000
46943  17.098  -33.823  46.002 0.0000000000
46963  16.506  -34.318  45.622 0.0000000000
48180  16.422  -33.025  46.443 0.0000000000
51552  30.350  -29.538  47.788 0.0000000000
51575  31.430  -29.794  47.236 0.0000000000
51574  32.472  -29.511  47.527 0.0000000000
50412  32.146  -30.267  46.766 0.0000000000
49332  33.052  -31.603  46.094 0.0000000000
49318  31.612  -32.406  47.011 0.0000000000
48194  24.474  -32.573  45.494 0.0000000000
46970  24.941  -32.613  44.590 0.0000000000
48213  24.185  -32.550  44.594 0.0000000000
48240  23.118  -32.622  42.949 0.0000000000
58578  47.566  -23.301  35.405 0.0000000000
59720  48.059  -22.668  34.658 0.0000000000
58617  46.512  -23.404  33.746 0.0000000000
74092  45.049  -10.538  35.028 0.0000000000
72797  44.390  -11.458  35.593 0.0000000000
74075  45.042  -10.557  36.150 0.0000000000
69266  43.268  -14.489  39.888 0.0000000000
68143  43.337  -15.635  39.711 0.0000000000
68159  42.925  -15.665  39.523 0.0000000000
65843  42.087  -17.889  39.060 0.0000000000
67063  42.269  -16.263  38.938 0.0000000000
63261  35.074  -19.614  38.177 0.0000000000
64470  35.777  -18.365  38.584 0.0000000000
63273  35.058  -19.379  37.196 0.0000000000
63290  35.654  -19.054  36.200 0.0000000000
63307  35.050  -19.726  34.728 0.0000000000
62158  35.213  -19.956  33.528 0.0000000000
62123  34.619  -20.303  35.088 0.0000000000
50497  28.917  -30.654  39.595 0.0000000000
50523  29.428  -30.411  38.019 0.0000000000
50525  27.688  -30.486  37.762 0.0000000000
71801  50.231  -12.662  20.899 0.0000000000
70631  49.302  -13.027  21.307 0.0000000000
46856  24.508  -33.612  49.691 0.0000000000
46892  23.190  -33.201  48.698 0.0000000000
46873  23.124  -33.453  49.653 0.0000000000
46825  21.951  -33.215  52.372 0.0000000000
46859  21.971  -33.383  50.770 0.0000000000
46860  21.209  -33.147  50.640 0.0000000000
46876  20.571  -33.077  49.681 0.0000000000
48100  20.458  -32.534  51.274 0.0000000000
49305  27.823  -31.367  48.781 0.0000000000
48125  29.202  -32.685  49.286 0.0000000000
48113  28.254  -32.902  50.142 0.0000000000
45697  25.773  -33.719  51.393 0.0000000000
45708  26.928  -34.054  50.510 0.0000000000
45728  25.157  -33.787  50.112 0.0000000000
46890  25.199  -33.336  48.163 0.0000000000
62021  37.651  -20.962  45.902 0.0000000000
63197  37.380  -19.419  46.365 0.0000000000
64398  38.301  -18.739  45.735 0.0000000000
65737  38.470  -17.911  45.440 0.0000000000
64406  38.517  -18.899  45.216 0.0000000000
59620  36.855  -23.032  41.970 0.0000000000
60812  36.959  -21.758  42.865 0.0000000000
59633  36.095  -22.625  40.602 0.0000000000
60837  35.560  -21.581  40.133 0.0000000000
59668  35.853  -23.000  39.209 0.0000000000
58555  35.648  -22.959  37.294 0.0000000000
58535  36.200  -23.608  38.658 0.0000000000
56203  34.439  -25.378  38.185 0.0000000000
56219  34.588  -25.034  37.082 0.0000000000
56241  33.533  -25.449  36.358 0.0000000000
56277  32.636  -25.759  34.467 0.0000000000
56242  32.654  -26.039  36.729 0.0000000000
48305  23.629  -32.365  37.671 0.0000000000
49437  23.729  -31.874  37.044 0.0000000000
48312  23.289  -32.450  36.800 0.0000000000
69489  45.514  -14.585  24.547 0.0000000000
69512  45.120  -14.893  23.442 0.0000000000
68382  43.510  -15.364  24.018 0.0000000000
66038  40.392  -17.897  23.028 0.0000000000
45863  20.645  -34.113  37.948 0.0000000000
47055  19.953  -33.514  38.505 0.0000000000
48177  20.968  -33.200  46.819 0.0000000000
46960  20.159  -33.187  45.697 0.0000000000
46973  19.293  -33.579  44.908 0.0000000000
44585  17.363  -35.423  44.066 0.0000000000
45811  17.497  -34.775  43.543 0.0000000000
51572  34.596  -28.908  47.420 0.0000000000
53761  34.971  -27.154  47.912 0.0000000000
52700  35.877  -28.510  46.648 0.0000000000
53777  36.590  -27.423  46.491 0.0000000000
51603  36.360  -29.005  45.217 0.0000000000
50459  36.037  -30.029  44.038 0.0000000000
49351  35.797  -30.601  45.018 0.0000000000
48204  32.635  -32.601  44.635 0.0000000000
48220  32.996  -32.041  43.934 0.0000000000
48236  30.955  -31.949  43.096 0.0000000000
49386  30.159  -31.317  41.901 0.0000000000
49376  29.925  -31.579  42.704 0.0000000000
45755  29.509  -34.148  48.286 0.0000000000
45788  30.173  -34.059  46.959 0.0000000000
45790  28.869  -33.595  46.816 0.0000000000
48226  25.901  -32.391  44.049 0.0000000000
48225  26.701  -32.034  44.223 0.0000000000
48238  26.173  -32.037  43.594 0.0000000000
49379  26.347  -31.554  42.876 0.0000000000
49390  25.581  -31.636  41.854 0.0000000000
49399  24.504  -31.914  40.162 0.0000000000
48247  24.580  -32.524  41.595 0.0000000000
47020  22.149  -33.427  39.997 0.0000000000
47035  21.719  -33.576  39.119 0.0000000000
62173  43.003  -20.565  32.756 0.0000000000
62186  43.899  -20.153  31.683 0.0000000000
62170  46.372  -20.238  32.886 0.0000000000
60979  48.693  -21.395  31.590 0.0000000000
49210  18.849  -31.145  54.265 0.0000000000
49238  18.863  -31.342  52.350 0.0000000000
49222  18.287  -31.023  53.224 0.0000000000
50352  14.464  -30.417  52.344 0.0000000000
49260  14.991  -30.607  51.146 0.0000000000
50375  16.105  -30.665  50.789 0.0000000000
49295  15.027  -31.798  49.108 0.0000000000
48143  15.503  -32.495  47.970 0.0000000000
48144  14.889  -33.126  48.286 0.0000000000
70593  50.393  -13.209  25.545 0.0000000000
70536  48.549  -13.641  27.795 0.0000000000
70521  46.996  -13.904  29.002 0.0000000000
69428  44.929  -14.176  28.583 0.0000000000
69414  45.533  -13.965  29.769 0.0000000000
70454  44.230  -13.334  32.193 0.0000000000
69384  43.786  -14.106  31.557 0.0000000000
68243  41.904  -15.064  32.782 0.0000000000
67137  40.934  -16.472  33.319 0.0000000000
68235  41.700  -15.397  33.836 0.0000000000
67097  43.767  -16.510  36.249 0.0000000000
64519  42.504  -18.303  35.379 0.0000000000
64508  43.444  -18.563  36.572 0.0000000000
60902  44.122  -21.150  36.705 0.0000000000
63270  43.810  -19.658  37.271 0.0000000000
72756  44.887  -11.674  38.541 0.0000000000
71553  45.415  -12.494  37.647 0.0000000000
70372  45.505  -13.809  38.453 0.0000000000
63235  43.813  -18.948  39.845 0.0000000000
64467  44.329  -18.733  39.225 0.0000000000
63246  44.312  -20.061  39.394 0.0000000000
62072  44.616  -21.117  39.276 0.0000000000
59648  44.818  -22.626  39.565 0.0000000000
57360  45.108  -24.556  38.542 0.0000000000
58517  43.974  -23.179  39.101 0.0000000000
60885  41.791  -21.340  38.039 0.0000000000
58552  42.603  -23.017  37.538 0.0000000000
59699  41.448  -22.105  36.690 0.0000000000
59710  41.386  -22.475  35.812 0.0000000000
71493  39.941  -12.413  42.276 0.0000000000
66997  37.854  -16.771  43.671 0.0000000000
68110  37.573  -15.548  43.884 0.0000000000
67009  37.370  -16.564  42.452 0.0000000000
67049  37.436  -16.310  39.474 0.0000000000
68145  37.788  -15.655  40.476 0.0000000000
68161  38.447  -15.192  38.921 0.0000000000
69287  39.327  -14.144  39.620 0.0000000000
68200  38.797  -15.382  37.568 0.0000000000
65870  40.239  -17.132  37.255 0.0000000000
65882  38.988  -17.455  36.548 0.0000000000
63339  37.870  -19.637  34.340 0.0000000000
62122  38.614  -19.918  35.130 0.0000000000
62155  38.849  -20.420  34.084 0.0000000000
60956  39.948  -21.517  33.509 0.0000000000
60972  39.541  -21.535  32.274 0.0000000000
62197  38.287  -20.940  30.849 0.0000000000
62210  35.619  -20.397  29.987 0.0000000000
62219  37.095  -21.369  28.549 0.0000000000
58602  34.653  -23.063  33.959 0.0000000000
59742  34.486  -22.440  33.283 0.0000000000
59758  33.779  -23.030  32.256 0.0000000000
58674  32.284  -23.109  28.607 0.0000000000
51653  33.240  -28.898  41.418 0.0000000000
52776  33.406  -28.178  41.189 0.0000000000
51658  32.696  -29.242  40.585 0.0000000000
51687  30.402  -29.466  36.648 0.0000000000
52796  31.258  -28.707  36.725 0.0000000000
52806  30.429  -28.644  35.697 0.0000000000
53923  30.075  -27.629  34.461 0.0000000000
52819  29.316  -28.593  34.805 0.0000000000
50571  24.820  -30.464  35.415 0.0000000000
50570  25.710  -30.348  35.595 0.0000000000
50589  24.581  -30.298  34.530 0.0000000000
51774  25.662  -29.099  32.476 0.0000000000
53951  26.482  -27.955  31.849 0.0000000000
68402  44.099  -15.349  21.125 0.0000000000
69520  46.181  -14.593  20.087 0.0000000000
63403  44.738  -19.310  28.915 0.0000000000
46821  24.735  -33.372  52.290 0.0000000000
45730  23.929  -33.695  51.369 0.0000000000
46823  23.394  -33.495  52.468 0.0000000000
46811  22.876  -33.218  53.104 0.0000000000
48060  21.804  -32.441  53.857 0.0000000000
48067  25.357  -32.912  52.175 0.0000000000
58415  36.342  -23.971  47.153 0.0000000000
59543  36.266  -22.337  47.428 0.0000000000
58426  37.031  -23.743  46.321 0.0000000000
59556  37.700  -23.048  45.637 0.0000000000
60778  38.165  -22.083  45.277 0.0000000000
62035  38.439  -21.341  44.438 0.0000000000
59595  38.110  -23.032  43.741 0.0000000000
58474  37.691  -23.779  42.580 0.0000000000
57335  37.145  -24.250  41.162 0.0000000000
57347  36.434  -24.318  39.168 0.0000000000
56174  36.237  -25.276  39.992 0.0000000000
56175  34.998  -25.749  39.812 0.0000000000
56189  33.470  -25.868  38.910 0.0000000000
45889  22.218  -34.080  36.416 0.0000000000
45903  22.103  -33.917  35.889 0.0000000000
45904  21.661  -34.444  35.652 0.0000000000
68351  43.299  -14.812  26.396 0.0000000000
68370  42.602  -15.466  24.794 0.0000000000
67234  40.330  -16.656  25.833 0.0000000000
64675  39.664  -18.195  25.469 0.0000000000
48261  21.614  -32.974  40.628 0.0000000000
48275  19.996  -32.843  39.806 0.0000000000
48250  20.904  -32.638  41.342 0.0000000000
48243  20.093  -32.624  42.094 0.0000000000
46991  19.351  -32.872  42.876 0.0000000000
45792  19.456  -34.001  47.024 0.0000000000
45806  18.934  -34.030  45.643 0.0000000000
45800  18.428  -34.305  45.832 0.0000000000
45801  17.582  -34.924  45.260 0.0000000000
43486  15.538  -36.671  45.105 0.0000000000
51573  33.519  -29.323  47.606 0.0000000000
50426  34.554  -30.326  46.134 0.0000000000
49344  34.753  -31.480  45.130 0.0000000000
49331  34.259  -31.245  45.750 0.0000000000
46950  32.774  -32.793  45.365 0.0000000000
46966  31.542  -33.067  44.944 0.0000000000
46909  27.132  -33.454  47.314 0.0000000000
46934  27.311  -33.114  46.593 0.0000000000
46958  25.785  -32.713  45.505 0.0000000000
46977  24.963  -32.626  44.029 0.0000000000
46988  24.759  -32.653  43.237 0.0000000000
47002  24.470  -32.755  42.240 0.0000000000
46989  24.107  -32.819  42.697 0.0000000000
48248  22.808  -32.755  42.190 0.0000000000
60934  46.319  -21.238  34.722 0.0000000000
62149  48.049  -20.298  34.075 0.0000000000
60933  48.774  -21.084  34.735 0.0000000000
59751  47.612  -22.283  32.684 0.0000000000
50353  13.687  -30.620  52.631 0.0000000000
49280  13.562  -32.206  50.625 0.0000000000
48117  13.944  -32.826  49.848 0.0000000000
46864  13.739  -33.429  50.345 0.0000000000
72826  44.140  -12.070  33.553 0.0000000000
69356  42.384  -14.511  34.338 0.0000000000
70414  43.491  -13.453  35.500 0.0000000000
70400  43.829  -14.104  36.017 0.0000000000
68214  44.650  -15.629  36.551 0.0000000000
71525  44.048  -12.717  40.184 0.0000000000
69282  44.797  -14.627  39.220 0.0000000000
68158  44.336  -15.487  39.594 0.0000000000
65824  43.641  -17.596  40.058 0.0000000000
63248  43.434  -19.290  39.856 0.0000000000
62083  43.145  -20.837  39.528 0.0000000000
63249  42.683  -19.359  39.550 0.0000000000
62085  41.738  -19.984  38.646 0.0000000000
62096  41.195  -20.203  37.938 0.0000000000
64442  35.960  -18.756  40.974 0.0000000000
65808  36.963  -17.267  41.933 0.0000000000
65827  36.250  -17.828  40.388 0.0000000000
65845  36.260  -17.728  39.219 0.0000000000
65872  37.002  -16.912  37.465 0.0000000000
65884  37.449  -17.470  36.569 0.0000000000
64520  36.809  -18.647  35.873 0.0000000000
63318  37.261  -19.284  34.799 0.0000000000
63360  36.939  -19.507  33.076 0.0000000000
62190  37.057  -19.905  31.673 0.0000000000
63380  36.213  -19.721  32.239 0.0000000000
63381  35.630  -20.014  32.189 0.0000000000
62211  34.882  -20.817  30.368 0.0000000000
57468  32.585  -24.614  32.437 0.0000000000
58643  32.800  -23.858  31.795 0.0000000000
57489  31.528  -24.457  30.896 0.0000000000
57501  30.733  -24.551  29.529 0.0000000000
57516  30.587  -24.306  28.478 0.0000000000
50494  31.475  -30.218  39.880 0.0000000000
51664  31.464  -29.908  39.226 0.0000000000
50504  30.490  -30.349  38.913 0.0000000000
51674  29.559  -30.195  37.460 0.0000000000
51708  28.695  -29.851  35.938 0.0000000000
50606  23.422  -30.267  33.096 0.0000000000
50637  22.577  -30.266  31.301 0.0000000000
71806  51.697  -12.167  19.551 0.0000000000
70645  49.348  -12.880  19.205 0.0000000000
70646  48.569  -13.265  18.775 0.0000000000
48155  23.756  -32.602  46.673 0.0000000000
48196  22.747  -32.405  45.599 0.0000000000
48157  22.504  -32.831  47.301 0.0000000000
48158  21.967  -33.024  47.518 0.0000000000
46915  21.403  -33.245  47.790 0.0000000000
46874  22.166  -33.492  49.827 0.0000000000
46894  21.331  -33.489  48.837 0.0000000000
46916  20.549  -33.456  47.972 0.0000000000
45760  19.979  -33.399  48.347 0.0000000000
46896  19.643  -33.066  48.627 0.0000000000
48140  18.729  -32.219  48.740 0.0000000000
50415  29.839  -31.220  47.385 0.0000000000
48154  30.761  -32.581  47.722 0.0000000000
49303  29.776  -32.396  48.353 0.0000000000
45740  29.703  -33.735  48.874 0.0000000000
45742  28.837  -34.301  48.920 0.0000000000
46837  27.150  -33.391  50.769 0.0000000000
45726  27.412  -34.228  49.740 0.0000000000
45757  27.465  -33.807  48.251 0.0000000000
46889  25.877  -33.444  47.803 0.0000000000
46911  25.407  -33.072  47.200 0.0000000000
57427  45.841  -25.234  36.044 0.0000000000
57455  45.311  -24.888  33.753 0.0000000000
56272  45.170  -25.644  34.464 0.0000000000
75301  45.873  -9.197  37.084 0.0000000000
74025  43.868  -11.316  40.000 0.0000000000
72726  43.665  -12.158  40.502 0.0000000000
70325  43.103  -12.804  40.766 0.0000000000
70326  42.489  -12.822  40.929 0.0000000000
66982  38.357  -17.020  44.786 0.0000000000
65773  38.108  -17.965  43.762 0.0000000000
62043  38.037  -21.017  43.886 0.0000000000
63214  37.242  -19.794  43.084 0.0000000000
64430  37.038  -18.813  42.693 0.0000000000
63221  35.985  -19.714  41.534 0.0000000000
62076  35.179  -20.761  39.139 0.0000000000
60869  34.801  -21.165  37.859 0.0000000000
60940  34.601  -21.586  35.297 0.0000000000
59712  35.134  -22.473  36.196 0.0000000000
58582  35.356  -23.093  35.633 0.0000000000
57430  34.968  -23.624  35.081 0.0000000000
57364  35.828  -24.590  37.746 0.0000000000
57405  35.029  -24.632  36.444 0.0000000000
57452  33.883  -24.622  34.511 0.0000000000
56286  32.357  -25.424  33.235 0.0000000000
55082  31.813  -25.933  33.324 0.0000000000
55098  30.325  -26.174  32.810 0.0000000000
50500  26.089  -30.752  39.242 0.0000000000
50527  25.819  -30.649  37.361 0.0000000000
49435  25.100  -30.853  37.456 0.0000000000
49450  24.259  -30.960  36.535 0.0000000000
49464  23.087  -31.468  35.127 0.0000000000
47101  22.172  -33.100  35.272 0.0000000000
48336  22.147  -32.491  34.669 0.0000000000
70609  47.778  -13.853  23.187 0.0000000000
70620  47.816  -13.962  22.192 0.0000000000
69499  47.009  -14.194  22.683 0.0000000000
68395  44.913  -15.165  22.419 0.0000000000
68398  42.441  -15.998  21.474 0.0000000000
68384  41.515  -16.178  23.818 0.0000000000
67255  41.689  -16.407  22.078 0.0000000000
48216  20.948  -32.578  45.236 0.0000000000
46981  19.833  -32.865  43.909 0.0000000000
46992  18.343  -33.388  42.517 0.0000000000
45810  18.242  -34.338  44.082 0.0000000000
45818  18.025  -34.011  43.327 0.0000000000
57255  35.374  -25.150  47.971 0.0000000000
56098  36.239  -25.763  47.092 0.0000000000
54878  37.337  -26.817  45.340 0.0000000000
53817  37.469  -27.602  44.034 0.0000000000
53835  36.138  -27.827  42.606 0.0000000000
52751  36.174  -28.589  43.183 0.0000000000
51647  34.837  -29.572  42.981 0.0000000000
51649  32.907  -29.807  42.119 0.0000000000
49354  33.975  -31.598  44.336 0.0000000000
49372  33.277  -30.737  42.955 0.0000000000
49383  32.204  -30.717  41.850 0.0000000000
49395  30.986  -31.051  41.149 0.0000000000
50485  29.173  -30.759  40.533 0.0000000000
50486  28.176  -30.554  40.387 0.0000000000
45770  31.378  -33.597  47.422 0.0000000000
46930  30.788  -33.722  46.291 0.0000000000
48189  29.977  -32.615  44.863 0.0000000000
46955  28.324  -32.802  46.099 0.0000000000
48208  28.541  -31.965  44.791 0.0000000000
48207  29.507  -31.981  44.350 0.0000000000
49378  27.789  -30.906  42.499 0.0000000000
49388  27.548  -30.682  41.616 0.0000000000
50488  26.306  -30.645  39.982 0.0000000000
48288  24.000  -32.192  38.982 0.0000000000
47068  23.289  -33.113  38.138 0.0000000000
47018  23.531  -33.040  40.858 0.0000000000
47052  23.356  -33.208  38.877 0.0000000000
47069  22.927  -33.622  37.772 0.0000000000
45874  22.263  -34.166  37.418 0.0000000000
63378  40.352  -18.918  31.326 0.0000000000
63407  40.787  -19.385  29.573 0.0000000000
63394  42.887  -19.734  30.309 0.0000000000
63335  48.598  -19.775  33.455 0.0000000000
63351  49.418  -19.674  32.661 0.0000000000
58639  44.786  -24.224  32.156 0.0000000000
50321  22.088  -30.342  54.228 0.0000000000
48049  21.799  -31.671  54.480 0.0000000000
48051  21.362  -32.168  54.279 0.0000000000
49186  20.348  -30.923  55.427 0.0000000000
48073  20.427  -32.252  53.182 0.0000000000
49237  19.619  -31.758  52.465 0.0000000000
49274  19.089  -31.628  50.650 0.0000000000
49292  18.272  -31.384  49.541 0.0000000000
49212  16.731  -30.534  53.652 0.0000000000
49240  17.136  -30.749  51.761 0.0000000000
49293  17.312  -31.142  49.362 0.0000000000
49322  16.878  -31.981  47.782 0.0000000000
48162  15.834  -32.637  47.119 0.0000000000
71769  49.837  -13.090  23.566 0.0000000000
70607  49.528  -13.285  24.153 0.0000000000
70574  47.750  -13.909  25.413 0.0000000000
69453  46.184  -14.206  25.965 0.0000000000
70551  50.164  -13.281  27.099 0.0000000000
70553  48.106  -13.805  26.664 0.0000000000
69455  44.584  -14.307  26.739 0.0000000000
68333  43.179  -14.774  27.311 0.0000000000
68303  42.469  -15.229  28.469 0.0000000000
67172  41.010  -16.069  29.846 0.0000000000
69398  44.665  -13.972  30.707 0.0000000000
68260  42.234  -15.260  30.900 0.0000000000
67157  40.396  -16.746  31.214 0.0000000000
64559  40.229  -18.281  32.043 0.0000000000
63357  41.840  -19.781  33.029 0.0000000000
62154  42.336  -20.199  33.664 0.0000000000
67113  42.314  -16.375  35.140 0.0000000000
63315  42.157  -19.245  34.618 0.0000000000
60955  43.834  -21.259  34.543 0.0000000000
60919  45.673  -21.597  35.850 0.0000000000
60899  47.074  -21.743  36.887 0.0000000000
59681  47.232  -22.610  37.496 0.0000000000
71567  45.033  -12.645  36.988 0.0000000000
70398  45.372  -13.712  36.930 0.0000000000
67081  44.702  -16.669  37.451 0.0000000000
67061  44.905  -16.541  38.711 0.0000000000
67062  44.771  -16.990  38.136 0.0000000000
64494  44.077  -18.954  37.728 0.0000000000
62093  44.329  -20.670  38.113 0.0000000000
59683  46.224  -22.243  38.666 0.0000000000
58565  46.960  -24.030  37.082 0.0000000000
57400  45.666  -25.118  37.010 0.0000000000
56215  45.031  -25.299  37.319 0.0000000000
58533  43.538  -23.389  38.427 0.0000000000
58566  43.602  -24.266  37.059 0.0000000000
71511  41.774  -12.239  41.507 0.0000000000
70346  41.586  -13.271  40.353 0.0000000000
70299  38.040  -13.050  43.452 0.0000000000
68131  37.602  -15.632  41.763 0.0000000000
69254  38.016  -14.838  41.261 0.0000000000
70312  38.969  -12.968  42.360 0.0000000000
70329  39.858  -13.009  41.391 0.0000000000
70363  40.308  -13.640  39.419 0.0000000000
69302  41.621  -14.455  38.547 0.0000000000
67065  41.229  -16.822  37.950 0.0000000000
64496  40.259  -18.111  37.408 0.0000000000
62097  40.494  -19.777  37.309 0.0000000000
63287  38.607  -18.827  36.128 0.0000000000
63302  39.081  -19.479  36.114 0.0000000000
60922  40.344  -21.334  35.584 0.0000000000
59722  40.669  -22.055  34.138 0.0000000000
60994  37.884  -21.164  29.693 0.0000000000
59803  37.711  -22.752  28.637 0.0000000000
60959  34.574  -21.586  33.519 0.0000000000
60984  34.443  -21.719  31.740 0.0000000000
61007  34.382  -21.226  29.778 0.0000000000
59782  32.872  -22.945  30.589 0.0000000000
59791  33.267  -22.208  29.578 0.0000000000
53852  34.929  -27.397  41.872 0.0000000000
54985  33.337  -26.655  40.267 0.0000000000
55004  32.527  -26.881  38.969 0.0000000000
52789  31.875  -28.996  38.332 0.0000000000
53896  31.972  -27.719  37.678 0.0000000000
55034  32.190  -26.703  37.272 0.0000000000
55058  31.389  -27.241  35.269 0.0000000000
55070  30.387  -27.089  34.171 0.0000000000
55099  29.414  -26.382  32.883 0.0000000000
50548  26.747  -30.458  36.691 0.0000000000
50568  27.662  -30.301  36.148 0.0000000000
51730  27.675  -29.482  34.431 0.0000000000
51755  25.029  -29.576  33.073 0.0000000000
51753  26.633  -29.302  33.396 0.0000000000
52821  27.749  -28.920  33.841 0.0000000000
53939  27.278  -28.010  32.859 0.0000000000
55101  27.582  -26.908  32.271 0.0000000000
69515  47.054  -14.329  20.647 0.0000000000
69519  47.071  -14.172  19.637 0.0000000000
69525  47.139  -13.946  18.738 0.0000000000
63415  41.717  -19.524  28.386 0.0000000000
54937  37.818  -26.320  43.511 0.0000000000
56132  37.809  -25.715  43.817 0.0000000000
56145  37.968  -25.688  43.251 0.0000000000
54958  37.512  -26.236  42.218 0.0000000000
54939  37.241  -26.880  42.367 0.0000000000
65957  39.536  -17.666  29.270 0.0000000000
65964  39.522  -17.526  28.312 0.0000000000
64613  39.521  -18.445  28.856 0.0000000000
48178  17.929  -33.079  47.121 0.0000000000
46942  18.116  -33.618  46.827 0.0000000000
48179  17.412  -32.999  46.780 0.0000000000
51576  30.650  -30.255  46.999 0.0000000000
50413  31.288  -30.823  46.693 0.0000000000
50429  31.951  -31.069  46.537 0.0000000000
49334  31.608  -31.468  46.681 0.0000000000
48195  23.680  -32.483  45.446 0.0000000000
48228  23.658  -32.552  43.765 0.0000000000
58564  47.542  -23.299  36.499 0.0000000000
58597  46.652  -23.936  34.917 0.0000000000
69267  42.799  -14.302  39.826 0.0000000000
69284  43.077  -14.962  39.629 0.0000000000
67048  42.671  -16.536  39.432 0.0000000000
68160  42.519  -15.624  39.168 0.0000000000
62098  34.765  -20.047  37.682 0.0000000000
63274  34.825  -19.627  36.385 0.0000000000
50498  27.951  -30.540  39.485 0.0000000000
50507  27.797  -30.543  38.605 0.0000000000
71793  50.106  -12.823  21.978 0.0000000000
46872  23.973  -33.433  49.306 0.0000000000
46857  24.058  -33.554  50.146 0.0000000000
46813  21.618  -32.932  52.890 0.0000000000
46840  21.674  -33.180  51.558 0.0000000000
46841  21.028  -32.887  51.446 0.0000000000
48084  20.676  -32.519  52.269 0.0000000000
49286  28.114  -32.168  49.719 0.0000000000
49269  27.788  -32.524  50.340 0.0000000000
45710  25.136  -33.865  51.138 0.0000000000
45709  26.004  -33.954  50.725 0.0000000000
62027  38.184  -20.887  45.456 0.0000000000
63196  37.988  -19.833  45.897 0.0000000000
64399  37.860  -18.641  46.254 0.0000000000
63195  38.369  -19.510  45.447 0.0000000000
58501  36.571  -23.394  40.795 0.0000000000
59621  36.474  -22.629  41.523 0.0000000000
56220  33.361  -25.679  37.576 0.0000000000
56265  32.688  -25.942  35.631 0.0000000000
69490  44.645  -14.757  24.974 0.0000000000
68381  44.276  -15.032  24.379 0.0000000000
68368  44.219  -14.933  24.846 0.0000000000
47054  20.963  -33.651  38.594 0.0000000000
47036  20.594  -33.134  39.328 0.0000000000
46961  19.540  -33.754  46.046 0.0000000000
44586  16.753  -35.573  43.380 0.0000000000
50409  34.952  -29.508  46.516 0.0000000000
51571  35.353  -28.864  46.818 0.0000000000
51590  35.752  -29.123  46.179 0.0000000000
51589  36.237  -28.924  45.736 0.0000000000
50424  35.909  -29.581  45.581 0.0000000000
50438  36.014  -30.074  45.159 0.0000000000
50439  35.684  -30.144  45.465 0.0000000000
48205  31.728  -32.688  44.403 0.0000000000
48221  32.070  -32.214  43.799 0.0000000000
48222  31.221  -32.213  43.812 0.0000000000
48237  30.463  -31.808  42.946 0.0000000000
48223  30.326  -31.928  43.566 0.0000000000
45756  28.501  -33.903  48.060 0.0000000000
45773  29.474  -34.070  47.527 0.0000000000
45774  28.765  -33.746  47.209 0.0000000000
48239  25.606  -32.195  43.035 0.0000000000
49380  25.613  -31.967  42.524 0.0000000000
48246  25.105  -32.329  42.207 0.0000000000
48259  24.964  -32.048  41.389 0.0000000000
62171  45.461  -20.425  32.638 0.0000000000
62151  45.911  -20.815  33.384 0.0000000000
49198  18.307  -30.591  55.512 0.0000000000
49211  17.471  -30.709  54.298 0.0000000000
49261  14.168  -30.885  51.329 0.0000000000
50365  14.929  -30.473  51.676 0.0000000000
49278  15.297  -30.867  50.335 0.0000000000
71741  51.744  -12.686  26.014 0.0000000000
70570  51.563  -13.013  26.886 0.0000000000
70502  48.681  -13.419  29.677 0.0000000000
70520  48.038  -13.660  28.810 0.0000000000
69413  46.302  -13.972  29.290 0.0000000000
70504  46.569  -13.694  29.856 0.0000000000
71621  43.796  -13.081  32.732 0.0000000000
69372  42.838  -14.299  32.342 0.0000000000
70456  43.047  -13.783  32.727 0.0000000000
69363  42.299  -14.496  33.390 0.0000000000
65881  43.657  -17.507  36.555 0.0000000000
63285  43.411  -19.520  36.607 0.0000000000
64495  43.819  -18.750  37.167 0.0000000000
71542  44.855  -12.360  38.900 0.0000000000
72755  45.210  -12.429  38.502 0.0000000000
71541  45.139  -13.012  38.851 0.0000000000
63247  43.995  -19.823  39.816 0.0000000000
63234  44.075  -19.190  39.655 0.0000000000
62073  44.340  -20.861  39.631 0.0000000000
60850  44.278  -21.677  39.662 0.0000000000
58516  44.533  -23.392  39.304 0.0000000000
59649  44.021  -22.512  39.490 0.0000000000
60903  41.381  -21.543  37.255 0.0000000000
59685  41.941  -22.139  37.454 0.0000000000
59700  40.870  -21.853  35.994 0.0000000000
71494  39.353  -12.489  42.685 0.0000000000
67067  37.757  -16.035  38.128 0.0000000000
68162  38.006  -15.646  39.238 0.0000000000
67066  38.191  -15.730  37.743 0.0000000000
68180  38.435  -15.415  38.051 0.0000000000
67085  38.524  -15.883  37.146 0.0000000000
67098  39.085  -16.722  36.702 0.0000000000
67099  38.422  -16.824  36.635 0.0000000000
62156  38.247  -19.987  33.553 0.0000000000
62135  38.452  -19.984  34.492 0.0000000000
60958  38.502  -20.373  32.895 0.0000000000
60957  39.053  -20.765  33.265 0.0000000000
60973  38.661  -20.731  32.299 0.0000000000
60983  38.753  -21.182  31.388 0.0000000000
62189  38.076  -20.527  31.496 0.0000000000
62221  35.616  -20.616  29.047 0.0000000000
61019  35.493  -21.045  28.103 0.0000000000
58621  34.138  -23.306  33.114 0.0000000000
58634  33.471  -23.577  32.410 0.0000000000
51654  32.840  -29.600  41.558 0.0000000000
51707  29.794  -29.346  35.966 0.0000000000
51706  30.369  -29.118  36.140 0.0000000000
52807  29.786  -28.852  35.372 0.0000000000
68403  43.125  -15.578  20.860 0.0000000000
68408  42.904  -15.467  19.956 0.0000000000
46822  24.043  -33.424  52.507 0.0000000000
46800  23.092  -32.719  53.394 0.0000000000
46801  22.454  -32.706  53.531 0.0000000000
46812  22.115  -33.007  53.128 0.0000000000
49217  24.756  -32.268  52.341 0.0000000000
48083  25.167  -32.425  52.072 0.0000000000
46808  25.086  -33.057  52.365 0.0000000000
57280  36.567  -24.856  46.733 0.0000000000
58434  37.830  -24.275  44.548 0.0000000000
59570  38.155  -23.005  45.120 0.0000000000
60777  38.359  -22.402  44.710 0.0000000000
59583  38.178  -23.223  44.180 0.0000000000
57315  37.863  -24.737  42.408 0.0000000000
57325  37.502  -24.480  41.734 0.0000000000
56188  34.163  -25.720  39.186 0.0000000000
56176  34.339  -25.853  39.846 0.0000000000
45890  21.669  -34.723  36.705 0.0000000000
44702  21.062  -35.508  35.244 0.0000000000
68335  41.806  -15.686  26.645 0.0000000000
67216  40.995  -16.160  26.226 0.0000000000
67217  40.231  -16.573  26.718 0.0000000000
64637  39.727  -18.897  27.135 0.0000000000
66000  39.489  -17.646  26.118 0.0000000000
64655  39.806  -18.685  26.098 0.0000000000
63445  41.197  -19.427  26.577 0.0000000000
48249  22.045  -32.696  41.612 0.0000000000
47006  19.139  -32.827  41.773 0.0000000000
45799  19.093  -34.046  46.331 0.0000000000
45793  18.681  -34.052  46.656 0.0000000000
44570  17.284  -35.363  45.012 0.0000000000
44571  16.889  -35.662  45.028 0.0000000000
43497  16.291  -36.259  44.562 0.0000000000
45803  15.762  -34.734  45.580 0.0000000000
44572  16.093  -35.631  45.305 0.0000000000
44573  15.247  -35.517  45.622 0.0000000000
52646  32.211  -28.195  49.542 0.0000000000
51550  32.840  -28.803  48.533 0.0000000000
50410  34.067  -29.755  46.767 0.0000000000
50427  33.640  -30.638  46.280 0.0000000000
48172  32.429  -32.633  46.419 0.0000000000
46928  32.669  -32.802  45.746 0.0000000000
46951  32.262  -33.076  45.331 0.0000000000
46952  31.319  -33.364  45.574 0.0000000000
46935  26.487  -33.019  46.445 0.0000000000
46971  24.450  -32.595  44.151 0.0000000000
62118  47.883  -20.941  35.437 0.0000000000
62117  48.424  -20.951  35.324 0.0000000000
60916  48.549  -21.315  35.284 0.0000000000
59739  46.921  -23.026  33.542 0.0000000000
59738  47.445  -22.749  33.672 0.0000000000
59752  46.616  -22.867  32.965 0.0000000000
59764  46.670  -22.425  31.773 0.0000000000
49242  13.035  -31.380  52.289 0.0000000000
49241  13.790  -30.738  52.114 0.0000000000
49262  13.413  -31.851  51.089 0.0000000000
48118  13.603  -32.738  50.444 0.0000000000
71595  43.557  -12.570  34.611 0.0000000000
72798  44.022  -11.913  34.852 0.0000000000
71579  44.394  -12.433  36.203 0.0000000000
70413  44.044  -12.978  35.917 0.0000000000
69334  44.225  -14.699  36.157 0.0000000000
69283  44.316  -14.509  39.712 0.0000000000
69265  43.676  -14.278  40.066 0.0000000000
67031  43.447  -16.671  39.974 0.0000000000
64454  43.413  -18.338  40.044 0.0000000000
64468  42.864  -18.476  39.930 0.0000000000
62075  43.109  -20.094  39.606 0.0000000000
63259  42.055  -19.345  38.978 0.0000000000
63260  41.351  -19.280  38.427 0.0000000000
64455  35.698  -18.782  39.750 0.0000000000
64485  35.807  -18.266  37.731 0.0000000000
65862  36.279  -17.631  37.962 0.0000000000
65873  36.607  -17.667  36.932 0.0000000000
64512  36.353  -18.482  36.339 0.0000000000
63306  35.681  -19.385  35.137 0.0000000000
63305  36.475  -18.959  35.598 0.0000000000
63319  36.434  -19.342  34.531 0.0000000000
63340  37.263  -19.490  33.854 0.0000000000
63341  36.381  -19.478  33.654 0.0000000000
63379  36.761  -19.615  32.471 0.0000000000
63361  36.288  -19.571  32.930 0.0000000000
62192  35.308  -20.455  31.781 0.0000000000
62200  35.461  -20.376  30.908 0.0000000000
62201  34.841  -20.985  31.275 0.0000000000
57469  32.028  -25.045  32.292 0.0000000000
57479  31.862  -24.816  31.809 0.0000000000
57502  29.876  -24.592  29.089 0.0000000000
50495  30.748  -30.590  39.788 0.0000000000
50503  31.116  -30.186  39.220 0.0000000000
50524  28.541  -30.472  37.929 0.0000000000
50545  29.099  -30.327  37.444 0.0000000000
51688  29.390  -29.968  36.833 0.0000000000
51689  28.716  -30.118  36.586 0.0000000000
70636  49.358  -12.912  20.238 0.0000000000
71807  50.436  -12.516  19.653 0.0000000000
48156  23.287  -32.667  46.966 0.0000000000
46913  23.302  -32.905  47.794 0.0000000000
46914  22.417  -33.084  48.009 0.0000000000
46858  23.199  -33.465  50.958 0.0000000000
46895  20.478  -33.384  48.747 0.0000000000
45777  20.018  -33.551  48.035 0.0000000000
48139  19.436  -32.524  49.237 0.0000000000
46897  18.956  -32.920  48.281 0.0000000000
50398  28.430  -30.606  47.971 0.0000000000
50397  29.294  -30.674  47.507 0.0000000000
49321  29.533  -31.508  47.761 0.0000000000
49320  30.066  -32.036  47.717 0.0000000000
48112  28.803  -33.118  49.718 0.0000000000
48111  29.310  -33.192  49.415 0.0000000000
46853  29.061  -33.586  49.584 0.0000000000
45724  28.999  -34.067  49.441 0.0000000000
48098  26.886  -32.764  51.097 0.0000000000
48114  27.548  -32.835  50.626 0.0000000000
45727  26.404  -34.080  49.886 0.0000000000
45744  26.942  -34.110  48.999 0.0000000000
45743  27.929  -34.294  48.945 0.0000000000
45758  26.545  -33.658  48.138 0.0000000000
45759  25.881  -33.592  48.274 0.0000000000
46912  24.287  -32.780  47.248 0.0000000000
57447  45.793  -24.918  34.938 0.0000000000
72737  43.669  -11.578  40.355 0.0000000000
74026  43.507  -10.786  40.315 0.0000000000
74012  42.472  -10.711  41.430 0.0000000000
72728  42.716  -11.353  41.320 0.0000000000
71510  42.578  -12.016  41.331 0.0000000000
71490  42.208  -11.683  41.582 0.0000000000
65755  38.596  -18.175  44.921 0.0000000000
65772  38.459  -18.091  44.406 0.0000000000
60800  38.139  -22.098  43.837 0.0000000000
62052  36.759  -20.737  42.701 0.0000000000
62044  37.405  -20.845  43.361 0.0000000000
63220  36.572  -19.736  42.369 0.0000000000
62059  35.734  -20.653  41.118 0.0000000000
60852  35.365  -21.590  39.353 0.0000000000
62066  35.433  -20.854  39.826 0.0000000000
60868  35.135  -21.571  38.439 0.0000000000
60887  35.029  -21.823  37.537 0.0000000000
60906  34.834  -21.835  36.724 0.0000000000
59701  35.334  -22.499  37.048 0.0000000000
58569  35.838  -23.649  37.028 0.0000000000
58570  35.657  -23.242  36.699 0.0000000000
57403  35.765  -23.740  36.761 0.0000000000
56201  35.905  -24.658  38.015 0.0000000000
56202  35.409  -24.880  37.865 0.0000000000
56240  34.324  -25.001  35.941 0.0000000000
57384  35.158  -24.718  36.994 0.0000000000
56263  34.176  -24.873  35.386 0.0000000000
57431  34.597  -24.445  35.336 0.0000000000
57432  34.091  -24.802  35.098 0.0000000000
56276  33.148  -25.057  34.016 0.0000000000
55068  31.835  -26.131  33.914 0.0000000000
55083  31.180  -26.183  33.235 0.0000000000
49406  25.223  -31.124  38.998 0.0000000000
49416  25.162  -31.029  37.997 0.0000000000
49451  23.703  -31.414  36.299 0.0000000000
47091  22.014  -33.672  35.513 0.0000000000
47090  22.371  -33.352  35.969 0.0000000000
47102  21.692  -33.484  34.753 0.0000000000
48337  21.681  -32.765  34.091 0.0000000000
48346  21.908  -32.135  33.977 0.0000000000
68390  44.553  -15.191  23.226 0.0000000000
68389  44.963  -15.088  22.825 0.0000000000
68396  44.207  -15.416  22.180 0.0000000000
68392  42.493  -15.947  22.479 0.0000000000
68371  41.677  -15.912  24.549 0.0000000000
67246  40.973  -16.470  24.384 0.0000000000
67256  40.937  -16.978  22.712 0.0000000000
48263  19.759  -32.792  40.200 0.0000000000
47037  19.333  -33.099  39.559 0.0000000000
46972  20.177  -32.776  44.657 0.0000000000
45807  18.456  -34.386  44.955 0.0000000000
45812  16.819  -34.847  42.804 0.0000000000
53749  33.610  -27.197  49.269 0.0000000000
54837  35.353  -26.540  47.755 0.0000000000
54827  34.484  -26.325  48.645 0.0000000000
56080  35.216  -26.100  47.955 0.0000000000
56079  35.548  -25.782  47.710 0.0000000000
54857  36.485  -26.597  46.792 0.0000000000
52698  36.851  -28.040  45.615 0.0000000000
53776  37.009  -27.519  45.886 0.0000000000
53787  37.119  -27.597  45.335 0.0000000000
53801  37.374  -27.354  44.725 0.0000000000
52734  37.215  -28.133  44.199 0.0000000000
52750  36.815  -28.346  43.483 0.0000000000
52735  36.925  -28.515  44.062 0.0000000000
50460  35.688  -30.350  44.074 0.0000000000
51633  35.715  -29.667  43.617 0.0000000000
51634  35.072  -30.051  43.488 0.0000000000
51648  33.613  -29.404  42.316 0.0000000000
50467  33.950  -30.396  43.001 0.0000000000
48186  34.127  -31.906  44.859 0.0000000000
49363  32.423  -31.659  43.356 0.0000000000
49373  32.534  -30.956  42.569 0.0000000000
49384  31.676  -30.960  41.645 0.0000000000
49394  31.360  -30.789  41.026 0.0000000000
49385  30.936  -31.379  41.824 0.0000000000
49387  29.552  -31.212  42.165 0.0000000000
50475  30.085  -31.164  41.346 0.0000000000
50476  29.446  -30.992  41.513 0.0000000000
50477  28.352  -30.685  41.384 0.0000000000
46885  30.904  -33.326  47.993 0.0000000000
46907  31.302  -33.417  47.583 0.0000000000
45771  31.000  -33.828  47.765 0.0000000000
46931  29.835  -33.597  46.309 0.0000000000
45787  31.030  -34.054  47.079 0.0000000000
46953  30.299  -33.135  45.453 0.0000000000
46957  26.573  -32.710  45.585 0.0000000000
46956  27.469  -32.780  46.059 0.0000000000
48193  27.019  -32.647  45.511 0.0000000000
48224  27.152  -31.905  44.319 0.0000000000
48209  27.499  -32.072  44.733 0.0000000000
49357  27.953  -31.772  44.435 0.0000000000
49356  28.476  -31.684  44.138 0.0000000000
49366  28.500  -31.395  43.420 0.0000000000
49389  26.595  -30.796  41.470 0.0000000000
49397  26.285  -30.731  40.569 0.0000000000
48289  23.676  -32.671  38.523 0.0000000000
48274  23.734  -32.807  39.207 0.0000000000
47003  23.781  -32.945  41.798 0.0000000000
47034  22.724  -33.592  39.150 0.0000000000
47053  22.997  -33.523  38.453 0.0000000000
45861  22.541  -33.815  38.345 0.0000000000
63377  41.091  -19.411  31.439 0.0000000000
63395  41.640  -19.590  30.307 0.0000000000
63355  46.141  -19.725  32.204 0.0000000000
63374  44.576  -19.758  31.304 0.0000000000
63373  45.734  -19.358  31.385 0.0000000000
62148  48.805  -20.492  34.015 0.0000000000
60950  49.197  -20.784  33.218 0.0000000000
62169  49.503  -20.215  32.643 0.0000000000
63370  49.627  -19.778  31.993 0.0000000000
57463  45.150  -24.511  33.110 0.0000000000
58629  45.031  -24.368  32.796 0.0000000000
50307  21.465  -30.432  55.199 0.0000000000
50308  21.348  -30.974  55.132 0.0000000000
48050  21.625  -31.983  54.445 0.0000000000
49185  21.015  -31.180  55.224 0.0000000000
49208  20.674  -32.125  54.153 0.0000000000
48085  20.155  -32.111  52.590 0.0000000000
49220  19.922  -31.876  53.126 0.0000000000
49257  18.595  -31.259  51.390 0.0000000000
49291  18.792  -31.584  49.973 0.0000000000
49275  18.381  -31.226  50.483 0.0000000000
50351  15.469  -30.371  52.301 0.0000000000
50323  16.109  -30.263  54.248 0.0000000000
49223  17.168  -30.697  52.909 0.0000000000
50350  16.357  -30.524  52.121 0.0000000000
49294  16.236  -31.266  49.240 0.0000000000
49277  16.578  -30.864  50.226 0.0000000000
49309  17.202  -31.588  48.397 0.0000000000
49323  16.454  -32.135  47.740 0.0000000000
48142  16.111  -32.270  47.651 0.0000000000
46898  15.206  -33.212  47.421 0.0000000000
46878  14.501  -33.935  48.796 0.0000000000
71767  51.775  -12.322  23.573 0.0000000000
70606  50.205  -13.154  24.778 0.0000000000
70594  49.574  -13.414  25.180 0.0000000000
70575  46.833  -14.139  25.483 0.0000000000
70554  47.048  -13.976  26.377 0.0000000000
70550  51.064  -13.206  27.337 0.0000000000
70534  50.586  -13.305  28.003 0.0000000000
70537  47.272  -13.830  27.731 0.0000000000
69441  46.192  -14.040  27.057 0.0000000000
69456  43.810  -14.438  26.991 0.0000000000
69443  44.351  -14.273  27.690 0.0000000000
69430  43.358  -14.700  28.466 0.0000000000
68284  42.942  -14.982  28.912 0.0000000000
68304  41.913  -15.504  28.748 0.0000000000
68285  42.355  -15.231  29.233 0.0000000000
70488  45.488  -13.624  30.630 0.0000000000
70489  44.983  -13.661  31.047 0.0000000000
68251  42.162  -15.130  31.817 0.0000000000
69385  42.924  -14.752  31.267 0.0000000000
68261  41.574  -15.693  31.318 0.0000000000
67164  41.000  -16.189  30.804 0.0000000000
67156  40.969  -16.226  31.702 0.0000000000
65932  40.101  -17.467  31.631 0.0000000000
67148  40.502  -16.809  32.064 0.0000000000
65906  41.083  -17.145  33.994 0.0000000000
64546  40.890  -18.274  33.334 0.0000000000
63338  41.437  -19.022  33.575 0.0000000000
63337  41.826  -19.502  33.873 0.0000000000
69348  42.677  -14.826  35.127 0.0000000000
68226  42.166  -15.436  34.833 0.0000000000
63301  42.626  -19.226  35.359 0.0000000000
62133  42.510  -20.147  34.695 0.0000000000
60937  43.440  -21.064  35.033 0.0000000000
60936  44.156  -21.391  35.077 0.0000000000
60921  43.715  -21.131  35.892 0.0000000000
60901  44.931  -21.569  36.810 0.0000000000
60900  46.009  -21.755  36.916 0.0000000000
60879  47.482  -22.346  37.216 0.0000000000
60880  47.113  -22.200  37.515 0.0000000000
74057  45.419  -9.773  37.459 0.0000000000
74058  45.127  -10.563  37.151 0.0000000000
72767  45.167  -11.610  37.621 0.0000000000
70385  45.823  -13.804  37.630 0.0000000000
71566  45.545  -13.108  37.437 0.0000000000
69332  45.558  -14.611  37.141 0.0000000000
68213  45.251  -15.136  36.833 0.0000000000
68195  45.227  -15.621  37.370 0.0000000000
68157  44.787  -15.555  39.191 0.0000000000
67045  44.641  -16.641  39.253 0.0000000000
65857  44.575  -17.608  38.726 0.0000000000
64482  44.300  -18.778  38.401 0.0000000000
65868  44.300  -17.861  37.737 0.0000000000
63269  44.137  -19.738  37.973 0.0000000000
59646  45.792  -22.904  39.348 0.0000000000
60864  45.769  -22.025  38.929 0.0000000000
59664  46.007  -22.929  39.143 0.0000000000
59682  46.587  -22.762  38.331 0.0000000000
58550  46.555  -23.805  38.046 0.0000000000
57378  46.154  -24.534  37.540 0.0000000000
57359  45.810  -24.326  38.406 0.0000000000
57361  44.396  -24.312  38.339 0.0000000000
56199  44.822  -24.868  37.946 0.0000000000
56216  44.568  -24.937  37.407 0.0000000000
56239  44.378  -25.076  36.796 0.0000000000
56217  44.255  -24.831  37.093 0.0000000000
60866  42.892  -21.465  39.123 0.0000000000
59667  43.045  -22.359  38.701 0.0000000000
57401  43.816  -24.714  36.495 0.0000000000
71512  40.968  -12.431  41.663 0.0000000000
70327  41.726  -12.837  41.015 0.0000000000
70328  40.872  -12.843  41.081 0.0000000000
68120  37.487  -15.615  42.876 0.0000000000
69210  37.406  -14.393  44.205 0.0000000000
65826  36.827  -17.145  40.910 0.0000000000
67020  37.298  -16.453  41.332 0.0000000000
69270  38.299  -14.808  40.532 0.0000000000
69253  38.454  -14.280  40.931 0.0000000000
69239  38.284  -13.982  41.695 0.0000000000
70330  38.951  -13.641  41.015 0.0000000000
70349  39.107  -13.836  40.470 0.0000000000
69304  39.637  -14.356  38.595 0.0000000000
70375  39.947  -13.874  39.022 0.0000000000
70374  40.265  -13.921  38.811 0.0000000000
70373  40.864  -13.834  38.845 0.0000000000
69316  41.052  -14.808  37.943 0.0000000000
68178  41.500  -15.459  38.090 0.0000000000
68197  40.835  -15.496  37.659 0.0000000000
65871  39.671  -17.328  36.873 0.0000000000
63272  40.039  -19.050  37.050 0.0000000000
63288  37.983  -18.698  35.862 0.0000000000
64510  38.074  -18.138  36.161 0.0000000000
62134  39.015  -20.412  34.811 0.0000000000
62121  39.230  -20.118  35.629 0.0000000000
60905  39.955  -20.700  35.918 0.0000000000
60938  40.172  -21.415  34.632 0.0000000000
60971  40.138  -21.912  32.778 0.0000000000
62198  37.569  -20.614  30.381 0.0000000000
61017  37.220  -21.989  28.329 0.0000000000
60941  34.550  -21.243  34.566 0.0000000000
59724  34.679  -22.278  34.205 0.0000000000
59757  34.108  -22.559  32.333 0.0000000000
60974  34.486  -21.739  32.651 0.0000000000
60995  34.286  -21.637  30.739 0.0000000000
60996  33.844  -22.020  30.590 0.0000000000
58653  32.469  -23.455  30.771 0.0000000000
58642  33.101  -23.201  31.391 0.0000000000
58689  32.595  -22.864  27.723 0.0000000000
59806  32.707  -22.655  28.872 0.0000000000
59819  33.011  -22.410  28.173 0.0000000000
53836  35.453  -27.803  42.352 0.0000000000
53851  35.978  -27.222  42.027 0.0000000000
53870  32.791  -27.594  40.139 0.0000000000
53869  33.354  -27.480  40.777 0.0000000000
54986  32.699  -26.944  39.704 0.0000000000
51667  31.865  -29.236  38.745 0.0000000000
52792  31.658  -28.768  37.618 0.0000000000
53897  31.606  -28.101  37.056 0.0000000000
53902  31.737  -27.416  36.921 0.0000000000
55047  31.839  -26.823  36.133 0.0000000000
55048  31.394  -27.443  35.840 0.0000000000
53936  29.361  -27.292  33.914 0.0000000000
55084  30.091  -26.776  33.679 0.0000000000
55085  29.019  -26.866  33.379 0.0000000000
50526  26.791  -30.549  37.576 0.0000000000
50549  25.836  -30.471  36.461 0.0000000000
50569  26.752  -30.308  35.704 0.0000000000
51709  27.779  -29.986  35.294 0.0000000000
51731  26.686  -29.772  34.259 0.0000000000
51756  24.311  -29.748  32.883 0.0000000000
51754  25.828  -29.476  33.220 0.0000000000
51773  26.299  -29.083  32.808 0.0000000000
51752  27.259  -29.277  33.787 0.0000000000
52835  27.329  -28.600  33.260 0.0000000000
52834  27.932  -28.372  33.661 0.0000000000
52851  26.978  -28.302  32.695 0.0000000000
53963  26.834  -27.082  31.626 0.0000000000
53950  27.072  -27.552  32.221 0.0000000000
55113  27.419  -26.462  31.566 0.0000000000
71825  51.888  -11.885  17.696 0.0000000000
69509  47.049  -14.342  21.681 0.0000000000
70629  47.823  -13.950  21.181 0.0000000000
69526  46.279  -14.330  19.017 0.0000000000
63405  42.314  -19.565  29.276 0.0000000000
63406  41.466  -19.514  29.230 0.0000000000
48069  24.212  -32.365  52.809 0.0000000000
48057  23.910  -32.659  53.015 0.0000000000
48070  23.683  -31.828  53.044 0.0000000000
56108  37.521  -25.956  45.011 0.0000000000
57291  37.462  -24.948  45.386 0.0000000000
57290  37.651  -24.974  44.751 0.0000000000
57298  37.777  -24.955  44.192 0.0000000000
58446  37.963  -24.117  44.126 0.0000000000
58459  38.029  -23.985  43.572 0.0000000000
57314  38.073  -24.860  43.057 0.0000000000
56159  37.478  -25.466  41.741 0.0000000000
56160  36.802  -25.586  41.088 0.0000000000
54960  35.673  -26.567  41.445 0.0000000000
67202  40.014  -16.671  27.541 0.0000000000
67189  39.758  -16.911  28.064 0.0000000000
64624  39.536  -18.581  27.841 0.0000000000
63431  40.064  -19.197  27.833 0.0000000000
48230  21.007  -32.441  43.865 0.0000000000
46941  18.667  -33.842  47.132 0.0000000000
45802  16.740  -34.936  45.493 0.0000000000
46962  16.925  -34.417  45.666 0.0000000000
46944  15.972  -33.747  45.781 0.0000000000
51551  31.682  -29.091  48.170 0.0000000000
51532  31.952  -28.595  49.043 0.0000000000
50428  32.648  -30.880  46.369 0.0000000000
49333  32.051  -31.892  46.600 0.0000000000
48152  31.853  -32.666  46.930 0.0000000000
46937  24.887  -32.711  46.334 0.0000000000
46959  25.129  -32.655  45.517 0.0000000000
48212  24.718  -32.588  45.007 0.0000000000
48227  24.193  -32.595  43.992 0.0000000000
46979  23.775  -32.739  43.047 0.0000000000
59709  48.060  -22.361  35.876 0.0000000000
59708  48.426  -21.719  35.546 0.0000000000
58596  47.257  -23.195  34.372 0.0000000000
58627  46.150  -23.300  33.129 0.0000000000
48086  12.819  -32.693  51.545 0.0000000000
72783  44.712  -11.516  36.694 0.0000000000
70344  43.144  -13.538  40.432 0.0000000000
67032  42.961  -16.968  39.859 0.0000000000
65842  42.564  -17.602  39.629 0.0000000000
65858  42.220  -17.087  38.959 0.0000000000
65859  41.545  -17.534  38.451 0.0000000000
64456  35.472  -19.489  39.434 0.0000000000
64471  35.426  -19.150  38.823 0.0000000000
64486  35.405  -18.846  37.931 0.0000000000
64499  35.673  -18.614  36.992 0.0000000000
64513  35.866  -18.684  36.502 0.0000000000
63321  35.109  -19.779  34.273 0.0000000000
62137  34.808  -20.159  34.227 0.0000000000
62159  34.704  -20.692  33.546 0.0000000000
50505  29.600  -30.557  38.851 0.0000000000
50506  28.710  -30.593  38.726 0.0000000000
50547  27.611  -30.425  36.954 0.0000000000
71800  51.277  -12.362  20.588 0.0000000000
70632  48.531  -13.397  20.716 0.0000000000
46839  22.391  -33.425  51.713 0.0000000000
46861  20.587  -32.788  50.583 0.0000000000
48115  20.314  -32.561  50.771 0.0000000000
49285  28.794  -32.356  49.354 0.0000000000
48126  28.655  -32.656  49.673 0.0000000000
48096  28.475  -33.254  49.955 0.0000000000
46819  26.275  -33.439  51.352 0.0000000000
45696  26.457  -33.745  50.997 0.0000000000
46871  24.803  -33.608  49.110 0.0000000000
60765  37.177  -21.731  46.281 0.0000000000
62022  37.095  -20.555  46.377 0.0000000000
63189  36.576  -19.635  46.832 0.0000000000
65719  38.154  -17.760  46.062 0.0000000000
64413  38.511  -19.034  44.685 0.0000000000
59607  37.241  -22.819  42.648 0.0000000000
59608  36.743  -22.420  42.286 0.0000000000
60813  36.453  -21.668  42.156 0.0000000000
60824  35.992  -21.665  41.286 0.0000000000
60825  35.680  -21.316  40.742 0.0000000000
60836  35.774  -21.916  40.622 0.0000000000
59652  35.611  -22.307  39.622 0.0000000000
59687  35.507  -22.558  37.877 0.0000000000
59686  35.796  -23.059  38.430 0.0000000000
58554  35.891  -23.458  37.610 0.0000000000
57382  35.929  -23.972  37.082 0.0000000000
48304  24.027  -32.029  38.218 0.0000000000
49436  24.371  -31.289  37.344 0.0000000000
69488  46.247  -14.381  24.125 0.0000000000
69501  45.577  -14.671  23.692 0.0000000000
69502  44.948  -14.848  24.034 0.0000000000
66029  40.086  -17.850  24.019 0.0000000000
47023  18.333  -33.377  40.265 0.0000000000
48198  20.910  -32.929  46.291 0.0000000000
51548  34.434  -28.372  48.048 0.0000000000
53763  33.945  -27.430  48.807 0.0000000000
52688  34.855  -28.217  47.722 0.0000000000
52667  35.081  -27.721  47.688 0.0000000000
53770  35.491  -27.241  47.504 0.0000000000
53769  36.052  -27.330  47.039 0.0000000000
52686  36.144  -27.968  46.741 0.0000000000
52711  36.576  -28.502  45.565 0.0000000000
51602  36.663  -28.622  44.820 0.0000000000
51618  36.423  -29.132  44.605 0.0000000000
50450  35.950  -30.245  44.532 0.0000000000
50451  35.345  -30.792  44.354 0.0000000000
48203  33.554  -32.001  44.417 0.0000000000
49364  31.878  -31.838  43.322 0.0000000000
49375  30.661  -31.668  42.489 0.0000000000
50469  29.204  -31.036  42.094 0.0000000000
45754  30.198  -33.875  48.388 0.0000000000
45772  30.299  -34.162  47.709 0.0000000000
45789  29.375  -33.808  46.879 0.0000000000
46932  29.006  -33.366  46.470 0.0000000000
48211  26.110  -32.508  44.655 0.0000000000
48210  26.656  -32.484  44.910 0.0000000000
49368  26.605  -31.800  43.685 0.0000000000
48260  24.436  -32.291  40.771 0.0000000000
47032  23.906  -32.811  40.526 0.0000000000
47005  22.400  -33.100  40.768 0.0000000000
45846  22.294  -33.763  38.702 0.0000000000
45862  21.717  -33.998  38.235 0.0000000000
62188  42.756  -20.217  32.296 0.0000000000
62172  44.213  -20.526  32.360 0.0000000000
63356  45.229  -19.952  31.958 0.0000000000
60980  47.853  -21.881  31.914 0.0000000000
60991  47.157  -22.032  31.123 0.0000000000
49187  19.378  -30.510  55.692 0.0000000000
49221  19.292  -31.457  53.263 0.0000000000
49239  18.001  -30.923  52.135 0.0000000000
50337  14.155  -30.308  53.273 0.0000000000
50364  15.659  -30.528  51.367 0.0000000000
49311  15.434  -32.146  48.497 0.0000000000
71756  50.935  -12.869  25.134 0.0000000000
71742  50.990  -13.032  25.753 0.0000000000
70572  49.824  -13.401  26.138 0.0000000000
70535  49.620  -13.444  27.894 0.0000000000
70519  49.123  -13.470  28.787 0.0000000000
69427  46.073  -14.063  28.424 0.0000000000
69415  44.369  -14.254  29.556 0.0000000000
70453  44.918  -13.062  31.921 0.0000000000
69383  44.330  -13.918  31.271 0.0000000000
70474  44.049  -13.750  31.916 0.0000000000
67147  40.927  -16.271  32.530 0.0000000000
68244  41.292  -15.740  33.061 0.0000000000
68236  41.283  -15.940  33.553 0.0000000000
67127  41.282  -16.222  33.889 0.0000000000
67112  43.057  -16.449  35.672 0.0000000000
65892  43.073  -17.400  35.881 0.0000000000
64518  43.010  -18.375  35.991 0.0000000000
63300  43.008  -19.330  35.986 0.0000000000
62106  43.612  -20.432  36.649 0.0000000000
60883  44.407  -21.171  37.427 0.0000000000
74045  45.067  -10.232  38.167 0.0000000000
72766  45.362  -12.201  38.104 0.0000000000
71552  45.673  -12.933  38.132 0.0000000000
65823  43.971  -17.703  39.872 0.0000000000
65841  44.373  -17.358  39.458 0.0000000000
64452  44.018  -18.366  39.688 0.0000000000
60849  45.026  -21.889  39.352 0.0000000000
58515  45.329  -23.446  39.428 0.0000000000
58531  45.457  -24.106  39.016 0.0000000000
57345  44.875  -24.049  39.036 0.0000000000
57346  44.536  -23.878  38.900 0.0000000000
58532  44.215  -23.658  38.843 0.0000000000
59684  42.463  -22.224  38.097 0.0000000000
58553  41.943  -22.592  37.096 0.0000000000
58568  41.998  -22.932  36.576 0.0000000000
58581  42.085  -23.206  35.564 0.0000000000
71475  40.107  -11.610  42.781 0.0000000000
66983  37.926  -16.247  44.320 0.0000000000
68100  37.750  -15.642  44.828 0.0000000000
68144  38.381  -15.027  39.782 0.0000000000
69288  38.925  -14.644  39.286 0.0000000000
68179  39.049  -14.957  37.890 0.0000000000
69318  39.661  -14.916  37.693 0.0000000000
68198  40.092  -15.511  37.364 0.0000000000
67084  39.699  -16.301  36.978 0.0000000000
63317  38.011  -19.548  34.999 0.0000000000
63303  38.429  -19.372  35.629 0.0000000000
60939  39.468  -20.886  34.244 0.0000000000
60993  38.581  -21.644  30.222 0.0000000000
62209  36.521  -20.503  29.607 0.0000000000
62220  36.455  -20.879  28.625 0.0000000000
58601  34.992  -22.968  34.721 0.0000000000
59769  33.618  -22.837  31.751 0.0000000000
58662  31.680  -23.824  29.121 0.0000000000
58661  32.126  -23.443  29.480 0.0000000000
58675  31.856  -23.551  28.410 0.0000000000
52753  34.538  -28.801  42.454 0.0000000000
52766  33.984  -28.256  41.974 0.0000000000
51657  33.118  -28.695  40.901 0.0000000000
52777  33.003  -28.313  40.547 0.0000000000
52786  32.554  -28.526  39.801 0.0000000000
51672  31.055  -29.401  37.221 0.0000000000
51686  30.920  -29.179  36.683 0.0000000000
52797  30.760  -28.950  36.312 0.0000000000
52805  30.990  -28.424  36.123 0.0000000000
53908  31.004  -27.898  35.609 0.0000000000
52818  30.037  -28.362  35.085 0.0000000000
53924  28.977  -27.881  34.242 0.0000000000
50588  25.636  -30.138  34.624 0.0000000000
51790  23.653  -29.434  31.387 0.0000000000
51775  24.808  -29.318  32.349 0.0000000000
52853  25.798  -28.595  31.904 0.0000000000
52852  26.430  -28.482  32.283 0.0000000000
68401  44.780  -15.227  21.638 0.0000000000
63392  45.382  -19.139  30.290 0.0000000000
64600  46.026  -19.027  29.176 0.0000000000
45711  24.420  -33.756  51.572 0.0000000000
45712  23.739  -33.698  51.847 0.0000000000
46810  23.590  -33.165  52.973 0.0000000000
46824  22.611  -33.397  52.483 0.0000000000
48099  26.339  -32.616  51.480 0.0000000000
48082  25.665  -32.689  51.884 0.0000000000
46820  25.520  -33.223  51.910 0.0000000000
45698  25.015  -33.685  51.801 0.0000000000
58402  35.614  -24.253  47.843 0.0000000000
59534  36.048  -23.233  47.652 0.0000000000
59542  36.752  -22.756  46.884 0.0000000000
58425  37.403  -24.100  45.681 0.0000000000
59557  37.284  -22.626  46.151 0.0000000000
60764  37.714  -21.878  45.743 0.0000000000
63202  38.527  -20.131  45.023 0.0000000000
62026  38.504  -21.364  45.011 0.0000000000
60790  38.349  -22.411  44.193 0.0000000000
58460  37.918  -23.591  43.255 0.0000000000
59596  37.770  -22.895  43.302 0.0000000000
58486  37.204  -23.670  41.791 0.0000000000
58500  36.925  -23.818  41.094 0.0000000000
57336  36.771  -24.232  40.367 0.0000000000
56187  35.261  -25.335  38.912 0.0000000000
56204  33.675  -25.714  38.478 0.0000000000
47079  22.828  -33.453  36.842 0.0000000000
68352  42.613  -15.273  25.913 0.0000000000
68369  43.725  -14.989  25.207 0.0000000000
68353  41.762  -15.746  25.548 0.0000000000
67247  40.368  -16.865  25.010 0.0000000000
65982  39.741  -17.049  26.306 0.0000000000
65999  39.834  -17.239  25.600 0.0000000000
66017  39.872  -17.634  24.926 0.0000000000
64674  39.955  -18.586  24.936 0.0000000000
48262  20.611  -32.816  40.296 0.0000000000
48251  19.915  -32.640  41.061 0.0000000000
47007  18.350  -33.248  41.326 0.0000000000
46940  19.590  -33.893  46.597 0.0000000000
44575  17.337  -35.413  44.705 0.0000000000
44576  16.912  -35.868  44.271 0.0000000000
43485  16.263  -36.120  45.051 0.0000000000
51549  33.857  -28.684  48.217 0.0000000000
49330  34.915  -30.623  45.748 0.0000000000
48171  33.260  -32.105  45.705 0.0000000000
48187  33.268  -32.420  45.182 0.0000000000
48188  32.771  -32.761  45.180 0.0000000000
46965  32.080  -32.947  44.815 0.0000000000
46969  25.717  -32.555  44.644 0.0000000000
46976  25.285  -32.554  43.868 0.0000000000
46987  25.277  -32.506  43.398 0.0000000000
47004  23.028  -33.021  41.399 0.0000000000
46990  23.472  -32.843  42.322 0.0000000000
60953  45.487  -21.306  34.049 0.0000000000
60952  46.203  -21.010  33.947 0.0000000000
62131  47.463  -20.769  34.825 0.0000000000
62130  48.279  -20.619  34.837 0.0000000000
60951  48.822  -21.292  33.929 0.0000000000
59719  48.628  -21.814  34.872 0.0000000000
59737  48.351  -22.118  33.658 0.0000000000
59750  48.266  -22.023  32.927 0.0000000000
59763  47.350  -22.179  32.009 0.0000000000
49279  14.056  -31.813  50.190 0.0000000000
46842  13.760  -33.954  50.528 0.0000000000
71609  43.684  -12.571  33.482 0.0000000000
70426  42.532  -14.061  33.786 0.0000000000
70425  42.912  -13.478  34.153 0.0000000000
69355  42.882  -14.145  35.017 0.0000000000
71580  43.932  -12.444  35.480 0.0000000000
69347  43.364  -14.627  35.667 0.0000000000
68215  43.702  -15.579  35.952 0.0000000000
67096  44.346  -16.618  36.808 0.0000000000
71533  44.597  -12.774  39.435 0.0000000000
71532  44.854  -13.165  39.151 0.0000000000
70360  44.346  -13.419  39.850 0.0000000000
68142  43.860  -15.543  39.806 0.0000000000
67030  44.053  -16.867  39.989 0.0000000000
64453  43.732  -18.281  39.925 0.0000000000
63236  43.610  -18.716  39.947 0.0000000000
60851  43.588  -21.556  39.565 0.0000000000
62084  42.443  -20.371  39.132 0.0000000000
64469  42.301  -18.540  39.384 0.0000000000
62095  41.855  -20.621  38.529 0.0000000000
60886  41.127  -20.941  37.422 0.0000000000
71462  38.510  -11.884  44.045 0.0000000000
65790  36.826  -18.077  42.240 0.0000000000
65809  36.469  -17.924  41.443 0.0000000000
65844  36.778  -17.025  39.861 0.0000000000
65861  36.908  -16.917  38.687 0.0000000000
64511  37.283  -18.326  36.103 0.0000000000
63289  36.142  -18.812  36.036 0.0000000000
62157  37.561  -19.713  33.094 0.0000000000
62176  37.274  -19.719  32.545 0.0000000000
63362  35.674  -19.809  32.806 0.0000000000
62191  35.948  -19.912  31.518 0.0000000000
62222  34.974  -20.693  29.564 0.0000000000
57459  33.411  -24.328  33.310 0.0000000000
58635  33.017  -24.076  32.301 0.0000000000
57478  32.193  -24.205  31.435 0.0000000000
57488  31.964  -23.969  30.885 0.0000000000
57500  31.501  -24.174  29.768 0.0000000000
57515  31.279  -24.087  28.849 0.0000000000
50493  32.055  -29.926  40.327 0.0000000000
51669  30.556  -30.128  38.291 0.0000000000
50522  30.089  -30.324  38.313 0.0000000000
51673  30.257  -30.004  37.617 0.0000000000
50607  22.544  -30.960  33.303 0.0000000000
50620  22.609  -30.571  32.415 0.0000000000
50619  23.179  -29.921  32.006 0.0000000000
50636  23.102  -29.778  31.441 0.0000000000
71819  50.101  -12.535  18.522 0.0000000000
70651  49.256  -12.867  18.382 0.0000000000
70647  47.796  -13.569  18.323 0.0000000000
68409  42.094  -15.927  19.607 0.0000000000
48174  23.347  -32.520  46.235 0.0000000000
48175  22.530  -32.599  46.503 0.0000000000
48176  21.612  -32.931  46.925 0.0000000000
46938  21.064  -33.267  47.119 0.0000000000
45791  19.962  -33.750  47.527 0.0000000000
45778  19.483  -33.716  47.655 0.0000000000
46917  19.430  -33.450  47.986 0.0000000000
46918  18.812  -33.374  47.684 0.0000000000
48159  18.636  -32.764  48.062 0.0000000000
51553  29.156  -29.545  48.081 0.0000000000
50396  30.014  -30.508  47.146 0.0000000000
49319  31.100  -31.995  47.002 0.0000000000
48137  30.293  -32.880  48.333 0.0000000000
46886  30.477  -33.463  48.372 0.0000000000
48124  29.694  -33.052  48.981 0.0000000000
46870  29.974  -33.422  48.669 0.0000000000
46855  27.880  -33.173  50.405 0.0000000000
46836  28.148  -33.454  50.190 0.0000000000
45707  27.811  -33.959  50.228 0.0000000000
45725  28.297  -34.251  49.602 0.0000000000
46887  27.715  -33.605  47.758 0.0000000000
45775  27.067  -33.617  47.827 0.0000000000
46910  26.300  -33.332  47.259 0.0000000000
48173  24.087  -32.572  46.233 0.0000000000
57426  46.355  -24.578  35.608 0.0000000000
58598  46.168  -24.382  34.787 0.0000000000
57456  44.993  -25.391  33.555 0.0000000000
74035  44.282  -10.918  39.378 0.0000000000
72736  44.093  -11.918  39.906 0.0000000000
71508  43.604  -12.677  40.520 0.0000000000
74011  42.976  -10.959  41.009 0.0000000000
71509  43.273  -12.357  40.818 0.0000000000
70324  43.403  -12.791  40.619 0.0000000000
70345  42.510  -13.526  40.310 0.0000000000
66996  38.297  -17.452  44.162 0.0000000000
63208  38.284  -20.049  44.369 0.0000000000
63213  37.861  -19.900  43.744 0.0000000000
64421  37.688  -18.843  43.414 0.0000000000
64431  36.427  -18.804  41.931 0.0000000000
63227  35.614  -19.813  40.468 0.0000000000
63228  35.522  -20.373  40.116 0.0000000000
63238  35.433  -20.099  39.701 0.0000000000
63250  35.205  -19.922  38.963 0.0000000000
62087  34.694  -20.628  37.621 0.0000000000
60888  34.654  -21.152  37.204 0.0000000000
60925  34.444  -21.045  35.533 0.0000000000
60907  34.477  -21.071  36.398 0.0000000000
60924  34.667  -21.745  35.895 0.0000000000
57450  34.752  -23.374  34.479 0.0000000000
57451  34.344  -23.846  34.132 0.0000000000
57363  36.148  -24.297  37.949 0.0000000000
57383  35.595  -24.490  37.187 0.0000000000
56218  35.230  -24.765  37.282 0.0000000000
57460  32.817  -24.823  33.103 0.0000000000
56285  32.928  -24.909  33.421 0.0000000000
56298  31.527  -25.508  32.357 0.0000000000
55097  30.927  -25.970  32.609 0.0000000000
50508  26.888  -30.574  38.458 0.0000000000
50509  25.994  -30.779  38.267 0.0000000000
50528  25.167  -30.694  37.021 0.0000000000
50551  24.272  -30.769  36.012 0.0000000000
50572  23.936  -30.736  35.322 0.0000000000
49476  22.980  -31.069  34.416 0.0000000000
48313  22.818  -32.768  36.228 0.0000000000
48326  22.585  -32.456  35.462 0.0000000000
49465  22.562  -31.980  34.876 0.0000000000
49477  22.484  -31.549  34.217 0.0000000000
50591  22.945  -30.828  33.899 0.0000000000
70619  48.540  -13.557  22.716 0.0000000000
69510  46.232  -14.598  22.230 0.0000000000
69500  46.229  -14.438  23.198 0.0000000000
69511  45.387  -14.878  22.850 0.0000000000
69517  45.468  -14.993  21.829 0.0000000000
68383  42.401  -15.779  23.637 0.0000000000
67252  40.969  -16.678  23.584 0.0000000000
67251  41.648  -16.285  23.032 0.0000000000
47056  18.813  -33.724  38.639 0.0000000000
46980  20.317  -32.666  44.145 0.0000000000
46974  18.703  -34.004  44.432 0.0000000000
45819  17.391  -34.114  42.555 0.0000000000
45828  17.115  -34.096  41.513 0.0000000000
53748  34.095  -26.900  48.879 0.0000000000
57256  34.883  -24.676  48.692 0.0000000000
57267  35.919  -24.966  47.393 0.0000000000
56097  36.832  -25.782  46.463 0.0000000000
54856  37.018  -26.685  46.168 0.0000000000
56109  37.264  -25.853  45.753 0.0000000000
54877  37.480  -26.582  44.935 0.0000000000
54918  37.703  -26.598  44.017 0.0000000000
53833  37.499  -27.364  43.398 0.0000000000
53850  36.692  -27.225  42.300 0.0000000000
53834  37.062  -27.677  42.911 0.0000000000
52752  35.376  -28.560  42.716 0.0000000000
52736  36.406  -28.921  43.706 0.0000000000
51646  35.545  -29.113  43.125 0.0000000000
49343  35.403  -30.716  45.382 0.0000000000
49353  34.621  -31.287  44.423 0.0000000000
49361  34.380  -30.968  43.981 0.0000000000
48219  33.391  -31.818  44.040 0.0000000000
49362  33.565  -31.280  43.744 0.0000000000
50462  34.309  -30.705  43.639 0.0000000000
50473  32.535  -30.277  41.867 0.0000000000
50482  31.733  -30.478  40.816 0.0000000000
50483  31.116  -30.742  40.523 0.0000000000
50484  30.248  -30.978  40.702 0.0000000000
49396  30.492  -31.187  41.368 0.0000000000
48153  31.329  -32.851  47.476 0.0000000000
46906  31.674  -33.249  47.078 0.0000000000
45786  31.412  -33.696  47.175 0.0000000000
46967  30.994  -33.112  45.123 0.0000000000
46933  28.255  -33.292  46.673 0.0000000000
48192  27.511  -32.489  45.508 0.0000000000
48191  28.415  -32.373  45.448 0.0000000000
48190  29.365  -32.483  45.167 0.0000000000
49365  29.372  -31.615  43.418 0.0000000000
49377  29.012  -31.213  42.627 0.0000000000
50478  27.538  -30.558  41.047 0.0000000000
50487  27.099  -30.500  40.330 0.0000000000
49407  24.525  -31.709  39.503 0.0000000000
47017  24.091  -32.807  41.305 0.0000000000
47033  23.501  -33.128  39.825 0.0000000000
45875  21.297  -34.546  37.461 0.0000000000
63397  40.054  -18.812  30.602 0.0000000000
63408  40.137  -19.081  29.873 0.0000000000
63396  40.659  -19.277  30.531 0.0000000000
63375  43.510  -19.934  31.190 0.0000000000
63393  44.087  -19.510  30.211 0.0000000000
62150  46.974  -20.487  33.727 0.0000000000
63336  47.865  -19.796  33.387 0.0000000000
62147  49.283  -20.218  33.295 0.0000000000
63333  49.429  -19.949  33.037 0.0000000000
63353  48.335  -19.187  32.740 0.0000000000
64557  49.037  -18.990  32.336 0.0000000000
58618  45.968  -24.197  34.201 0.0000000000
58628  45.514  -23.799  32.995 0.0000000000
59753  46.022  -23.237  32.816 0.0000000000
58638  45.109  -23.495  31.701 0.0000000000
50320  22.574  -30.605  53.602 0.0000000000
49207  22.297  -31.238  54.160 0.0000000000
49194  21.836  -31.192  54.629 0.0000000000
48072  21.058  -32.660  53.155 0.0000000000
49196  20.827  -31.748  54.663 0.0000000000
48062  20.677  -32.289  53.738 0.0000000000
48101  20.051  -32.133  51.824 0.0000000000
48116  19.896  -32.209  50.763 0.0000000000
49256  19.366  -31.705  51.574 0.0000000000
48127  19.306  -32.046  49.781 0.0000000000
48128  18.799  -31.788  49.487 0.0000000000
48141  17.986  -31.871  48.325 0.0000000000
50363  16.468  -30.651  51.294 0.0000000000
49259  17.010  -30.832  50.921 0.0000000000
49276  17.572  -30.984  50.264 0.0000000000
48161  16.717  -32.390  47.225 0.0000000000
46945  15.303  -33.913  46.140 0.0000000000
46920  15.549  -33.328  46.562 0.0000000000
48130  14.501  -32.883  49.123 0.0000000000
71780  50.881  -12.617  22.760 0.0000000000
71781  49.984  -12.969  22.960 0.0000000000
70618  49.287  -13.285  23.225 0.0000000000
70608  48.591  -13.573  23.697 0.0000000000
70596  47.776  -13.832  24.217 0.0000000000
70595  48.669  -13.613  24.737 0.0000000000
69469  46.963  -14.120  24.650 0.0000000000
69470  46.210  -14.364  25.036 0.0000000000
69471  45.445  -14.445  25.458 0.0000000000
70552  49.184  -13.586  26.891 0.0000000000
69454  45.391  -14.256  26.416 0.0000000000
69473  44.052  -14.559  26.096 0.0000000000
68334  42.600  -15.209  26.975 0.0000000000
68319  42.725  -15.109  27.799 0.0000000000
69444  43.621  -14.512  27.821 0.0000000000
68320  41.947  -15.569  27.822 0.0000000000
67187  41.135  -15.970  28.715 0.0000000000
67173  40.373  -16.537  29.318 0.0000000000
65949  39.833  -17.118  29.764 0.0000000000
70486  47.181  -13.236  30.353 0.0000000000
69397  45.220  -13.834  30.376 0.0000000000
69399  43.573  -14.521  30.380 0.0000000000
68270  42.904  -14.924  29.722 0.0000000000
68272  41.630  -15.676  30.410 0.0000000000
67165  40.361  -16.639  30.284 0.0000000000
65939  39.831  -17.426  30.670 0.0000000000
64570  39.879  -18.219  31.119 0.0000000000
63359  40.606  -18.996  32.044 0.0000000000
67138  40.608  -16.856  32.731 0.0000000000
64558  40.642  -18.599  32.586 0.0000000000
63358  41.184  -19.245  32.577 0.0000000000
62174  42.434  -20.170  32.690 0.0000000000
62153  43.395  -20.979  33.901 0.0000000000
67126  41.652  -16.278  34.486 0.0000000000
65905  41.781  -17.256  34.720 0.0000000000
65893  42.446  -17.332  35.303 0.0000000000
64532  41.967  -18.213  34.808 0.0000000000
60954  44.446  -21.377  34.265 0.0000000000
60935  45.108  -21.550  34.949 0.0000000000
60918  46.980  -21.446  35.777 0.0000000000
60920  44.580  -21.506  35.883 0.0000000000
60898  47.685  -22.065  36.792 0.0000000000
59698  47.602  -22.628  36.919 0.0000000000
74074  45.635  -9.783  36.637 0.0000000000
69333  45.010  -14.574  36.591 0.0000000000
68196  44.833  -16.151  36.998 0.0000000000
65880  44.213  -17.312  37.108 0.0000000000
70359  44.853  -13.744  39.187 0.0000000000
69300  45.172  -14.675  38.725 0.0000000000
68176  45.257  -15.589  38.343 0.0000000000
65856  44.664  -17.032  39.117 0.0000000000
67080  45.051  -16.289  37.999 0.0000000000
62082  44.580  -20.861  38.796 0.0000000000
60865  45.167  -21.660  38.787 0.0000000000
60881  46.174  -21.953  38.053 0.0000000000
58549  47.183  -23.206  37.450 0.0000000000
57399  46.379  -24.656  36.577 0.0000000000
57379  45.399  -24.840  37.836 0.0000000000
59650  43.453  -22.132  39.222 0.0000000000
59666  43.603  -22.739  39.050 0.0000000000
58534  42.910  -22.762  38.210 0.0000000000
58551  43.438  -23.900  37.555 0.0000000000
71491  41.863  -11.685  41.763 0.0000000000
70361  42.261  -13.869  39.746 0.0000000000
70298  38.686  -12.679  43.055 0.0000000000
69240  37.751  -14.697  42.206 0.0000000000
70313  37.976  -13.754  42.540 0.0000000000
70311  39.608  -12.810  42.051 0.0000000000
70348  39.514  -13.671  40.186 0.0000000000
70347  40.584  -13.258  40.319 0.0000000000
70362  41.388  -13.636  39.451 0.0000000000
69286  42.131  -14.252  39.204 0.0000000000
68177  42.071  -15.524  38.639 0.0000000000
67064  41.761  -16.429  38.390 0.0000000000
67083  40.625  -16.412  37.471 0.0000000000
65860  40.815  -17.423  37.784 0.0000000000
64484  41.021  -18.358  38.145 0.0000000000
63271  40.696  -19.150  37.746 0.0000000000
62107  40.687  -20.411  37.170 0.0000000000
65883  38.277  -17.501  36.408 0.0000000000
64509  38.811  -18.191  36.390 0.0000000000
63286  39.296  -18.986  36.549 0.0000000000
62108  39.879  -20.000  36.590 0.0000000000
59711  40.782  -21.973  35.168 0.0000000000
62208  37.305  -20.925  29.248 0.0000000000
61006  37.870  -21.730  29.079 0.0000000000
62178  34.644  -21.069  32.897 0.0000000000
62193  34.785  -21.050  32.161 0.0000000000
59781  33.384  -22.502  30.711 0.0000000000
59792  32.744  -22.822  30.008 0.0000000000
61008  33.814  -21.839  30.096 0.0000000000
54961  34.663  -26.636  41.206 0.0000000000
53853  33.965  -27.399  41.417 0.0000000000
54962  33.878  -26.806  40.888 0.0000000000
54984  34.335  -26.179  40.410 0.0000000000
55002  33.825  -26.014  39.879 0.0000000000
55003  33.205  -26.221  39.392 0.0000000000
55018  32.914  -26.082  38.506 0.0000000000
51663  31.979  -29.467  39.453 0.0000000000
52788  32.237  -28.630  38.872 0.0000000000
52791  32.054  -28.399  38.179 0.0000000000
53893  32.298  -27.723  38.516 0.0000000000
55019  32.326  -26.856  38.147 0.0000000000
55069  30.993  -26.917  34.310 0.0000000000
53922  30.829  -27.579  34.929 0.0000000000
56301  29.040  -26.109  32.432 0.0000000000
51729  28.547  -29.347  34.978 0.0000000000
50605  24.345  -30.036  33.635 0.0000000000
50604  25.230  -29.844  33.838 0.0000000000
51732  26.011  -29.725  33.856 0.0000000000
52820  28.383  -28.680  34.234 0.0000000000
53925  28.344  -27.991  33.810 0.0000000000
53938  27.841  -27.610  33.150 0.0000000000
55086  28.433  -27.102  33.217 0.0000000000
55100  28.314  -26.613  32.554 0.0000000000
55112  28.162  -26.188  31.871 0.0000000000
70628  48.530  -13.499  21.730 0.0000000000
70633  47.810  -13.830  20.177 0.0000000000
70638  47.834  -13.721  19.219 0.0000000000
69534  47.203  -13.770  18.249 0.0000000000
63417  40.018  -19.116  28.873 0.0000000000
63416  40.833  -19.435  28.583 0.0000000000
63430  41.006  -19.460  27.595 0.0000000000
63414  42.683  -19.508  28.228 0.0000000000
63429  41.943  -19.510  27.385 0.0000000000
45699  24.321  -33.671  52.092 0.0000000000
45700  23.880  -33.612  52.250 0.0000000000
45723  29.416  -33.827  49.266 0.0000000000
45741  29.489  -34.067  48.911 0.0000000000
45761  19.721  -33.462  48.090 0.0000000000
45776  26.779  -33.533  47.633 0.0000000000
45804  15.281  -34.951  45.661 0.0000000000
46798  23.960  -32.870  52.987 0.0000000000
46799  23.717  -32.786  53.113 0.0000000000
46807  25.343  -33.069  52.188 0.0000000000
46835  28.598  -33.459  49.856 0.0000000000
46852  29.546  -33.477  49.166 0.0000000000
46854  28.193  -33.203  50.225 0.0000000000
46862  20.227  -32.574  50.484 0.0000000000
46888  27.350  -33.598  47.798 0.0000000000
46921  14.943  -33.916  46.811 0.0000000000
48061  21.140  -32.373  53.957 0.0000000000
48068  24.955  -32.687  52.369 0.0000000000
48071  21.557  -32.684  53.408 0.0000000000
48097  28.375  -33.224  50.058 0.0000000000
48129  15.063  -32.458  48.594 0.0000000000
48136  30.873  -32.934  47.934 0.0000000000
48138  29.636  -32.604  48.737 0.0000000000
48202  34.097  -31.731  44.558 0.0000000000
48235  31.523  -31.945  43.359 0.0000000000
48276  19.691  -32.891  39.846 0.0000000000
49195  21.416  -31.474  54.795 0.0000000000
49308  17.950  -31.515  48.797 0.0000000000
49342  35.755  -30.493  45.200 0.0000000000
49352  35.436  -30.996  44.818 0.0000000000
49355  28.966  -31.637  43.841 0.0000000000
50334  22.496  -30.137  53.532 0.0000000000
50374  16.538  -30.733  50.804 0.0000000000
50452  35.033  -30.933  44.262 0.0000000000
50466  34.649  -30.284  43.407 0.0000000000
50468  33.073  -30.230  42.529 0.0000000000
50474  32.121  -30.558  41.402 0.0000000000
50567  28.252  -30.258  36.521 0.0000000000
51617  36.708  -28.624  44.576 0.0000000000
51632  36.279  -29.451  44.103 0.0000000000
51710  27.088  -30.045  34.884 0.0000000000
52668  34.649  -27.796  48.078 0.0000000000
52669  34.083  -27.987  48.521 0.0000000000
52687  35.481  -28.136  47.251 0.0000000000
52699  36.468  -28.302  46.145 0.0000000000
52710  36.853  -28.183  45.105 0.0000000000
52721  37.053  -28.221  44.490 0.0000000000
53762  34.433  -27.160  48.422 0.0000000000
53800  37.510  -27.033  44.512 0.0000000000
53816  37.569  -27.069  44.295 0.0000000000
53818  37.228  -27.925  43.570 0.0000000000
53909  30.489  -28.033  35.145 0.0000000000
53949  27.675  -27.148  32.585 0.0000000000
54826  34.908  -26.478  48.141 0.0000000000
54898  37.552  -26.665  44.577 0.0000000000
54899  37.464  -26.864  44.881 0.0000000000
54919  37.695  -26.916  43.572 0.0000000000
55033  32.595  -26.200  37.800 0.0000000000
56062  35.306  -25.534  47.959 0.0000000000
56063  35.024  -25.676  48.254 0.0000000000
56200  44.595  -24.725  37.900 0.0000000000
56281  45.072  -25.524  33.873 0.0000000000
56287  31.748  -25.807  33.015 0.0000000000
57380  44.425  -24.653  37.808 0.0000000000
57381  44.053  -24.529  37.520 0.0000000000
57446  46.245  -24.460  35.073 0.0000000000
57467  33.143  -24.171  32.603 0.0000000000
58487  36.805  -23.351  41.435 0.0000000000
58514  45.773  -23.130  39.337 0.0000000000
58616  47.066  -23.109  33.816 0.0000000000
58622  33.746  -23.761  33.062 0.0000000000
58633  33.886  -23.125  32.528 0.0000000000
58652  32.945  -23.021  30.868 0.0000000000
59634  35.743  -22.280  40.202 0.0000000000
59647  45.580  -22.710  39.385 0.0000000000
59651  35.883  -22.791  39.903 0.0000000000
59665  46.040  -22.455  39.046 0.0000000000
59756  39.791  -22.035  31.662 0.0000000000
59780  33.878  -22.102  30.839 0.0000000000
60848  45.643  -22.250  39.254 0.0000000000
60867  42.268  -21.118  38.706 0.0000000000
60968  49.389  -20.959  32.238 0.0000000000
60970  48.153  -21.971  32.571 0.0000000000
60981  47.260  -22.138  31.693 0.0000000000
62060  35.559  -20.756  40.421 0.0000000000
62086  34.887  -20.525  38.316 0.0000000000
62094  44.029  -20.497  37.378 0.0000000000
62099  34.583  -20.275  36.947 0.0000000000
62116  48.670  -20.996  35.104 0.0000000000
62119  43.149  -20.350  35.834 0.0000000000
62129  48.634  -20.807  34.849 0.0000000000
62132  42.927  -20.597  34.986 0.0000000000
62136  35.147  -19.830  34.030 0.0000000000
62187  43.273  -20.245  31.991 0.0000000000
63291  34.937  -19.616  35.570 0.0000000000
63316  41.745  -18.855  34.242 0.0000000000
63334  49.194  -19.834  33.319 0.0000000000
63342  35.808  -19.627  33.405 0.0000000000
63352  49.054  -19.376  32.869 0.0000000000
63418  39.675  -18.839  28.460 0.0000000000
64521  36.544  -18.706  35.946 0.0000000000
64547  40.490  -18.018  32.753 0.0000000000
64555  49.495  -19.506  32.169 0.0000000000
64556  49.376  -19.281  32.259 0.0000000000
64571  39.651  -18.006  30.639 0.0000000000
64587  39.764  -18.386  30.556 0.0000000000
64588  39.574  -18.156  30.256 0.0000000000
64601  39.739  -18.636  30.096 0.0000000000
64602  39.514  -18.259  29.681 0.0000000000
64612  39.731  -18.770  29.487 0.0000000000
64623  39.718  -18.963  27.604 0.0000000000
64638  39.340  -18.222  26.718 0.0000000000
64656  39.469  -18.142  25.961 0.0000000000
65840  44.567  -17.010  39.304 0.0000000000
65885  36.903  -17.959  36.460 0.0000000000
65921  40.651  -17.374  33.147 0.0000000000
65922  40.385  -17.467  32.424 0.0000000000
65940  39.620  -17.822  30.412 0.0000000000
65956  39.832  -17.032  28.914 0.0000000000
65963  39.771  -16.961  28.421 0.0000000000
65972  39.355  -17.641  27.383 0.0000000000
65983  39.418  -17.494  26.693 0.0000000000
66018  39.611  -17.775  25.589 0.0000000000
67047  43.097  -16.330  39.717 0.0000000000
67082  41.217  -16.136  37.870 0.0000000000
67100  37.951  -17.046  36.560 0.0000000000
67203  39.588  -17.113  27.670 0.0000000000
67233  41.003  -16.270  25.244 0.0000000000
67257  40.520  -17.281  23.486 0.0000000000
68181  38.164  -15.578  38.593 0.0000000000
68199  39.289  -15.434  37.345 0.0000000000
68271  42.252  -15.244  30.046 0.0000000000
68286  41.700  -15.591  29.503 0.0000000000
68302  42.938  -14.977  28.313 0.0000000000
68318  43.157  -14.802  27.937 0.0000000000
68397  43.317  -15.669  21.824 0.0000000000
69268  39.243  -14.016  40.013 0.0000000000
69301  42.287  -14.900  38.964 0.0000000000
69303  40.636  -14.262  38.341 0.0000000000
69305  38.862  -14.875  38.540 0.0000000000
69371  43.392  -14.056  32.074 0.0000000000
69400  42.779  -14.942  30.472 0.0000000000
69429  44.007  -14.375  28.564 0.0000000000
69472  44.728  -14.483  25.855 0.0000000000
70364  39.725  -13.905  39.367 0.0000000000
70439  42.751  -13.873  33.234 0.0000000000
70455  43.543  -13.728  32.326 0.0000000000
70473  44.534  -13.673  31.502 0.0000000000
70648  47.297  -13.646  17.894 0.0000000000
71477  38.403  -12.303  43.787 0.0000000000
72727  43.237  -11.620  40.882 0.0000000000
