#!ascii label  , from subject sub-THP0005 vox2ras=TkReg
1018
63121  7.952  -19.720  57.348 0.0000000000
53883  1.959  -27.098  39.766 0.0000000000
56001  2.229  -25.503  53.901 0.0000000000
61985  4.403  -20.417  50.826 0.0000000000
65805  2.609  -16.433  42.588 0.0000000000
58305  4.631  -23.209  56.583 0.0000000000
64329  3.622  -18.738  55.320 0.0000000000
59443  10.760  -22.108  56.663 0.0000000000
57207  7.056  -24.544  56.030 0.0000000000
51478  3.855  -27.849  54.414 0.0000000000
70232  1.169  -13.537  50.059 0.0000000000
64405  4.273  -18.127  46.704 0.0000000000
71461  1.847  -12.408  45.955 0.0000000000
52643  1.377  -29.053  50.876 0.0000000000
54855  1.293  -25.413  48.325 0.0000000000
60687  1.886  -23.280  52.320 0.0000000000
66862  2.269  -15.919  53.177 0.0000000000
58458  1.444  -23.316  45.226 0.0000000000
60843  3.933  -21.881  40.770 0.0000000000
63296  3.919  -19.777  36.771 0.0000000000
69314  1.136  -13.975  39.035 0.0000000000
60639  6.380  -21.451  56.905 0.0000000000
64309  4.966  -19.198  56.618 0.0000000000
60631  9.865  -21.101  57.532 0.0000000000
58308  8.436  -22.636  56.327 0.0000000000
59429  7.776  -21.943  57.191 0.0000000000
55979  5.549  -24.477  56.541 0.0000000000
70248  1.302  -13.305  47.885 0.0000000000
53729  1.603  -27.171  52.226 0.0000000000
56031  1.417  -25.642  51.788 0.0000000000
59477  2.141  -24.096  53.550 0.0000000000
69136  3.494  -14.993  55.027 0.0000000000
66847  2.858  -16.351  54.496 0.0000000000
53666  2.775  -26.638  54.481 0.0000000000
50331  2.652  -29.279  52.790 0.0000000000
52585  2.104  -28.040  52.877 0.0000000000
51508  1.383  -29.983  51.487 0.0000000000
60730  1.699  -22.566  49.652 0.0000000000
57289  1.062  -24.086  46.846 0.0000000000
60742  2.812  -21.741  48.412 0.0000000000
65769  3.399  -16.839  44.497 0.0000000000
62039  6.313  -20.140  44.468 0.0000000000
64446  6.381  -19.096  41.190 0.0000000000
60873  4.780  -21.643  38.849 0.0000000000
64479  3.505  -17.947  39.548 0.0000000000
57208  3.214  -24.633  55.232 0.0000000000
60655  3.275  -22.643  55.191 0.0000000000
61947  3.876  -21.204  55.720 0.0000000000
66829  4.121  -17.150  56.264 0.0000000000
59460  12.393  -22.269  55.233 0.0000000000
59509  9.889  -22.406  51.973 0.0000000000
58328  9.810  -22.530  54.730 0.0000000000
55999  7.500  -24.600  54.104 0.0000000000
53643  5.211  -26.612  55.532 0.0000000000
54747  3.938  -26.017  55.989 0.0000000000
65676  1.886  -16.464  50.202 0.0000000000
64382  4.730  -18.948  49.033 0.0000000000
66953  1.899  -16.078  48.392 0.0000000000
65736  2.290  -15.779  46.162 0.0000000000
68108  1.584  -15.096  44.446 0.0000000000
64315  9.642  -18.557  56.659 0.0000000000
58335  15.308  -21.595  52.455 0.0000000000
60659  16.008  -20.854  54.642 0.0000000000
60644  13.638  -20.870  56.260 0.0000000000
64295  11.581  -19.351  57.103 0.0000000000
50407  0.837  -30.678  48.661 0.0000000000
51587  1.601  -29.642  47.829 0.0000000000
53760  1.682  -27.311  50.065 0.0000000000
59523  1.266  -23.839  50.550 0.0000000000
61981  3.269  -21.251  52.279 0.0000000000
61956  3.363  -21.228  54.608 0.0000000000
63153  3.775  -19.542  53.502 0.0000000000
64368  3.199  -17.762  52.174 0.0000000000
68040  1.514  -15.006  51.786 0.0000000000
53785  3.122  -27.798  46.271 0.0000000000
54916  2.860  -26.006  44.412 0.0000000000
56157  1.879  -24.799  42.477 0.0000000000
60771  4.985  -21.533  46.513 0.0000000000
60810  2.305  -22.362  43.599 0.0000000000
58498  1.673  -23.465  41.176 0.0000000000
60878  1.066  -23.057  38.692 0.0000000000
59695  1.423  -22.784  36.823 0.0000000000
72707  2.973  -11.987  43.623 0.0000000000
71489  1.450  -13.222  41.950 0.0000000000
74024  1.366  -11.686  40.670 0.0000000000
67029  1.560  -15.289  41.091 0.0000000000
64493  2.238  -16.966  38.651 0.0000000000
61937  7.453  -20.240  57.262 0.0000000000
64307  6.532  -18.922  56.894 0.0000000000
64306  7.349  -18.886  57.065 0.0000000000
61931  8.593  -20.692  57.652 0.0000000000
59428  8.486  -21.780  57.299 0.0000000000
61932  7.787  -20.742  57.457 0.0000000000
59430  7.118  -22.062  57.030 0.0000000000
52785  1.883  -28.498  39.605 0.0000000000
53884  1.587  -26.616  39.384 0.0000000000
54774  1.736  -26.097  53.203 0.0000000000
56008  1.630  -25.712  53.055 0.0000000000
57215  2.135  -25.106  53.708 0.0000000000
59507  11.766  -21.957  51.160 0.0000000000
53667  2.409  -26.268  54.144 0.0000000000
52584  2.384  -27.787  53.390 0.0000000000
53682  2.170  -26.806  53.523 0.0000000000
53695  1.909  -27.475  52.783 0.0000000000
60711  3.291  -21.398  50.245 0.0000000000
60743  2.137  -22.066  48.525 0.0000000000
60727  3.552  -21.443  49.311 0.0000000000
65803  3.504  -16.830  42.976 0.0000000000
64438  4.816  -17.588  42.538 0.0000000000
64439  3.811  -17.166  42.339 0.0000000000
64463  5.289  -18.731  39.989 0.0000000000
64466  2.993  -16.810  41.190 0.0000000000
58306  4.008  -23.451  56.259 0.0000000000
59445  3.740  -22.904  55.953 0.0000000000
60642  4.510  -21.837  56.337 0.0000000000
65548  4.487  -17.834  56.448 0.0000000000
69129  4.505  -15.141  55.506 0.0000000000
59450  12.046  -22.178  55.931 0.0000000000
59474  10.434  -22.397  54.683 0.0000000000
59462  10.452  -22.497  55.596 0.0000000000
58314  7.941  -23.281  55.961 0.0000000000
58319  8.105  -23.299  55.381 0.0000000000
55992  7.318  -24.641  54.893 0.0000000000
54744  6.146  -25.868  55.760 0.0000000000
57199  4.914  -23.735  56.649 0.0000000000
55985  4.898  -25.065  56.359 0.0000000000
57200  4.347  -23.925  56.428 0.0000000000
55987  3.855  -25.053  55.958 0.0000000000
68052  1.354  -15.118  50.137 0.0000000000
65698  1.871  -16.453  49.500 0.0000000000
68064  1.505  -15.241  48.861 0.0000000000
71449  1.505  -12.414  46.850 0.0000000000
69190  1.447  -14.350  47.293 0.0000000000
69200  1.478  -14.496  46.184 0.0000000000
68098  1.628  -15.100  45.520 0.0000000000
70295  1.719  -13.233  45.331 0.0000000000
59448  13.732  -21.639  55.500 0.0000000000
52666  1.342  -29.342  50.132 0.0000000000
52665  1.586  -28.838  49.573 0.0000000000
52642  1.521  -28.589  50.347 0.0000000000
59498  1.486  -24.154  51.947 0.0000000000
58370  1.315  -24.463  51.351 0.0000000000
59510  1.559  -23.534  51.369 0.0000000000
60699  2.125  -22.279  51.467 0.0000000000
60685  2.650  -21.817  52.344 0.0000000000
61951  3.553  -21.447  55.175 0.0000000000
60661  2.984  -22.591  54.707 0.0000000000
63137  3.657  -20.001  55.000 0.0000000000
66861  2.646  -16.397  53.800 0.0000000000
64335  3.485  -18.458  54.182 0.0000000000
65605  2.645  -16.795  53.224 0.0000000000
64359  3.690  -18.543  52.879 0.0000000000
65623  2.205  -16.378  52.383 0.0000000000
65639  2.058  -16.429  51.594 0.0000000000
68034  1.671  -15.104  52.305 0.0000000000
58354  9.144  -22.941  52.224 0.0000000000
58369  9.615  -22.839  50.953 0.0000000000
51486  4.352  -28.207  53.901 0.0000000000
50342  4.196  -29.394  52.343 0.0000000000
51497  3.492  -29.078  53.097 0.0000000000
50346  2.202  -29.764  52.363 0.0000000000
49230  2.153  -30.563  52.034 0.0000000000
51517  1.152  -29.974  50.981 0.0000000000
51530  0.724  -30.714  50.224 0.0000000000
53768  2.311  -27.595  48.326 0.0000000000
52696  2.474  -28.499  47.312 0.0000000000
54853  2.167  -26.390  47.126 0.0000000000
58445  1.178  -23.535  46.284 0.0000000000
54897  2.196  -25.467  45.480 0.0000000000
56130  1.884  -24.697  44.707 0.0000000000
54935  2.668  -25.796  43.409 0.0000000000
56131  1.574  -24.174  44.068 0.0000000000
64389  4.681  -18.692  48.055 0.0000000000
62011  5.340  -20.390  48.013 0.0000000000
63193  5.489  -19.779  47.082 0.0000000000
60829  5.564  -21.214  42.366 0.0000000000
60807  4.137  -21.658  43.770 0.0000000000
60821  2.706  -22.200  42.481 0.0000000000
60823  2.109  -22.801  41.989 0.0000000000
60834  2.245  -22.617  41.172 0.0000000000
59645  1.303  -23.331  39.820 0.0000000000
60846  1.994  -22.652  40.177 0.0000000000
62105  4.461  -20.560  37.234 0.0000000000
59694  3.019  -22.440  37.843 0.0000000000
60913  3.293  -21.625  36.518 0.0000000000
72722  3.334  -11.512  42.721 0.0000000000
71505  2.176  -12.585  42.826 0.0000000000
72723  2.476  -12.008  42.359 0.0000000000
71551  0.990  -12.529  39.289 0.0000000000
71540  1.117  -12.682  40.122 0.0000000000
69264  0.990  -13.884  41.036 0.0000000000
68156  1.235  -14.584  40.163 0.0000000000
65854  1.973  -16.118  39.744 0.0000000000
67079  1.561  -15.413  38.857 0.0000000000
59438  5.740  -22.231  56.748 0.0000000000
61940  5.280  -20.767  56.603 0.0000000000
61939  6.019  -20.697  56.808 0.0000000000
60637  10.689  -21.264  57.300 0.0000000000
59444  9.861  -22.147  56.692 0.0000000000
59434  9.513  -21.903  57.012 0.0000000000
58300  8.192  -22.482  56.661 0.0000000000
57201  7.195  -23.408  56.299 0.0000000000
57203  6.358  -24.446  56.441 0.0000000000
58302  6.778  -23.042  56.614 0.0000000000
58297  6.119  -22.661  56.790 0.0000000000
72633  0.931  -11.812  49.300 0.0000000000
70236  1.218  -13.472  49.082 0.0000000000
72655  1.019  -11.787  48.035 0.0000000000
72654  1.276  -11.658  47.376 0.0000000000
72668  2.088  -11.139  46.206 0.0000000000
53728  1.508  -28.165  51.677 0.0000000000
53746  1.548  -27.667  50.831 0.0000000000
54798  1.492  -26.392  52.066 0.0000000000
58343  1.639  -24.670  52.798 0.0000000000
59486  2.111  -23.440  53.158 0.0000000000
66838  3.239  -16.615  55.289 0.0000000000
65570  3.285  -17.488  54.990 0.0000000000
68019  2.990  -15.640  54.886 0.0000000000
68020  2.602  -15.391  54.139 0.0000000000
68026  2.195  -15.229  53.446 0.0000000000
69142  1.756  -14.439  53.000 0.0000000000
52564  3.515  -27.069  54.872 0.0000000000
51488  3.150  -28.802  53.345 0.0000000000
51480  2.949  -28.208  53.800 0.0000000000
51490  2.315  -28.799  52.831 0.0000000000
50347  1.805  -30.210  51.970 0.0000000000
50359  1.522  -30.560  51.627 0.0000000000
51500  1.730  -29.553  52.069 0.0000000000
52608  1.562  -28.917  51.964 0.0000000000
58414  1.024  -23.989  48.944 0.0000000000
56096  1.297  -24.859  47.453 0.0000000000
58424  1.210  -23.833  48.170 0.0000000000
60763  1.462  -22.988  47.116 0.0000000000
60775  1.922  -22.322  46.461 0.0000000000
65751  4.228  -17.728  45.375 0.0000000000
64403  5.483  -18.811  45.646 0.0000000000
64419  5.086  -18.086  44.551 0.0000000000
63218  6.464  -19.258  43.177 0.0000000000
60841  5.586  -21.266  41.405 0.0000000000
60858  4.818  -21.821  40.014 0.0000000000
63255  5.892  -19.896  39.697 0.0000000000
63257  5.013  -19.161  38.846 0.0000000000
64504  3.662  -18.778  37.783 0.0000000000
70383  1.232  -13.254  38.723 0.0000000000
68212  1.572  -15.157  38.183 0.0000000000
68210  1.905  -14.964  37.679 0.0000000000
55995  2.848  -25.252  54.776 0.0000000000
58320  2.668  -24.397  54.490 0.0000000000
58315  3.021  -24.138  54.984 0.0000000000
60649  3.637  -22.267  55.565 0.0000000000
63132  3.756  -20.052  55.548 0.0000000000
63125  4.738  -19.957  56.511 0.0000000000
64319  4.348  -18.878  56.368 0.0000000000
65549  3.896  -17.833  56.160 0.0000000000
68013  3.863  -15.943  55.708 0.0000000000
58339  12.361  -22.254  53.686 0.0000000000
59494  11.537  -21.937  52.209 0.0000000000
59483  11.558  -22.127  53.243 0.0000000000
58312  9.589  -22.571  55.783 0.0000000000
58330  8.426  -23.220  54.596 0.0000000000
57218  8.200  -23.767  53.594 0.0000000000
52582  4.904  -27.792  54.095 0.0000000000
53664  4.843  -27.029  55.032 0.0000000000
54738  5.609  -25.748  56.159 0.0000000000
54739  4.909  -25.888  56.192 0.0000000000
52562  4.158  -26.903  55.285 0.0000000000
53646  3.413  -26.464  55.140 0.0000000000
54757  2.963  -25.762  54.868 0.0000000000
64372  3.752  -18.437  50.976 0.0000000000
64375  4.458  -18.976  49.983 0.0000000000
64384  3.409  -18.057  49.829 0.0000000000
65696  3.073  -17.322  48.592 0.0000000000
65716  3.158  -16.948  47.456 0.0000000000
68076  1.518  -14.987  47.792 0.0000000000
68087  1.753  -15.395  47.406 0.0000000000
65734  3.286  -17.035  46.346 0.0000000000
65753  3.029  -16.580  45.426 0.0000000000
65771  2.231  -16.044  44.095 0.0000000000
66994  1.731  -15.557  43.576 0.0000000000
64304  9.057  -18.983  57.235 0.0000000000
58351  13.816  -21.894  52.112 0.0000000000
59466  17.722  -21.102  53.443 0.0000000000
61964  17.397  -20.353  54.205 0.0000000000
59467  16.789  -21.090  53.530 0.0000000000
59468  15.847  -21.198  53.655 0.0000000000
58324  14.313  -21.533  53.513 0.0000000000
58325  13.548  -21.749  53.790 0.0000000000
59449  12.930  -21.952  55.747 0.0000000000
60646  12.032  -21.370  56.672 0.0000000000
61934  12.583  -20.145  56.927 0.0000000000
60636  11.592  -21.048  57.090 0.0000000000
61928  10.872  -20.244  57.390 0.0000000000
63113  9.800  -19.890  57.486 0.0000000000
52685  1.907  -28.816  48.543 0.0000000000
54835  1.321  -25.620  49.215 0.0000000000
54810  1.582  -26.741  50.383 0.0000000000
56061  1.093  -25.182  49.930 0.0000000000
57254  0.961  -24.587  49.793 0.0000000000
59533  1.194  -23.670  49.727 0.0000000000
60713  2.059  -22.119  50.520 0.0000000000
61979  4.213  -20.301  51.489 0.0000000000
59464  2.556  -23.799  54.285 0.0000000000
60669  2.567  -23.031  54.132 0.0000000000
60668  2.826  -22.127  54.049 0.0000000000
64336  3.530  -18.558  54.609 0.0000000000
63154  3.661  -20.073  54.032 0.0000000000
61974  3.232  -21.238  53.108 0.0000000000
61973  3.700  -20.510  52.930 0.0000000000
63159  3.989  -19.591  52.599 0.0000000000
64367  3.916  -18.696  51.834 0.0000000000
65638  2.560  -17.217  51.487 0.0000000000
65640  1.804  -16.009  51.218 0.0000000000
69163  1.233  -14.327  50.540 0.0000000000
70222  1.374  -13.486  51.716 0.0000000000
70228  1.211  -13.526  50.910 0.0000000000
71405  1.156  -12.838  50.455 0.0000000000
50369  4.229  -30.448  51.184 0.0000000000
50344  3.041  -29.880  52.542 0.0000000000
54876  1.866  -25.703  46.669 0.0000000000
54895  3.214  -26.989  45.183 0.0000000000
54980  2.066  -25.700  40.899 0.0000000000
62003  4.993  -20.845  49.073 0.0000000000
60759  3.858  -21.751  47.391 0.0000000000
60788  2.206  -22.126  45.442 0.0000000000
60794  5.985  -21.033  45.202 0.0000000000
62032  2.961  -21.722  44.947 0.0000000000
60799  1.898  -22.574  44.230 0.0000000000
57313  1.544  -23.674  43.358 0.0000000000
56158  1.642  -24.436  41.808 0.0000000000
54981  1.597  -25.551  40.281 0.0000000000
56185  1.278  -25.115  39.932 0.0000000000
60861  2.233  -22.496  39.376 0.0000000000
60896  1.045  -23.006  37.987 0.0000000000
73969  2.903  -10.758  45.376 0.0000000000
73982  3.770  -10.626  44.408 0.0000000000
71472  2.452  -11.948  45.057 0.0000000000
70308  1.833  -13.214  44.454 0.0000000000
69224  1.422  -14.400  43.221 0.0000000000
67008  1.546  -15.262  42.724 0.0000000000
72725  1.385  -12.601  41.342 0.0000000000
69252  1.183  -13.994  41.600 0.0000000000
65821  2.181  -16.101  41.516 0.0000000000
65853  2.337  -16.447  40.192 0.0000000000
64492  2.861  -17.829  38.672 0.0000000000
63283  2.690  -18.730  36.991 0.0000000000
63299  1.939  -18.334  36.413 0.0000000000
63122  7.097  -19.717  57.070 0.0000000000
63115  8.312  -20.265  57.553 0.0000000000
52784  2.264  -28.413  39.998 0.0000000000
53891  1.705  -27.431  39.312 0.0000000000
54767  1.968  -26.018  53.550 0.0000000000
56002  1.884  -25.614  53.447 0.0000000000
58366  12.987  -22.023  51.411 0.0000000000
58367  12.357  -21.976  52.062 0.0000000000
54766  2.275  -25.924  53.996 0.0000000000
53683  1.879  -26.348  53.298 0.0000000000
61994  4.036  -21.042  50.207 0.0000000000
65804  2.998  -16.612  42.905 0.0000000000
64440  3.263  -16.812  42.405 0.0000000000
64450  3.414  -17.082  41.698 0.0000000000
64451  2.975  -16.676  42.048 0.0000000000
59440  4.258  -22.659  56.348 0.0000000000
59442  11.646  -21.930  56.484 0.0000000000
59451  11.134  -22.363  56.126 0.0000000000
57206  7.327  -23.803  56.097 0.0000000000
57210  7.392  -24.201  55.607 0.0000000000
57211  7.059  -24.775  55.809 0.0000000000
55993  6.926  -25.145  55.367 0.0000000000
55988  6.834  -25.067  55.899 0.0000000000
55994  6.545  -25.487  55.706 0.0000000000
55989  6.458  -25.377  56.005 0.0000000000
57204  3.874  -24.216  56.051 0.0000000000
66921  1.579  -15.912  49.906 0.0000000000
69168  1.291  -14.343  49.532 0.0000000000
70279  1.526  -13.159  46.300 0.0000000000
70280  1.465  -13.884  45.712 0.0000000000
59497  1.591  -23.773  51.957 0.0000000000
60700  1.803  -22.933  51.459 0.0000000000
60686  2.210  -22.523  52.373 0.0000000000
65606  2.254  -16.203  52.776 0.0000000000
66877  1.940  -15.761  52.378 0.0000000000
52583  4.352  -27.985  54.220 0.0000000000
51487  3.904  -28.293  53.936 0.0000000000
49231  1.976  -30.598  52.069 0.0000000000
48079  1.935  -31.068  51.863 0.0000000000
51529  0.959  -30.197  50.253 0.0000000000
54834  1.607  -26.083  48.571 0.0000000000
54833  2.098  -26.548  48.019 0.0000000000
59582  1.427  -23.037  45.823 0.0000000000
57297  1.223  -23.829  45.764 0.0000000000
57303  1.496  -23.667  44.615 0.0000000000
64396  4.708  -18.670  47.189 0.0000000000
63194  5.107  -19.267  47.564 0.0000000000
63201  5.200  -19.149  46.889 0.0000000000
60831  3.973  -21.826  41.808 0.0000000000
60819  4.033  -21.820  42.819 0.0000000000
60832  3.183  -21.946  41.589 0.0000000000
60833  2.605  -22.276  41.406 0.0000000000
60844  3.099  -22.076  40.538 0.0000000000
62114  3.769  -20.701  36.492 0.0000000000
74005  4.522  -10.469  42.360 0.0000000000
74006  3.859  -10.898  42.399 0.0000000000
74007  2.843  -11.010  41.725 0.0000000000
70384  1.048  -13.257  39.185 0.0000000000
70371  1.096  -13.285  39.689 0.0000000000
69299  1.149  -13.973  39.898 0.0000000000
68175  1.289  -14.657  39.350 0.0000000000
59437  6.094  -21.869  56.806 0.0000000000
60640  5.782  -21.472  56.735 0.0000000000
65538  6.752  -18.148  56.942 0.0000000000
60638  9.928  -21.554  57.245 0.0000000000
59427  9.247  -21.628  57.311 0.0000000000
59436  7.981  -22.276  56.963 0.0000000000
58301  7.384  -22.857  56.524 0.0000000000
57196  6.923  -23.423  56.431 0.0000000000
58295  7.286  -22.444  56.829 0.0000000000
60635  6.971  -21.559  57.090 0.0000000000
59431  6.407  -22.141  56.869 0.0000000000
58298  5.872  -22.593  56.789 0.0000000000
72643  0.964  -11.939  48.597 0.0000000000
73939  1.296  -10.623  47.242 0.0000000000
75176  1.732  -9.822  46.735 0.0000000000
73955  1.812  -10.691  46.580 0.0000000000
53747  1.532  -27.147  51.644 0.0000000000
58332  1.707  -24.991  53.110 0.0000000000
57219  1.580  -25.248  52.879 0.0000000000
59487  1.829  -23.903  52.802 0.0000000000
58342  1.885  -24.352  53.175 0.0000000000
68016  3.453  -15.895  55.420 0.0000000000
69139  2.832  -14.742  54.363 0.0000000000
69140  2.275  -14.579  53.726 0.0000000000
70208  1.968  -13.777  53.406 0.0000000000
53665  3.250  -26.900  54.781 0.0000000000
52574  3.189  -27.455  54.455 0.0000000000
52575  2.666  -27.627  53.964 0.0000000000
51499  1.995  -29.491  52.341 0.0000000000
51491  1.969  -28.908  52.525 0.0000000000
53712  1.761  -27.097  52.635 0.0000000000
53711  1.678  -27.889  52.323 0.0000000000
59541  1.257  -23.516  48.852 0.0000000000
59540  1.504  -22.987  48.817 0.0000000000
60762  1.721  -22.595  47.574 0.0000000000
60776  1.549  -22.789  46.498 0.0000000000
60761  2.271  -22.066  47.473 0.0000000000
65768  4.077  -17.374  44.535 0.0000000000
65750  4.576  -17.811  44.829 0.0000000000
65767  4.630  -17.697  44.272 0.0000000000
64437  5.809  -18.317  41.949 0.0000000000
64428  5.842  -18.371  43.118 0.0000000000
64427  6.320  -18.786  42.435 0.0000000000
62064  6.458  -20.154  42.043 0.0000000000
63232  6.504  -19.587  41.351 0.0000000000
62081  6.023  -20.415  40.145 0.0000000000
63244  6.286  -19.626  40.490 0.0000000000
64464  4.263  -18.108  40.333 0.0000000000
64477  5.071  -18.941  39.277 0.0000000000
64478  4.418  -18.659  39.111 0.0000000000
63268  4.637  -19.274  38.312 0.0000000000
64491  3.551  -18.427  38.511 0.0000000000
71550  1.140  -12.507  38.798 0.0000000000
70397  1.546  -13.287  38.355 0.0000000000
69331  1.508  -14.062  38.082 0.0000000000
57209  3.016  -24.749  54.985 0.0000000000
58311  3.263  -23.994  55.342 0.0000000000
60648  4.014  -22.035  55.993 0.0000000000
63124  5.463  -19.876  56.689 0.0000000000
61941  4.622  -20.931  56.387 0.0000000000
66835  3.666  -16.763  55.887 0.0000000000
66834  4.215  -16.460  56.101 0.0000000000
58327  12.472  -22.297  54.192 0.0000000000
59473  11.767  -22.352  54.347 0.0000000000
59485  9.753  -22.424  53.967 0.0000000000
58307  9.304  -22.419  56.304 0.0000000000
58313  8.669  -22.730  55.864 0.0000000000
57214  7.704  -23.906  54.706 0.0000000000
56006  7.667  -24.770  53.195 0.0000000000
54772  6.947  -25.953  53.336 0.0000000000
54756  5.756  -26.403  55.408 0.0000000000
53663  5.243  -26.976  54.886 0.0000000000
52571  4.790  -27.330  54.749 0.0000000000
57197  6.294  -23.899  56.574 0.0000000000
55983  6.224  -25.043  56.281 0.0000000000
55978  6.012  -24.613  56.487 0.0000000000
54740  4.252  -25.699  56.115 0.0000000000
53628  4.450  -26.173  56.013 0.0000000000
53644  4.563  -26.596  55.619 0.0000000000
53645  3.952  -26.482  55.588 0.0000000000
54748  3.663  -25.772  55.762 0.0000000000
57205  3.498  -24.456  55.602 0.0000000000
55990  3.393  -25.134  55.463 0.0000000000
55991  3.114  -25.197  55.105 0.0000000000
65654  2.630  -17.403  50.619 0.0000000000
64377  3.223  -17.979  50.446 0.0000000000
65674  2.800  -17.557  49.682 0.0000000000
65718  1.965  -16.401  48.811 0.0000000000
65697  2.308  -16.895  49.108 0.0000000000
65717  2.415  -16.498  48.118 0.0000000000
65695  3.629  -17.542  47.858 0.0000000000
69178  1.369  -14.300  48.414 0.0000000000
68088  1.631  -15.105  46.690 0.0000000000
66967  2.019  -15.639  46.751 0.0000000000
65735  2.568  -16.257  46.664 0.0000000000
66968  1.982  -15.517  45.877 0.0000000000
66981  1.921  -15.563  44.804 0.0000000000
64316  8.682  -18.421  56.901 0.0000000000
65542  9.453  -18.332  56.287 0.0000000000
58350  14.715  -21.826  51.801 0.0000000000
58364  15.076  -22.359  50.991 0.0000000000
58336  14.486  -21.715  52.710 0.0000000000
60650  16.311  -20.412  54.806 0.0000000000
61955  17.027  -20.014  54.465 0.0000000000
60658  16.722  -20.520  54.328 0.0000000000
60667  17.312  -20.715  53.946 0.0000000000
59455  16.370  -20.921  54.101 0.0000000000
59470  14.164  -21.474  54.304 0.0000000000
60654  13.339  -21.461  56.050 0.0000000000
59441  12.501  -21.694  56.257 0.0000000000
60645  12.838  -21.121  56.448 0.0000000000
63116  12.650  -19.564  56.869 0.0000000000
63117  12.144  -19.816  57.196 0.0000000000
61935  11.926  -20.429  57.180 0.0000000000
61927  11.530  -20.068  57.321 0.0000000000
61936  11.207  -20.649  57.334 0.0000000000
63111  11.207  -19.732  57.246 0.0000000000
63118  10.140  -18.740  56.829 0.0000000000
64297  10.230  -19.373  57.208 0.0000000000
64303  9.885  -18.926  57.065 0.0000000000
64298  9.574  -19.384  57.360 0.0000000000
50423  0.472  -31.434  48.161 0.0000000000
51546  1.442  -29.444  48.958 0.0000000000
53759  1.976  -27.693  49.341 0.0000000000
54823  2.002  -26.826  48.792 0.0000000000
54824  1.678  -26.552  49.524 0.0000000000
54811  1.510  -26.390  51.155 0.0000000000
58387  1.146  -24.301  50.568 0.0000000000
57243  1.155  -24.794  50.679 0.0000000000
58401  1.011  -24.131  49.762 0.0000000000
60714  1.729  -22.713  50.574 0.0000000000
60698  2.707  -21.708  51.386 0.0000000000
60697  3.170  -21.486  50.962 0.0000000000
61987  3.372  -21.265  51.588 0.0000000000
59454  2.787  -24.023  54.665 0.0000000000
59463  2.820  -23.339  54.681 0.0000000000
63143  3.632  -19.165  54.177 0.0000000000
61966  3.323  -21.055  53.941 0.0000000000
61965  3.576  -20.515  53.583 0.0000000000
63163  4.160  -19.731  51.910 0.0000000000
64373  3.220  -17.858  51.268 0.0000000000
66894  1.722  -15.698  51.622 0.0000000000
68046  1.390  -15.050  51.072 0.0000000000
66908  1.590  -15.683  50.810 0.0000000000
69151  1.505  -14.334  52.241 0.0000000000
59495  10.635  -22.097  52.555 0.0000000000
59508  10.560  -22.202  51.246 0.0000000000
50357  3.741  -30.117  51.906 0.0000000000
51498  3.135  -29.287  52.945 0.0000000000
50330  2.919  -29.425  52.816 0.0000000000
50408  0.498  -31.433  48.936 0.0000000000
52708  2.696  -28.683  46.536 0.0000000000
51600  2.271  -29.378  46.481 0.0000000000
51615  2.578  -29.394  45.844 0.0000000000
52720  3.078  -28.616  45.660 0.0000000000
56095  1.557  -25.317  47.069 0.0000000000
56106  1.600  -25.055  46.460 0.0000000000
54896  2.883  -26.331  45.353 0.0000000000
54915  3.200  -26.640  44.735 0.0000000000
53814  3.557  -27.426  44.471 0.0000000000
53831  3.655  -26.988  43.517 0.0000000000
54936  2.288  -25.233  43.006 0.0000000000
54955  2.984  -26.176  42.519 0.0000000000
54956  2.690  -25.799  42.499 0.0000000000
54979  2.672  -25.978  41.601 0.0000000000
54957  2.251  -25.345  41.988 0.0000000000
63173  4.967  -19.792  49.665 0.0000000000
63181  5.237  -19.887  48.878 0.0000000000
62020  5.153  -21.105  47.463 0.0000000000
62012  5.102  -20.942  48.016 0.0000000000
60758  4.714  -21.431  47.324 0.0000000000
60773  3.254  -21.836  46.474 0.0000000000
60772  4.178  -21.770  46.484 0.0000000000
63207  5.947  -19.386  45.249 0.0000000000
62031  6.010  -20.234  45.636 0.0000000000
60808  3.253  -21.840  43.619 0.0000000000
60797  3.464  -21.673  44.469 0.0000000000
62040  2.842  -21.840  44.369 0.0000000000
62034  2.322  -22.133  44.717 0.0000000000
62042  2.333  -22.257  44.227 0.0000000000
59606  1.766  -22.791  43.781 0.0000000000
60811  2.026  -22.644  43.140 0.0000000000
59632  1.913  -23.081  41.602 0.0000000000
57324  1.607  -23.817  42.125 0.0000000000
57333  1.456  -24.067  40.962 0.0000000000
56172  1.509  -24.890  40.797 0.0000000000
57343  1.196  -24.397  40.099 0.0000000000
59662  1.198  -23.140  39.327 0.0000000000
60897  0.845  -23.178  38.305 0.0000000000
60860  2.990  -22.335  39.472 0.0000000000
60874  3.751  -22.218  38.398 0.0000000000
60895  1.712  -22.702  37.349 0.0000000000
59696  1.065  -22.981  37.221 0.0000000000
59706  0.984  -23.461  37.051 0.0000000000
73981  4.309  -10.392  43.952 0.0000000000
72690  3.345  -11.309  44.263 0.0000000000
73983  3.243  -10.907  44.791 0.0000000000
71486  2.559  -12.186  44.430 0.0000000000
71487  2.222  -12.733  43.727 0.0000000000
71488  1.773  -13.044  42.713 0.0000000000
70309  1.672  -13.465  43.658 0.0000000000
70310  1.459  -13.706  42.759 0.0000000000
68119  1.444  -14.800  42.863 0.0000000000
69238  1.352  -14.168  42.379 0.0000000000
74023  1.604  -11.084  40.987 0.0000000000
74022  1.802  -10.808  41.172 0.0000000000
74008  1.977  -11.243  41.456 0.0000000000
74010  1.368  -12.172  41.032 0.0000000000
68141  1.256  -14.606  41.129 0.0000000000
67019  1.610  -15.388  41.910 0.0000000000
65822  1.848  -15.719  41.311 0.0000000000
65837  2.500  -16.470  40.910 0.0000000000
65838  2.101  -16.068  40.727 0.0000000000
64481  2.334  -16.620  39.617 0.0000000000
64505  3.028  -18.492  37.785 0.0000000000
64506  2.394  -18.026  37.680 0.0000000000
67095  1.671  -15.703  38.142 0.0000000000
61938  6.932  -20.706  57.087 0.0000000000
63123  6.279  -19.800  56.859 0.0000000000
61930  9.388  -20.544  57.642 0.0000000000
60632  8.970  -21.237  57.590 0.0000000000
60633  8.196  -21.368  57.495 0.0000000000
60634  7.542  -21.521  57.293 0.0000000000
61933  7.323  -21.179  57.271 0.0000000000
55017  1.244  -26.018  39.209 0.0000000000
54786  1.625  -26.388  52.725 0.0000000000
57216  1.789  -25.241  53.278 0.0000000000
58331  1.989  -24.675  53.442 0.0000000000
53681  2.447  -27.212  53.862 0.0000000000
52596  1.824  -28.479  52.428 0.0000000000
53696  1.826  -26.665  53.031 0.0000000000
60729  2.060  -22.049  49.541 0.0000000000
60728  2.676  -21.679  49.407 0.0000000000
65785  3.777  -16.966  43.713 0.0000000000
65784  4.400  -17.394  43.650 0.0000000000
65802  4.057  -17.112  43.031 0.0000000000
64448  5.068  -18.099  41.158 0.0000000000
64449  4.110  -17.562  41.449 0.0000000000
64465  3.499  -17.415  40.689 0.0000000000
58310  3.588  -23.721  55.792 0.0000000000
61946  4.192  -21.235  56.102 0.0000000000
64318  4.904  -18.493  56.580 0.0000000000
66828  4.686  -17.032  56.450 0.0000000000
66833  4.856  -16.283  56.250 0.0000000000
68012  4.377  -15.777  55.832 0.0000000000
68011  5.009  -15.606  55.897 0.0000000000
59461  11.391  -22.360  55.349 0.0000000000
58317  9.756  -22.561  55.119 0.0000000000
54745  5.682  -26.168  55.884 0.0000000000
57198  5.568  -23.765  56.692 0.0000000000
55980  4.952  -24.330  56.549 0.0000000000
55981  4.603  -24.177  56.491 0.0000000000
55986  4.295  -24.723  56.250 0.0000000000
54741  3.941  -25.316  56.029 0.0000000000
65675  2.209  -16.941  49.988 0.0000000000
66937  1.679  -15.974  48.974 0.0000000000
66936  1.700  -15.653  48.407 0.0000000000
70264  1.394  -13.062  47.171 0.0000000000
70265  1.430  -13.749  46.765 0.0000000000
69209  1.479  -14.547  45.094 0.0000000000
70296  1.515  -13.879  44.579 0.0000000000
59458  14.048  -21.725  54.951 0.0000000000
60653  14.124  -21.149  55.754 0.0000000000
64296  10.946  -19.387  57.037 0.0000000000
51547  1.167  -29.922  49.419 0.0000000000
53745  1.718  -28.020  50.086 0.0000000000
58355  1.441  -24.616  52.066 0.0000000000
57234  1.328  -24.983  51.538 0.0000000000
59511  1.366  -24.011  51.297 0.0000000000
59522  1.491  -23.313  50.568 0.0000000000
65587  3.060  -17.179  54.212 0.0000000000
64349  3.281  -17.783  53.893 0.0000000000
64348  3.533  -18.477  53.693 0.0000000000
64360  3.165  -17.663  53.072 0.0000000000
65622  2.540  -17.053  52.350 0.0000000000
66893  1.948  -16.081  51.998 0.0000000000
51496  4.267  -28.686  53.189 0.0000000000
50343  3.620  -29.555  52.573 0.0000000000
50345  2.574  -29.876  52.454 0.0000000000
51509  1.034  -30.602  50.974 0.0000000000
50382  0.650  -30.854  49.926 0.0000000000
50393  0.717  -30.782  49.489 0.0000000000
52684  2.325  -28.387  47.936 0.0000000000
52697  2.072  -29.037  47.600 0.0000000000
53767  2.575  -27.897  47.682 0.0000000000
53775  2.514  -27.164  47.525 0.0000000000
53786  2.750  -27.018  46.718 0.0000000000
56107  1.291  -24.431  46.254 0.0000000000
56117  1.664  -24.732  45.658 0.0000000000
54917  2.269  -25.301  44.105 0.0000000000
56143  1.882  -24.713  43.552 0.0000000000
56144  1.634  -24.237  42.904 0.0000000000
63188  5.119  -19.431  48.294 0.0000000000
62019  5.409  -20.620  47.337 0.0000000000
60770  5.510  -21.075  46.575 0.0000000000
60817  5.667  -21.165  43.298 0.0000000000
60805  5.867  -21.114  44.233 0.0000000000
60818  4.901  -21.582  43.048 0.0000000000
60809  2.753  -22.099  43.373 0.0000000000
60822  2.334  -22.512  42.306 0.0000000000
58512  1.483  -23.423  40.314 0.0000000000
59644  1.751  -22.830  40.282 0.0000000000
60847  1.720  -22.821  39.987 0.0000000000
60863  1.412  -22.918  39.354 0.0000000000
60892  4.387  -21.436  37.926 0.0000000000
59677  3.538  -22.230  37.793 0.0000000000
60893  3.803  -21.836  37.269 0.0000000000
60894  2.814  -22.406  37.385 0.0000000000
60915  1.842  -22.515  36.380 0.0000000000
73995  4.488  -10.507  43.201 0.0000000000
72706  3.596  -11.304  43.584 0.0000000000
72708  2.504  -12.396  43.112 0.0000000000
71506  1.893  -12.521  42.293 0.0000000000
74034  1.224  -11.585  40.105 0.0000000000
72745  1.190  -12.202  40.429 0.0000000000
71531  1.175  -12.851  40.815 0.0000000000
70358  1.086  -13.432  40.530 0.0000000000
69281  1.074  -14.070  40.574 0.0000000000
67044  1.432  -15.140  40.427 0.0000000000
65855  1.638  -15.549  39.955 0.0000000000
67060  1.457  -15.216  39.611 0.0000000000
67078  1.620  -15.578  39.169 0.0000000000
65866  1.787  -16.043  38.832 0.0000000000
59439  4.942  -22.442  56.621 0.0000000000
60641  5.135  -21.632  56.583 0.0000000000
64308  5.627  -18.881  56.725 0.0000000000
60647  11.208  -21.640  56.946 0.0000000000
59433  10.335  -21.800  57.019 0.0000000000
58299  8.998  -22.238  56.693 0.0000000000
59435  8.732  -22.054  57.019 0.0000000000
58309  7.710  -23.037  56.287 0.0000000000
55982  6.717  -24.877  56.123 0.0000000000
57202  6.799  -24.211  56.318 0.0000000000
58296  6.651  -22.582  56.785 0.0000000000
58303  6.162  -23.155  56.725 0.0000000000
58304  5.492  -22.984  56.772 0.0000000000
71411  1.066  -12.683  49.695 0.0000000000
71415  1.074  -12.614  48.802 0.0000000000
71431  1.137  -12.442  48.192 0.0000000000
75162  0.768  -10.244  48.051 0.0000000000
73940  0.910  -11.072  47.831 0.0000000000
71430  1.280  -12.542  47.593 0.0000000000
72669  1.700  -11.522  46.622 0.0000000000
72679  2.074  -11.705  46.008 0.0000000000
56019  1.496  -25.731  52.521 0.0000000000
57226  1.446  -25.131  52.300 0.0000000000
59488  1.586  -24.343  52.402 0.0000000000
60678  2.037  -23.388  52.900 0.0000000000
65559  3.542  -17.684  55.637 0.0000000000
66848  2.493  -15.850  53.823 0.0000000000
68033  1.882  -15.216  52.814 0.0000000000
52573  3.711  -27.503  54.669 0.0000000000
51479  3.469  -28.043  54.138 0.0000000000
51489  2.681  -28.758  53.155 0.0000000000
51481  2.610  -28.256  53.417 0.0000000000
50332  2.420  -29.110  52.770 0.0000000000
52623  1.411  -29.254  51.468 0.0000000000
56078  1.051  -24.871  48.835 0.0000000000
57278  1.150  -24.259  48.091 0.0000000000
58433  1.139  -23.739  47.285 0.0000000000
59554  1.611  -22.860  48.209 0.0000000000
59555  1.430  -23.287  47.806 0.0000000000
59568  1.302  -23.254  46.764 0.0000000000
65733  3.879  -17.644  46.133 0.0000000000
64404  4.994  -18.597  46.316 0.0000000000
64411  4.935  -18.205  45.390 0.0000000000
64410  5.561  -18.666  44.907 0.0000000000
63212  6.070  -19.171  44.429 0.0000000000
64429  5.104  -17.855  43.730 0.0000000000
63219  6.145  -18.935  43.772 0.0000000000
62047  6.475  -19.932  43.685 0.0000000000
62058  6.154  -20.695  42.647 0.0000000000
62065  6.111  -20.733  41.780 0.0000000000
60842  4.819  -21.705  41.060 0.0000000000
60857  5.579  -21.184  40.338 0.0000000000
60872  5.320  -21.268  39.492 0.0000000000
62092  5.357  -20.742  38.880 0.0000000000
63245  5.852  -19.285  39.876 0.0000000000
63256  5.452  -19.400  39.301 0.0000000000
62104  4.866  -20.709  38.169 0.0000000000
63280  4.729  -19.934  37.891 0.0000000000
63281  4.212  -19.380  37.516 0.0000000000
68194  1.428  -14.890  38.646 0.0000000000
68193  1.394  -14.499  38.401 0.0000000000
69330  2.217  -14.301  37.607 0.0000000000
53882  2.511  -27.365  40.248 0.0000000000
55996  2.535  -25.354  54.364 0.0000000000
57213  2.472  -24.947  54.217 0.0000000000
57212  2.774  -24.833  54.671 0.0000000000
58316  2.896  -24.310  54.817 0.0000000000
59453  2.987  -23.589  54.933 0.0000000000
59446  3.370  -23.209  55.484 0.0000000000
63131  4.090  -20.151  56.128 0.0000000000
64320  3.811  -18.861  55.895 0.0000000000
69131  3.686  -15.535  55.415 0.0000000000
58338  13.002  -22.106  53.334 0.0000000000
58353  12.328  -22.083  52.869 0.0000000000
59484  10.649  -22.220  53.650 0.0000000000
59496  9.755  -22.376  52.964 0.0000000000
57224  8.569  -23.556  52.705 0.0000000000
59452  10.215  -22.419  56.265 0.0000000000
58318  8.932  -22.763  55.234 0.0000000000
58329  9.212  -22.687  54.471 0.0000000000
58341  8.607  -23.096  54.030 0.0000000000
57217  8.518  -23.415  53.229 0.0000000000
57225  8.185  -24.355  52.361 0.0000000000
56007  7.204  -25.294  53.713 0.0000000000
52581  5.602  -27.332  53.869 0.0000000000
52572  4.289  -27.471  54.773 0.0000000000
54737  6.053  -25.690  56.064 0.0000000000
55984  5.537  -25.159  56.362 0.0000000000
54746  5.199  -26.287  55.971 0.0000000000
52563  3.837  -27.014  55.114 0.0000000000
54749  3.243  -25.734  55.252 0.0000000000
53647  3.090  -26.116  54.932 0.0000000000
54758  2.616  -25.830  54.472 0.0000000000
64371  4.188  -18.968  50.717 0.0000000000
63167  4.617  -19.682  50.476 0.0000000000
64376  3.836  -18.440  50.258 0.0000000000
64383  3.998  -18.334  49.513 0.0000000000
64391  3.421  -17.861  49.247 0.0000000000
64390  4.010  -18.020  48.585 0.0000000000
65715  3.691  -17.571  47.014 0.0000000000
68075  1.667  -15.417  48.100 0.0000000000
66952  1.990  -15.833  47.693 0.0000000000
65752  3.597  -17.231  45.378 0.0000000000
65754  2.455  -15.949  45.330 0.0000000000
65770  2.797  -16.401  44.376 0.0000000000
65786  3.170  -16.638  43.623 0.0000000000
65787  2.621  -16.396  43.431 0.0000000000
65788  2.118  -16.130  43.108 0.0000000000
63120  8.515  -19.304  57.389 0.0000000000
64305  8.162  -18.725  57.188 0.0000000000
58352  13.042  -22.061  52.504 0.0000000000
58322  15.751  -21.335  52.961 0.0000000000
58323  15.113  -21.437  53.244 0.0000000000
59456  15.566  -21.164  54.398 0.0000000000
58337  13.720  -21.953  53.024 0.0000000000
58326  12.946  -22.130  54.044 0.0000000000
59459  13.289  -22.085  55.158 0.0000000000
61943  13.812  -20.197  56.386 0.0000000000
61944  13.086  -20.491  56.593 0.0000000000
63128  13.212  -19.824  56.652 0.0000000000
61945  12.346  -20.766  56.810 0.0000000000
60630  10.569  -20.752  57.461 0.0000000000
61929  10.172  -20.405  57.509 0.0000000000
63112  10.538  -19.829  57.341 0.0000000000
63114  8.898  -19.833  57.581 0.0000000000
51569  1.468  -29.642  48.451 0.0000000000
56044  1.344  -25.431  50.893 0.0000000000
54825  1.451  -25.927  50.192 0.0000000000
57266  0.949  -24.362  49.080 0.0000000000
59532  1.443  -23.131  49.701 0.0000000000
60712  2.604  -21.710  50.363 0.0000000000
61986  3.833  -21.027  51.097 0.0000000000
58321  2.353  -24.514  53.977 0.0000000000
59465  2.280  -24.257  53.822 0.0000000000
60662  2.722  -23.203  54.500 0.0000000000
59476  2.258  -23.536  53.573 0.0000000000
60677  2.292  -22.905  53.261 0.0000000000
63144  3.669  -20.024  54.482 0.0000000000
60676  2.703  -21.940  53.232 0.0000000000
61980  3.875  -20.595  52.051 0.0000000000
63162  4.296  -19.507  51.255 0.0000000000
65655  2.168  -16.762  50.790 0.0000000000
65656  1.826  -16.214  50.772 0.0000000000
69150  1.676  -14.783  52.590 0.0000000000
69157  1.316  -14.302  51.396 0.0000000000
65536  7.986  -18.208  57.082 0.0000000000
59521  10.999  -22.163  50.578 0.0000000000
58368  10.137  -22.556  50.711 0.0000000000
50358  3.232  -30.201  52.227 0.0000000000
49246  3.214  -30.516  51.865 0.0000000000
51601  1.805  -29.700  46.939 0.0000000000
54854  1.611  -25.749  47.601 0.0000000000
54875  2.475  -26.276  46.227 0.0000000000
54874  3.057  -26.958  45.897 0.0000000000
53799  3.324  -27.703  45.402 0.0000000000
52733  3.456  -28.530  44.785 0.0000000000
53832  3.132  -26.341  43.503 0.0000000000
53868  2.209  -26.525  40.301 0.0000000000
61993  4.648  -20.540  50.028 0.0000000000
62004  4.323  -21.116  49.552 0.0000000000
60741  3.623  -21.633  48.298 0.0000000000
62002  5.276  -20.436  48.493 0.0000000000
60740  4.447  -21.407  48.201 0.0000000000
60760  2.984  -21.817  47.425 0.0000000000
60774  2.481  -21.972  46.472 0.0000000000
60789  1.768  -22.557  45.404 0.0000000000
63200  5.653  -19.443  46.231 0.0000000000
60783  5.827  -20.886  45.981 0.0000000000
60784  5.436  -21.395  45.829 0.0000000000
60795  5.263  -21.494  44.932 0.0000000000
60796  4.336  -21.610  44.708 0.0000000000
60786  3.612  -21.722  45.470 0.0000000000
60787  2.758  -21.843  45.603 0.0000000000
59594  1.609  -22.862  44.741 0.0000000000
58472  1.562  -23.155  43.876 0.0000000000
59619  1.853  -22.929  42.831 0.0000000000
56171  1.773  -25.042  41.601 0.0000000000
55000  1.866  -26.131  40.137 0.0000000000
55001  1.498  -25.962  39.692 0.0000000000
56198  1.050  -25.310  39.329 0.0000000000
60862  1.716  -22.708  39.320 0.0000000000
60875  2.826  -22.471  38.421 0.0000000000
60876  2.028  -22.604  38.409 0.0000000000
60877  1.411  -22.828  38.526 0.0000000000
59697  0.690  -23.415  37.894 0.0000000000
73954  2.365  -10.426  46.100 0.0000000000
72678  2.450  -11.368  45.604 0.0000000000
73968  3.333  -10.376  45.124 0.0000000000
71460  2.207  -12.023  45.527 0.0000000000
71473  2.170  -12.593  44.946 0.0000000000
69223  1.472  -14.535  44.098 0.0000000000
68109  1.487  -14.977  43.566 0.0000000000
66995  1.527  -15.188  43.185 0.0000000000
67007  1.787  -15.758  42.648 0.0000000000
72724  1.761  -12.180  41.713 0.0000000000
72710  1.369  -12.967  41.568 0.0000000000
71524  1.259  -12.993  41.269 0.0000000000
70323  1.304  -13.493  41.758 0.0000000000
68130  1.384  -14.692  42.107 0.0000000000
67018  1.837  -15.806  42.203 0.0000000000
65806  2.131  -16.098  42.272 0.0000000000
65820  2.569  -16.427  41.786 0.0000000000
64480  2.800  -17.030  39.923 0.0000000000
63282  3.436  -19.063  37.134 0.0000000000
65879  1.739  -16.062  37.960 0.0000000000
64507  2.017  -17.597  37.197 0.0000000000
63284  2.184  -18.333  36.874 0.0000000000
63297  3.222  -19.546  36.354 0.0000000000
51570  1.230  -30.007  48.737 0.0000000000
51630  3.440  -29.295  44.439 0.0000000000
52709  2.244  -29.061  46.971 0.0000000000
53629  4.218  -26.251  55.888 0.0000000000
53774  2.838  -27.843  47.071 0.0000000000
53815  3.303  -26.647  44.146 0.0000000000
53849  2.930  -26.152  42.902 0.0000000000
56118  1.524  -24.191  45.218 0.0000000000
57195  7.104  -23.168  56.418 0.0000000000
57334  1.183  -24.228  40.226 0.0000000000
58386  9.748  -23.091  50.314 0.0000000000
58485  1.709  -23.308  42.507 0.0000000000
58499  1.432  -23.699  40.505 0.0000000000
59432  6.055  -22.423  56.801 0.0000000000
59475  9.807  -22.503  54.484 0.0000000000
59678  3.268  -22.366  38.007 0.0000000000
59693  3.282  -22.302  37.621 0.0000000000
60726  4.219  -21.387  48.928 0.0000000000
60744  1.741  -22.502  48.716 0.0000000000
60757  5.193  -21.207  47.068 0.0000000000
60785  4.649  -21.690  45.657 0.0000000000
60798  2.108  -22.331  44.616 0.0000000000
60806  5.047  -21.498  43.992 0.0000000000
60820  3.261  -21.948  42.607 0.0000000000
60830  4.825  -21.621  42.074 0.0000000000
60835  2.000  -22.884  40.840 0.0000000000
60845  2.438  -22.385  40.363 0.0000000000
60859  3.915  -22.128  39.676 0.0000000000
62025  5.701  -20.362  46.496 0.0000000000
62033  2.533  -21.909  44.895 0.0000000000
62038  6.417  -19.892  44.035 0.0000000000
62041  2.520  -22.054  44.362 0.0000000000
62048  6.279  -20.590  43.542 0.0000000000
62049  2.735  -22.001  43.944 0.0000000000
62050  2.486  -22.197  43.933 0.0000000000
62051  2.281  -22.336  43.955 0.0000000000
62057  6.562  -20.053  42.895 0.0000000000
62070  6.431  -20.248  41.396 0.0000000000
62071  6.222  -20.591  40.888 0.0000000000
62091  5.655  -20.612  39.589 0.0000000000
63110  11.759  -19.571  57.211 0.0000000000
63119  9.884  -18.735  56.910 0.0000000000
63129  10.025  -18.617  56.665 0.0000000000
63130  9.900  -18.658  56.798 0.0000000000
63180  5.367  -20.001  48.326 0.0000000000
63187  5.398  -19.900  47.796 0.0000000000
63211  6.340  -19.564  43.933 0.0000000000
63226  6.552  -19.447  42.253 0.0000000000
63233  6.364  -19.240  40.948 0.0000000000
63243  6.519  -20.039  40.983 0.0000000000
63266  5.594  -20.098  39.142 0.0000000000
63267  5.191  -19.873  38.558 0.0000000000
64299  12.636  -19.309  56.790 0.0000000000
64366  4.037  -18.890  51.217 0.0000000000
64397  4.169  -18.079  47.575 0.0000000000
64412  4.465  -18.031  45.996 0.0000000000
64418  5.658  -18.490  44.099 0.0000000000
64436  6.371  -18.930  41.661 0.0000000000
64441  2.957  -16.613  42.492 0.0000000000
64447  6.029  -18.775  40.903 0.0000000000
64462  5.970  -19.013  40.242 0.0000000000
64490  4.110  -18.843  38.206 0.0000000000
65807  1.902  -15.848  41.876 0.0000000000
65839  1.754  -15.632  40.559 0.0000000000
65867  1.714  -15.946  38.286 0.0000000000
66878  1.693  -15.414  52.022 0.0000000000
67059  1.682  -15.694  39.445 0.0000000000
67094  1.816  -16.131  37.748 0.0000000000
68063  1.598  -15.424  48.453 0.0000000000
69313  1.267  -13.960  38.550 0.0000000000
70247  1.341  -12.998  47.563 0.0000000000
70297  1.458  -14.034  43.668 0.0000000000
70342  1.120  -13.414  41.194 0.0000000000
71507  1.262  -13.170  41.471 0.0000000000
72691  2.873  -11.515  44.755 0.0000000000
72709  1.574  -12.785  41.873 0.0000000000
72721  3.745  -11.183  43.014 0.0000000000
72735  1.280  -12.444  40.946 0.0000000000
74009  1.512  -11.824  41.196 0.0000000000
75247  1.845  -10.409  40.933 0.0000000000
