#!ascii label  , from subject sub-THP0005 vox2ras=TkReg
911
58470  17.134  -23.004  43.407 0.0000000000
64374  26.570  -17.849  49.253 0.0000000000
76733  37.085  -8.192  23.949 0.0000000000
69368  28.667  -14.753  33.510 0.0000000000
69230  25.834  -14.466  43.064 0.0000000000
83668  45.710  -2.225  14.660 0.0000000000
72938  37.631  -10.747  27.483 0.0000000000
71709  33.468  -12.095  26.958 0.0000000000
56156  13.411  -25.603  42.304 0.0000000000
59565  22.276  -21.240  46.379 0.0000000000
58452  25.198  -22.080  43.835 0.0000000000
59640  20.176  -21.857  40.321 0.0000000000
76785  43.019  -8.463  19.626 0.0000000000
58418  19.075  -22.608  48.491 0.0000000000
57273  14.768  -23.416  47.184 0.0000000000
79085  42.023  -6.445  23.446 0.0000000000
57277  10.725  -24.123  47.061 0.0000000000
53784  7.271  -27.665  46.814 0.0000000000
72844  30.975  -10.637  32.220 0.0000000000
68186  27.974  -14.456  37.760 0.0000000000
63254  26.376  -19.677  39.082 0.0000000000
60828  27.473  -21.241  41.725 0.0000000000
72896  37.227  -10.312  29.372 0.0000000000
71688  35.800  -11.457  27.653 0.0000000000
72899  34.813  -10.436  28.942 0.0000000000
75491  40.073  -9.001  28.995 0.0000000000
57342  16.366  -24.339  40.295 0.0000000000
54997  14.565  -26.282  40.422 0.0000000000
57312  15.462  -24.215  43.085 0.0000000000
59592  19.524  -21.689  44.523 0.0000000000
59603  20.556  -21.453  43.542 0.0000000000
59617  18.427  -22.218  41.886 0.0000000000
59661  17.719  -23.100  39.157 0.0000000000
77926  37.343  -7.512  22.483 0.0000000000
77880  39.011  -7.208  25.439 0.0000000000
79088  39.111  -6.497  23.382 0.0000000000
77938  40.006  -6.830  21.176 0.0000000000
58397  13.924  -22.832  49.320 0.0000000000
57275  12.500  -23.326  46.752 0.0000000000
58384  11.093  -22.473  49.688 0.0000000000
54797  7.176  -26.268  51.503 0.0000000000
54822  8.270  -25.908  49.247 0.0000000000
51544  6.519  -28.302  48.747 0.0000000000
50391  5.629  -29.925  48.654 0.0000000000
50381  4.642  -30.559  50.662 0.0000000000
69290  29.501  -13.387  39.486 0.0000000000
69276  26.967  -13.677  39.946 0.0000000000
67053  25.142  -16.173  38.803 0.0000000000
67023  25.336  -16.976  41.549 0.0000000000
58507  23.774  -23.545  40.924 0.0000000000
58477  26.417  -22.427  42.771 0.0000000000
58506  25.658  -23.945  39.868 0.0000000000
58521  26.870  -23.024  39.519 0.0000000000
71615  29.575  -12.577  33.105 0.0000000000
71655  29.723  -11.866  29.883 0.0000000000
69408  27.886  -14.372  30.971 0.0000000000
83679  49.379  -2.224  11.543 0.0000000000
82575  46.828  -2.681  12.793 0.0000000000
75523  37.361  -9.287  25.647 0.0000000000
72979  35.519  -11.258  25.513 0.0000000000
77853  39.707  -8.021  27.217 0.0000000000
60735  25.187  -20.825  47.973 0.0000000000
60733  26.058  -20.445  47.284 0.0000000000
59578  23.839  -21.442  45.093 0.0000000000
58481  22.953  -22.474  42.166 0.0000000000
59690  21.704  -22.510  38.319 0.0000000000
77935  44.975  -7.836  21.263 0.0000000000
79131  45.210  -6.190  20.070 0.0000000000
80321  44.308  -5.392  18.806 0.0000000000
82565  43.520  -3.828  16.016 0.0000000000
58444  17.458  -22.879  45.522 0.0000000000
57294  16.113  -23.459  45.693 0.0000000000
57270  16.872  -23.060  47.882 0.0000000000
59567  19.913  -21.845  47.073 0.0000000000
76745  42.607  -8.075  21.917 0.0000000000
56112  14.068  -23.805  44.981 0.0000000000
56114  12.246  -24.493  44.627 0.0000000000
54893  9.415  -25.804  44.579 0.0000000000
57253  9.392  -24.127  49.527 0.0000000000
54851  9.094  -25.659  46.790 0.0000000000
48108  2.219  -31.825  51.162 0.0000000000
74179  33.386  -9.573  31.139 0.0000000000
69358  29.961  -13.982  35.295 0.0000000000
69337  29.967  -14.067  37.113 0.0000000000
68229  28.454  -15.540  35.336 0.0000000000
67093  25.384  -16.545  36.556 0.0000000000
63279  24.457  -19.063  36.980 0.0000000000
60911  26.395  -21.338  36.458 0.0000000000
62024  27.055  -20.125  45.979 0.0000000000
64416  27.231  -18.894  44.279 0.0000000000
65792  26.424  -17.884  43.047 0.0000000000
63241  27.116  -20.264  40.500 0.0000000000
59689  27.113  -22.383  37.917 0.0000000000
72902  31.977  -10.810  29.316 0.0000000000
71712  30.197  -12.429  27.301 0.0000000000
74199  36.866  -9.609  29.990 0.0000000000
72877  35.810  -10.195  29.727 0.0000000000
72860  35.351  -9.794  30.244 0.0000000000
74197  38.673  -9.305  29.883 0.0000000000
58484  16.703  -23.464  41.667 0.0000000000
56168  15.623  -24.565  41.363 0.0000000000
57311  16.206  -23.683  43.512 0.0000000000
58469  17.978  -22.462  43.768 0.0000000000
59605  18.677  -22.153  42.992 0.0000000000
58483  17.386  -22.823  42.104 0.0000000000
58496  17.287  -22.979  40.982 0.0000000000
76746  36.736  -8.022  23.056 0.0000000000
76721  37.998  -7.984  25.220 0.0000000000
77894  38.826  -6.991  24.527 0.0000000000
77895  38.255  -7.516  24.331 0.0000000000
77910  38.055  -7.195  23.101 0.0000000000
53726  6.799  -27.073  51.120 0.0000000000
52640  6.786  -27.624  49.708 0.0000000000
52641  6.246  -28.198  50.013 0.0000000000
51545  5.985  -28.905  49.097 0.0000000000
50379  5.420  -29.697  49.519 0.0000000000
50392  5.126  -30.504  49.156 0.0000000000
69257  27.757  -13.156  40.701 0.0000000000
69259  26.189  -14.023  40.921 0.0000000000
68135  25.314  -15.454  41.328 0.0000000000
65660  26.469  -17.269  48.801 0.0000000000
57352  23.334  -23.779  39.203 0.0000000000
57339  24.887  -24.144  39.988 0.0000000000
57351  24.040  -24.194  39.019 0.0000000000
57350  24.878  -24.257  38.722 0.0000000000
70448  29.029  -13.531  33.309 0.0000000000
70464  28.675  -13.239  32.111 0.0000000000
83664  45.441  -2.169  15.756 0.0000000000
84752  46.988  -1.591  15.404 0.0000000000
83666  47.282  -1.887  14.039 0.0000000000
83673  47.663  -2.115  13.082 0.0000000000
83674  46.631  -2.285  13.634 0.0000000000
74279  37.889  -9.899  26.636 0.0000000000
74293  36.325  -10.303  25.628 0.0000000000
72958  36.763  -10.742  26.602 0.0000000000
71708  34.312  -11.989  27.056 0.0000000000
71727  34.402  -12.435  26.362 0.0000000000
70541  33.446  -12.377  26.617 0.0000000000
74237  38.899  -9.957  27.942 0.0000000000
74259  38.724  -9.864  27.403 0.0000000000
75513  38.340  -9.341  26.491 0.0000000000
56170  14.204  -25.684  41.382 0.0000000000
54951  11.951  -26.196  41.899 0.0000000000
60754  23.852  -21.190  47.709 0.0000000000
59549  24.084  -21.307  46.762 0.0000000000
59579  22.746  -21.244  45.305 0.0000000000
59628  20.274  -21.787  41.403 0.0000000000
59613  22.426  -21.734  42.810 0.0000000000
59639  21.034  -21.997  40.681 0.0000000000
59656  21.701  -22.325  40.048 0.0000000000
59657  20.954  -22.067  39.660 0.0000000000
59659  19.224  -22.308  38.961 0.0000000000
65911  25.242  -17.555  33.758 0.0000000000
76767  44.309  -8.273  20.960 0.0000000000
77948  44.679  -7.576  20.606 0.0000000000
76784  43.822  -7.888  19.950 0.0000000000
79143  43.713  -6.351  18.150 0.0000000000
79144  43.514  -5.869  17.698 0.0000000000
81473  43.245  -4.852  17.154 0.0000000000
58431  18.227  -22.584  46.989 0.0000000000
58420  17.475  -22.884  47.480 0.0000000000
58419  18.254  -22.781  47.996 0.0000000000
59553  19.845  -22.142  48.100 0.0000000000
58442  18.997  -22.076  46.511 0.0000000000
77921  43.334  -8.146  22.637 0.0000000000
77923  41.894  -7.246  22.156 0.0000000000
77950  40.582  -7.353  20.492 0.0000000000
57284  15.419  -23.543  46.364 0.0000000000
57295  15.196  -23.726  45.176 0.0000000000
57285  14.368  -23.529  45.965 0.0000000000
57276  11.410  -23.683  46.806 0.0000000000
56103  12.337  -24.039  45.367 0.0000000000
56104  11.263  -24.289  45.758 0.0000000000
56116  10.758  -25.157  44.363 0.0000000000
56105  10.390  -24.928  45.383 0.0000000000
56042  8.660  -24.496  50.639 0.0000000000
53765  7.745  -26.754  47.979 0.0000000000
54832  8.302  -26.146  48.323 0.0000000000
53772  7.785  -27.005  47.072 0.0000000000
54873  8.316  -26.557  46.181 0.0000000000
71603  30.201  -12.410  34.825 0.0000000000
69291  28.922  -13.684  39.086 0.0000000000
70379  30.054  -13.225  38.572 0.0000000000
69322  29.400  -14.495  37.467 0.0000000000
69338  29.568  -14.658  36.600 0.0000000000
68204  28.078  -14.900  37.137 0.0000000000
67105  27.122  -15.703  36.422 0.0000000000
67091  27.043  -15.012  37.109 0.0000000000
64476  25.093  -18.233  38.923 0.0000000000
65865  24.825  -17.517  38.329 0.0000000000
63265  25.599  -19.419  38.107 0.0000000000
62112  25.872  -20.572  36.781 0.0000000000
62103  26.337  -20.558  37.488 0.0000000000
59561  25.526  -21.587  45.545 0.0000000000
60749  26.653  -20.499  46.152 0.0000000000
59559  26.187  -21.362  45.313 0.0000000000
59612  26.927  -22.208  42.421 0.0000000000
62037  27.703  -20.614  44.132 0.0000000000
62046  27.655  -20.622  43.185 0.0000000000
64426  26.952  -18.445  43.515 0.0000000000
64434  27.127  -19.491  42.277 0.0000000000
64445  26.688  -19.038  41.796 0.0000000000
62063  27.424  -20.775  41.349 0.0000000000
58558  26.559  -23.829  37.465 0.0000000000
58537  26.993  -23.154  38.238 0.0000000000
74158  32.467  -9.648  31.867 0.0000000000
74203  32.771  -9.835  30.255 0.0000000000
72862  31.361  -10.493  31.114 0.0000000000
71696  28.353  -12.927  28.692 0.0000000000
71673  29.710  -11.934  28.896 0.0000000000
83685  49.752  -2.363  11.172 0.0000000000
72917  37.580  -10.860  28.299 0.0000000000
72940  36.270  -11.424  27.390 0.0000000000
71668  36.078  -11.187  28.311 0.0000000000
71669  35.371  -10.952  28.223 0.0000000000
71670  34.445  -10.825  28.194 0.0000000000
75459  39.565  -8.931  30.119 0.0000000000
74219  38.156  -10.269  29.202 0.0000000000
56183  15.776  -25.257  40.156 0.0000000000
56169  14.753  -25.374  41.065 0.0000000000
56155  13.979  -25.464  42.100 0.0000000000
59581  20.051  -21.526  45.812 0.0000000000
59591  20.881  -21.295  44.620 0.0000000000
59604  19.544  -21.774  43.280 0.0000000000
59616  19.424  -21.822  42.195 0.0000000000
59629  19.348  -21.917  41.075 0.0000000000
59642  18.516  -22.370  39.700 0.0000000000
59631  17.879  -22.598  40.333 0.0000000000
58511  16.898  -23.800  39.865 0.0000000000
76786  42.181  -8.461  19.406 0.0000000000
58392  18.524  -22.820  49.800 0.0000000000
79059  40.112  -5.854  25.621 0.0000000000
79075  40.344  -5.711  24.201 0.0000000000
79087  39.981  -6.087  23.197 0.0000000000
79097  41.321  -6.726  22.316 0.0000000000
79099  39.549  -6.420  22.567 0.0000000000
77939  38.823  -6.828  21.393 0.0000000000
58409  14.402  -23.101  48.599 0.0000000000
57274  13.545  -23.245  47.185 0.0000000000
58410  13.502  -22.951  48.318 0.0000000000
58411  12.440  -22.836  48.258 0.0000000000
58413  10.874  -23.385  48.047 0.0000000000
56043  8.315  -25.262  50.390 0.0000000000
54809  7.362  -26.436  50.781 0.0000000000
53758  7.232  -27.111  49.311 0.0000000000
52683  6.790  -27.926  48.237 0.0000000000
51567  6.446  -28.801  48.006 0.0000000000
69275  28.225  -13.336  40.114 0.0000000000
69293  26.721  -14.117  39.151 0.0000000000
68188  26.234  -14.965  38.264 0.0000000000
69294  25.924  -14.730  39.254 0.0000000000
67037  25.056  -16.551  39.780 0.0000000000
64461  25.830  -18.633  40.252 0.0000000000
58479  24.487  -22.983  42.337 0.0000000000
58464  25.829  -22.419  43.158 0.0000000000
57320  25.158  -23.157  42.001 0.0000000000
58491  25.964  -23.318  41.261 0.0000000000
58504  26.782  -22.967  40.842 0.0000000000
59637  27.385  -22.237  40.535 0.0000000000
58522  26.103  -23.840  39.304 0.0000000000
57367  25.871  -24.236  37.587 0.0000000000
72831  30.409  -11.347  32.726 0.0000000000
72845  30.480  -11.159  31.802 0.0000000000
71640  28.799  -12.669  31.439 0.0000000000
71657  28.309  -12.987  30.821 0.0000000000
83671  49.305  -1.702  12.374 0.0000000000
83681  48.175  -2.245  12.457 0.0000000000
75531  36.969  -8.883  24.944 0.0000000000
75540  35.745  -9.232  23.537 0.0000000000
74302  35.964  -10.008  25.013 0.0000000000
71706  35.699  -11.604  26.843 0.0000000000
71746  34.583  -12.531  25.447 0.0000000000
76681  40.646  -8.380  28.941 0.0000000000
77844  40.679  -7.870  28.331 0.0000000000
77852  40.355  -7.411  27.560 0.0000000000
77866  39.473  -7.654  26.655 0.0000000000
76710  38.441  -8.318  25.816 0.0000000000
62001  25.672  -19.677  48.972 0.0000000000
63178  26.655  -18.889  48.345 0.0000000000
60734  25.745  -20.733  47.633 0.0000000000
59547  25.448  -21.596  46.325 0.0000000000
58453  24.776  -21.892  43.822 0.0000000000
59601  22.647  -21.416  43.621 0.0000000000
58468  23.445  -21.870  42.994 0.0000000000
58467  24.333  -22.248  42.898 0.0000000000
58494  23.376  -23.127  41.499 0.0000000000
58524  22.805  -23.209  39.516 0.0000000000
58560  22.252  -23.102  37.654 0.0000000000
80312  45.548  -5.331  19.741 0.0000000000
77976  43.877  -7.208  18.962 0.0000000000
80313  44.919  -5.685  19.416 0.0000000000
81459  45.073  -4.417  18.988 0.0000000000
82551  44.726  -3.767  18.279 0.0000000000
82563  44.780  -2.971  17.017 0.0000000000
82571  44.778  -2.732  14.878 0.0000000000
82572  44.310  -3.617  14.307 0.0000000000
58457  17.342  -22.885  44.518 0.0000000000
57310  16.698  -23.312  44.268 0.0000000000
57300  16.769  -23.274  45.133 0.0000000000
57283  16.234  -23.488  46.711 0.0000000000
57261  15.945  -23.418  48.214 0.0000000000
58393  17.742  -23.102  49.514 0.0000000000
57251  15.662  -23.314  48.770 0.0000000000
58382  14.487  -22.640  50.187 0.0000000000
63164  26.373  -18.396  49.705 0.0000000000
60705  25.225  -19.916  49.191 0.0000000000
60722  24.361  -20.740  49.164 0.0000000000
60755  22.985  -21.308  48.057 0.0000000000
60756  22.299  -21.362  48.429 0.0000000000
59566  21.032  -21.372  46.695 0.0000000000
58456  18.258  -22.314  44.850 0.0000000000
76742  44.729  -8.424  22.822 0.0000000000
76756  43.743  -8.491  21.613 0.0000000000
76769  42.581  -8.395  20.457 0.0000000000
77937  40.983  -6.985  21.489 0.0000000000
76770  41.586  -7.883  20.279 0.0000000000
57302  15.401  -23.960  44.090 0.0000000000
56139  14.750  -24.387  43.584 0.0000000000
56125  13.989  -24.362  44.126 0.0000000000
57286  13.313  -23.536  46.132 0.0000000000
56113  13.177  -24.220  44.711 0.0000000000
56142  12.565  -25.369  43.062 0.0000000000
54910  11.772  -25.264  43.471 0.0000000000
54912  10.292  -25.634  43.692 0.0000000000
58385  10.348  -22.792  49.978 0.0000000000
56076  9.671  -24.418  48.384 0.0000000000
56077  9.221  -25.030  48.077 0.0000000000
56094  9.289  -25.258  47.414 0.0000000000
54872  9.045  -25.778  45.605 0.0000000000
49265  3.325  -30.966  51.282 0.0000000000
74177  35.080  -9.506  30.931 0.0000000000
72830  30.653  -10.941  33.362 0.0000000000
71614  30.028  -12.098  33.646 0.0000000000
70433  29.729  -13.261  34.461 0.0000000000
69367  29.004  -14.251  34.083 0.0000000000
69350  30.068  -14.071  36.157 0.0000000000
69351  29.542  -14.667  35.651 0.0000000000
68239  28.270  -15.674  34.155 0.0000000000
68230  27.955  -16.035  35.005 0.0000000000
67107  25.675  -16.841  35.542 0.0000000000
65889  24.862  -17.258  35.985 0.0000000000
67073  25.232  -16.379  37.645 0.0000000000
65876  24.564  -17.342  37.081 0.0000000000
64516  24.261  -18.522  35.793 0.0000000000
63294  24.857  -19.790  36.444 0.0000000000
60929  26.047  -21.518  35.601 0.0000000000
69215  25.825  -14.973  43.744 0.0000000000
63186  26.860  -19.120  47.438 0.0000000000
64395  27.099  -18.586  46.989 0.0000000000
65723  27.068  -18.039  46.535 0.0000000000
59586  26.824  -21.854  44.457 0.0000000000
63206  27.481  -19.788  44.708 0.0000000000
65739  27.048  -18.057  45.634 0.0000000000
66986  26.546  -17.003  44.618 0.0000000000
66999  26.054  -16.888  43.494 0.0000000000
67000  25.701  -16.213  43.035 0.0000000000
65812  25.766  -17.772  41.946 0.0000000000
64460  26.498  -19.378  40.532 0.0000000000
63253  26.811  -20.029  39.395 0.0000000000
60856  27.617  -21.536  39.521 0.0000000000
62080  27.336  -20.776  39.430 0.0000000000
62089  26.938  -20.706  38.546 0.0000000000
60910  26.861  -21.704  36.871 0.0000000000
74201  34.220  -9.631  30.423 0.0000000000
72880  33.182  -9.886  29.621 0.0000000000
72920  32.520  -11.026  28.692 0.0000000000
72883  30.468  -11.306  30.122 0.0000000000
72922  31.035  -11.569  28.578 0.0000000000
71711  31.105  -12.217  27.087 0.0000000000
82583  45.479  -4.036  12.552 0.0000000000
74175  36.640  -9.067  30.628 0.0000000000
72858  36.113  -9.563  30.453 0.0000000000
74174  37.766  -8.890  30.390 0.0000000000
58471  16.659  -23.407  42.621 0.0000000000
57322  16.013  -24.081  42.299 0.0000000000
58482  17.918  -22.532  42.850 0.0000000000
76734  36.418  -8.640  23.755 0.0000000000
77896  37.591  -7.939  24.138 0.0000000000
77911  37.510  -7.717  23.500 0.0000000000
52622  6.093  -27.989  51.077 0.0000000000
52621  6.629  -27.560  50.422 0.0000000000
51527  5.503  -29.056  50.450 0.0000000000
70318  26.288  -13.737  42.258 0.0000000000
69244  26.633  -13.566  41.490 0.0000000000
69245  25.866  -14.397  41.955 0.0000000000
68124  25.572  -15.481  42.588 0.0000000000
65641  26.413  -17.072  49.355 0.0000000000
57370  23.464  -23.794  38.233 0.0000000000
57369  24.164  -24.160  37.882 0.0000000000
70449  28.623  -14.309  32.944 0.0000000000
83663  46.291  -1.783  15.527 0.0000000000
83667  46.642  -1.918  14.582 0.0000000000
83675  46.053  -2.290  14.031 0.0000000000
74261  37.544  -10.588  27.123 0.0000000000
72939  37.010  -10.957  27.235 0.0000000000
71690  33.919  -11.427  27.651 0.0000000000
70542  33.132  -12.409  26.554 0.0000000000
71710  32.294  -12.182  26.828 0.0000000000
74238  38.453  -10.416  28.352 0.0000000000
74260  38.165  -10.258  27.299 0.0000000000
75503  38.607  -9.732  27.110 0.0000000000
54949  13.530  -25.720  41.980 0.0000000000
54974  13.772  -26.023  41.322 0.0000000000
54950  12.946  -25.797  42.137 0.0000000000
59550  23.089  -21.301  47.090 0.0000000000
59564  23.424  -21.204  46.066 0.0000000000
59627  21.199  -21.859  41.686 0.0000000000
59658  20.110  -22.016  39.234 0.0000000000
65898  24.514  -17.972  34.443 0.0000000000
76768  43.433  -8.546  20.662 0.0000000000
79160  43.493  -6.122  17.241 0.0000000000
58430  19.044  -22.378  47.525 0.0000000000
77908  42.390  -7.037  23.042 0.0000000000
77909  41.908  -6.916  22.717 0.0000000000
57272  15.664  -23.531  47.402 0.0000000000
56092  10.827  -24.187  46.637 0.0000000000
56093  10.029  -24.655  46.934 0.0000000000
57232  8.657  -23.918  51.456 0.0000000000
53773  7.214  -27.414  47.670 0.0000000000
53783  7.709  -27.300  46.294 0.0000000000
68166  28.487  -14.128  38.306 0.0000000000
69308  29.155  -14.130  38.198 0.0000000000
68185  28.778  -14.644  37.711 0.0000000000
67090  27.657  -14.973  36.936 0.0000000000
68205  27.543  -14.683  37.417 0.0000000000
64475  25.774  -18.911  39.340 0.0000000000
64488  25.712  -19.205  38.557 0.0000000000
63264  26.156  -19.747  38.367 0.0000000000
58440  25.201  -21.787  44.611 0.0000000000
59575  25.713  -21.533  45.306 0.0000000000
58439  25.590  -21.695  44.793 0.0000000000
59624  27.278  -21.731  42.100 0.0000000000
60816  27.504  -21.208  42.645 0.0000000000
62056  27.482  -20.669  42.258 0.0000000000
63217  27.468  -20.016  42.744 0.0000000000
63225  27.298  -20.181  41.863 0.0000000000
74159  31.744  -10.097  31.648 0.0000000000
74181  31.872  -10.147  31.140 0.0000000000
72897  36.502  -10.727  28.974 0.0000000000
72898  35.660  -10.588  28.973 0.0000000000
76654  40.730  -8.460  30.463 0.0000000000
74198  37.477  -9.600  29.829 0.0000000000
56153  15.484  -24.384  42.152 0.0000000000
56154  14.899  -24.639  42.379 0.0000000000
59630  18.553  -22.242  40.690 0.0000000000
59618  17.904  -22.560  41.204 0.0000000000
58497  16.798  -23.614  40.663 0.0000000000
77865  39.787  -6.765  26.341 0.0000000000
77879  39.553  -6.506  25.636 0.0000000000
79077  38.823  -6.890  24.011 0.0000000000
79076  39.294  -6.456  24.276 0.0000000000
77925  38.043  -7.051  22.158 0.0000000000
58398  12.755  -22.623  49.220 0.0000000000
58399  11.551  -22.604  49.131 0.0000000000
58412  11.407  -23.197  47.822 0.0000000000
58400  10.681  -23.186  48.600 0.0000000000
54784  7.525  -25.580  51.722 0.0000000000
54796  7.724  -25.747  50.981 0.0000000000
53744  7.215  -26.938  50.165 0.0000000000
52663  6.868  -27.752  49.000 0.0000000000
53766  7.225  -27.233  48.529 0.0000000000
51568  6.056  -29.515  48.205 0.0000000000
50380  5.045  -30.198  50.235 0.0000000000
49299  4.779  -31.039  49.762 0.0000000000
69258  27.165  -13.403  40.688 0.0000000000
69292  27.853  -13.722  39.063 0.0000000000
69277  25.878  -14.417  40.054 0.0000000000
67036  25.109  -16.670  40.679 0.0000000000
65831  25.184  -17.412  40.233 0.0000000000
65830  25.520  -18.044  40.934 0.0000000000
58493  24.109  -23.343  41.666 0.0000000000
57321  24.739  -23.373  41.771 0.0000000000
57331  24.431  -23.713  40.938 0.0000000000
57330  25.193  -23.618  41.214 0.0000000000
58492  25.589  -23.801  40.522 0.0000000000
58490  26.502  -22.676  41.837 0.0000000000
58505  26.182  -23.532  40.223 0.0000000000
58539  25.659  -24.167  38.497 0.0000000000
71625  29.924  -11.903  32.496 0.0000000000
71626  29.251  -12.558  32.323 0.0000000000
70479  28.245  -13.661  31.416 0.0000000000
71641  28.395  -13.067  31.351 0.0000000000
70494  27.786  -13.758  30.304 0.0000000000
82574  47.415  -2.556  12.618 0.0000000000
82581  47.688  -2.875  12.000 0.0000000000
81499  46.863  -4.017  11.441 0.0000000000
75532  36.327  -9.413  24.750 0.0000000000
75524  36.704  -9.689  25.487 0.0000000000
72978  35.913  -10.835  25.777 0.0000000000
74294  35.808  -10.714  25.456 0.0000000000
71745  35.050  -12.038  24.985 0.0000000000
72919  36.267  -11.496  27.746 0.0000000000
70558  34.076  -12.729  26.230 0.0000000000
70579  34.076  -12.852  25.861 0.0000000000
75478  40.255  -8.812  29.783 0.0000000000
76680  41.180  -8.062  29.444 0.0000000000
76693  39.757  -8.509  27.732 0.0000000000
76692  40.327  -8.204  28.204 0.0000000000
76702  39.230  -8.471  26.916 0.0000000000
75522  38.028  -8.897  25.850 0.0000000000
76711  37.864  -8.567  25.480 0.0000000000
60720  25.615  -20.201  48.446 0.0000000000
59563  24.391  -21.458  45.796 0.0000000000
59548  24.873  -21.571  46.526 0.0000000000
59562  25.008  -21.664  45.505 0.0000000000
59588  24.239  -21.563  44.314 0.0000000000
59602  21.691  -21.321  43.630 0.0000000000
59590  22.134  -21.243  44.515 0.0000000000
59626  22.109  -22.089  41.918 0.0000000000
58480  23.770  -22.804  42.313 0.0000000000
58495  22.601  -22.766  41.252 0.0000000000
59672  21.665  -22.364  39.137 0.0000000000
58509  22.375  -22.794  40.310 0.0000000000
58541  22.315  -22.772  38.738 0.0000000000
59660  18.377  -22.763  38.855 0.0000000000
58526  17.900  -23.388  38.553 0.0000000000
77934  45.743  -7.568  21.844 0.0000000000
77963  45.037  -6.924  20.534 0.0000000000
79119  45.655  -6.656  20.867 0.0000000000
79130  45.722  -5.688  20.167 0.0000000000
76801  43.280  -8.082  18.590 0.0000000000
79132  44.395  -6.316  19.238 0.0000000000
80320  45.089  -5.150  19.256 0.0000000000
81460  43.915  -4.504  18.026 0.0000000000
81472  43.608  -4.077  16.994 0.0000000000
82564  43.933  -3.408  16.508 0.0000000000
82567  44.601  -2.718  16.064 0.0000000000
82568  43.888  -3.442  15.417 0.0000000000
57282  16.846  -23.169  47.029 0.0000000000
57271  16.347  -23.365  47.613 0.0000000000
58394  16.783  -23.203  49.178 0.0000000000
58395  15.936  -23.175  49.388 0.0000000000
58396  15.016  -23.101  49.246 0.0000000000
61982  25.725  -19.255  49.756 0.0000000000
60737  23.745  -21.108  48.629 0.0000000000
59552  20.761  -21.635  47.773 0.0000000000
59551  21.971  -21.347  47.553 0.0000000000
58443  18.224  -22.519  45.982 0.0000000000
75541  35.522  -9.909  24.147 0.0000000000
76744  43.193  -8.343  22.138 0.0000000000
76757  42.935  -8.487  21.377 0.0000000000
79110  40.353  -6.687  21.696 0.0000000000
77924  41.245  -6.829  22.062 0.0000000000
77949  41.241  -7.378  20.857 0.0000000000
57301  16.072  -23.543  44.646 0.0000000000
56111  14.669  -23.808  44.931 0.0000000000
56124  14.696  -24.034  44.471 0.0000000000
56126  13.142  -24.727  43.858 0.0000000000
56127  12.225  -25.066  43.650 0.0000000000
56128  11.412  -25.144  43.900 0.0000000000
54892  10.112  -25.346  44.676 0.0000000000
56129  10.946  -25.287  43.847 0.0000000000
54913  9.163  -26.702  43.641 0.0000000000
57242  9.402  -23.692  50.100 0.0000000000
57252  9.781  -23.839  49.141 0.0000000000
56058  9.478  -24.372  48.963 0.0000000000
56060  8.389  -25.530  49.797 0.0000000000
54852  8.368  -26.316  47.379 0.0000000000
54821  8.737  -25.524  48.577 0.0000000000
54831  8.837  -25.665  47.781 0.0000000000
54850  9.625  -25.234  46.019 0.0000000000
50369  4.229  -30.448  51.184 0.0000000000
48090  2.409  -31.427  51.366 0.0000000000
49266  3.131  -31.100  51.235 0.0000000000
74132  32.349  -9.359  32.890 0.0000000000
71613  30.243  -11.618  34.308 0.0000000000
70434  29.292  -13.827  34.182 0.0000000000
69359  29.425  -14.314  34.751 0.0000000000
69321  29.681  -13.837  37.952 0.0000000000
68217  29.086  -15.159  36.109 0.0000000000
68228  29.109  -15.130  35.558 0.0000000000
69352  29.157  -14.986  35.139 0.0000000000
68240  28.108  -15.930  34.723 0.0000000000
67106  26.412  -16.284  36.038 0.0000000000
67052  25.579  -15.617  38.515 0.0000000000
67072  26.015  -15.392  37.944 0.0000000000
64502  24.572  -18.382  37.607 0.0000000000
64503  24.263  -18.348  36.706 0.0000000000
63295  24.330  -19.164  36.185 0.0000000000
60912  25.890  -20.994  36.065 0.0000000000
59704  26.819  -22.080  36.241 0.0000000000
62010  26.313  -19.814  47.575 0.0000000000
61999  26.594  -19.384  47.894 0.0000000000
62009  26.578  -19.470  47.454 0.0000000000
63192  27.084  -19.335  46.514 0.0000000000
64402  27.248  -18.784  46.136 0.0000000000
58463  26.512  -22.270  43.672 0.0000000000
58448  26.666  -22.040  44.312 0.0000000000
59599  27.154  -21.956  43.802 0.0000000000
64409  27.304  -18.957  45.262 0.0000000000
65758  27.178  -18.479  44.985 0.0000000000
65740  26.845  -17.501  45.203 0.0000000000
65759  26.969  -17.991  44.682 0.0000000000
64435  26.824  -18.732  42.674 0.0000000000
65776  26.718  -17.733  43.898 0.0000000000
67011  25.989  -17.336  42.919 0.0000000000
67012  25.613  -16.756  42.476 0.0000000000
65793  25.978  -17.663  42.567 0.0000000000
64459  26.922  -19.987  40.903 0.0000000000
65829  26.157  -18.551  41.539 0.0000000000
63242  27.060  -20.243  39.984 0.0000000000
60840  27.718  -21.746  40.106 0.0000000000
59655  27.490  -22.207  39.696 0.0000000000
60871  27.253  -21.530  38.661 0.0000000000
60890  26.944  -21.541  37.699 0.0000000000
62102  26.721  -20.849  37.830 0.0000000000
74178  34.258  -9.489  31.144 0.0000000000
74200  34.839  -9.641  30.505 0.0000000000
72881  32.189  -10.241  30.141 0.0000000000
72901  32.835  -10.427  28.950 0.0000000000
71639  29.758  -11.805  31.197 0.0000000000
72863  30.630  -11.045  30.890 0.0000000000
71694  29.860  -12.145  28.033 0.0000000000
72923  30.348  -11.807  28.527 0.0000000000
71693  30.699  -11.943  27.880 0.0000000000
71692  31.652  -11.767  27.826 0.0000000000
83684  50.142  -2.446  10.809 0.0000000000
83683  51.132  -2.101  10.640 0.0000000000
82576  45.408  -3.029  13.436 0.0000000000
82577  44.561  -3.945  13.584 0.0000000000
72875  36.990  -9.877  29.734 0.0000000000
72876  36.462  -9.923  29.894 0.0000000000
72878  35.053  -9.967  29.750 0.0000000000
57332  16.285  -24.012  41.261 0.0000000000
59593  18.728  -21.970  43.896 0.0000000000
77881  38.407  -7.723  25.232 0.0000000000
79089  38.589  -6.940  23.499 0.0000000000
58383  13.304  -22.396  50.247 0.0000000000
52664  6.493  -28.149  49.315 0.0000000000
51528  5.140  -29.695  50.770 0.0000000000
70337  27.360  -13.118  41.148 0.0000000000
57340  23.730  -24.055  40.105 0.0000000000
58523  25.453  -24.130  39.280 0.0000000000
70465  28.519  -14.072  32.344 0.0000000000
83661  45.390  -2.443  16.782 0.0000000000
83659  46.872  -1.679  16.996 0.0000000000
83660  46.285  -1.843  16.683 0.0000000000
84758  48.486  -1.461  13.637 0.0000000000
84759  47.870  -1.598  14.030 0.0000000000
75514  37.715  -9.688  26.319 0.0000000000
74292  36.896  -9.862  25.829 0.0000000000
74280  37.249  -10.239  26.457 0.0000000000
74281  36.625  -10.603  26.281 0.0000000000
72959  36.134  -11.093  26.403 0.0000000000
71689  34.868  -11.406  27.570 0.0000000000
71707  35.080  -11.901  26.961 0.0000000000
71728  33.984  -12.358  26.720 0.0000000000
70559  33.655  -12.624  26.339 0.0000000000
75492  39.549  -9.339  28.393 0.0000000000
75502  39.057  -9.326  27.315 0.0000000000
75512  38.912  -8.994  26.750 0.0000000000
54973  14.297  -25.817  41.011 0.0000000000
60736  24.508  -20.955  48.313 0.0000000000
60753  24.686  -21.268  47.429 0.0000000000
59615  20.408  -21.662  42.468 0.0000000000
59614  21.420  -21.611  42.670 0.0000000000
59638  21.821  -22.336  40.993 0.0000000000
59673  20.954  -22.245  38.656 0.0000000000
59691  21.151  -22.616  37.750 0.0000000000
59674  20.093  -22.449  38.151 0.0000000000
67133  25.929  -17.184  33.953 0.0000000000
77964  44.471  -7.015  19.924 0.0000000000
77984  43.753  -7.467  17.810 0.0000000000
80322  43.603  -5.449  18.018 0.0000000000
81461  43.419  -5.064  17.697 0.0000000000
81479  43.308  -4.506  16.200 0.0000000000
58432  17.482  -22.880  46.497 0.0000000000
58407  17.337  -23.084  48.506 0.0000000000
77907  43.504  -7.786  23.254 0.0000000000
77922  42.819  -7.824  22.528 0.0000000000
57296  14.598  -23.713  45.248 0.0000000000
58423  11.910  -23.231  47.171 0.0000000000
57287  12.416  -23.679  46.021 0.0000000000
57288  11.816  -23.877  45.934 0.0000000000
56115  11.371  -24.800  44.601 0.0000000000
54871  9.698  -25.363  45.268 0.0000000000
53757  7.734  -26.605  48.841 0.0000000000
71602  30.334  -11.807  35.103 0.0000000000
71588  30.427  -12.459  35.505 0.0000000000
70419  30.351  -13.154  35.644 0.0000000000
70368  29.851  -13.169  39.262 0.0000000000
69307  29.542  -13.607  38.758 0.0000000000
68203  28.980  -15.035  36.984 0.0000000000
68218  28.392  -15.324  36.438 0.0000000000
67116  27.851  -15.643  36.118 0.0000000000
67104  27.706  -15.238  36.662 0.0000000000
67092  26.125  -15.770  36.929 0.0000000000
65849  25.016  -17.597  39.424 0.0000000000
64489  25.195  -18.739  38.388 0.0000000000
63278  25.055  -19.395  37.502 0.0000000000
63277  25.784  -19.934  37.518 0.0000000000
59546  25.775  -21.493  46.168 0.0000000000
60750  26.271  -20.653  46.613 0.0000000000
60769  26.074  -21.270  46.272 0.0000000000
60768  26.400  -21.109  45.882 0.0000000000
60767  26.884  -20.832  45.564 0.0000000000
59611  27.257  -21.773  42.972 0.0000000000
63210  27.548  -19.884  43.715 0.0000000000
64417  27.043  -18.240  44.082 0.0000000000
64425  27.224  -19.251  43.193 0.0000000000
63231  27.181  -20.344  41.094 0.0000000000
62068  27.502  -20.807  40.503 0.0000000000
58538  26.407  -23.756  38.431 0.0000000000
58557  27.015  -23.281  37.201 0.0000000000
59703  27.051  -22.490  36.814 0.0000000000
74180  32.456  -9.873  30.934 0.0000000000
72861  31.954  -10.171  30.846 0.0000000000
72882  31.278  -10.797  30.151 0.0000000000
71674  28.969  -12.310  29.350 0.0000000000
82580  48.790  -2.674  11.444 0.0000000000
72918  36.597  -11.344  28.049 0.0000000000
71687  36.216  -11.431  27.974 0.0000000000
75479  39.587  -9.345  29.374 0.0000000000
74218  39.039  -10.015  28.919 0.0000000000
56184  15.223  -25.864  40.184 0.0000000000
59580  21.498  -21.256  45.559 0.0000000000
59641  19.309  -22.051  39.975 0.0000000000
59643  17.914  -22.712  39.556 0.0000000000
58510  17.316  -23.138  39.917 0.0000000000
58405  19.092  -22.628  49.359 0.0000000000
80250  40.955  -5.430  25.011 0.0000000000
79060  39.517  -6.243  25.051 0.0000000000
79074  41.489  -5.851  23.801 0.0000000000
79086  41.372  -6.435  22.941 0.0000000000
79098  40.590  -6.517  22.248 0.0000000000
79111  39.755  -6.577  21.860 0.0000000000
79100  38.727  -6.690  22.605 0.0000000000
79112  39.205  -6.562  22.101 0.0000000000
57262  15.134  -23.345  48.200 0.0000000000
57263  14.304  -23.211  47.899 0.0000000000
58421  12.993  -23.007  47.795 0.0000000000
58422  12.463  -23.096  47.479 0.0000000000
57264  11.102  -23.547  47.468 0.0000000000
57265  10.601  -23.783  47.796 0.0000000000
56030  8.148  -24.811  51.413 0.0000000000
54808  7.846  -26.057  50.135 0.0000000000
53743  7.654  -26.524  49.549 0.0000000000
52695  6.831  -28.196  47.354 0.0000000000
51585  6.629  -29.049  46.946 0.0000000000
70354  28.941  -13.152  40.423 0.0000000000
69274  29.219  -13.400  39.860 0.0000000000
68167  27.438  -14.161  38.366 0.0000000000
68187  26.891  -14.656  37.824 0.0000000000
68168  26.455  -14.608  38.574 0.0000000000
68169  25.685  -15.311  38.801 0.0000000000
68170  25.319  -15.754  39.257 0.0000000000
68149  25.277  -15.546  39.844 0.0000000000
65848  25.445  -18.145  40.076 0.0000000000
58466  24.952  -22.411  42.931 0.0000000000
58451  25.536  -22.128  43.961 0.0000000000
57308  25.214  -22.684  42.565 0.0000000000
57319  25.493  -22.774  42.390 0.0000000000
58478  25.909  -22.806  42.204 0.0000000000
57329  25.499  -23.172  41.808 0.0000000000
59625  27.104  -22.303  41.518 0.0000000000
59636  27.436  -21.783  41.322 0.0000000000
71656  28.961  -12.381  30.431 0.0000000000
71675  28.273  -12.884  29.825 0.0000000000
83672  48.604  -1.824  12.788 0.0000000000
83680  48.666  -2.231  12.060 0.0000000000
82588  47.711  -3.730  11.147 0.0000000000
76723  36.836  -8.663  24.448 0.0000000000
74303  35.585  -10.527  24.836 0.0000000000
71725  35.637  -11.519  26.387 0.0000000000
71726  35.189  -11.861  26.082 0.0000000000
76682  40.084  -8.716  28.462 0.0000000000
76709  38.972  -8.066  26.275 0.0000000000
76703  38.822  -8.676  26.422 0.0000000000
76722  37.470  -8.337  24.795 0.0000000000
63179  26.272  -19.042  48.910 0.0000000000
63171  26.472  -18.528  49.064 0.0000000000
62000  26.208  -19.594  48.454 0.0000000000
60719  26.040  -20.178  47.920 0.0000000000
60752  25.375  -21.315  47.164 0.0000000000
60751  25.907  -21.198  46.836 0.0000000000
59576  24.716  -21.741  44.942 0.0000000000
58441  24.999  -21.832  44.415 0.0000000000
59589  23.344  -21.405  44.202 0.0000000000
58454  24.125  -21.677  43.585 0.0000000000
58508  23.104  -23.387  40.496 0.0000000000
57341  23.142  -23.769  39.834 0.0000000000
58540  22.902  -23.310  38.496 0.0000000000
58559  22.965  -23.513  37.828 0.0000000000
59675  19.174  -22.874  38.281 0.0000000000
68247  28.250  -15.566  33.117 0.0000000000
81451  46.201  -4.436  19.721 0.0000000000
81452  45.509  -4.857  19.393 0.0000000000
81458  45.732  -3.901  19.180 0.0000000000
82550  45.455  -3.555  18.678 0.0000000000
82559  45.860  -3.043  18.396 0.0000000000
82560  45.220  -3.160  17.850 0.0000000000
82561  44.316  -3.597  17.476 0.0000000000
83657  45.355  -2.754  17.353 0.0000000000
57293  16.831  -23.253  46.094 0.0000000000
58406  18.376  -22.990  48.948 0.0000000000
58379  17.268  -22.999  50.212 0.0000000000
57260  16.622  -23.211  48.453 0.0000000000
57250  16.238  -23.290  48.799 0.0000000000
58365  14.067  -22.163  51.115 0.0000000000
64369  26.493  -17.689  49.803 0.0000000000
63172  26.128  -18.928  49.489 0.0000000000
60721  24.982  -20.475  48.810 0.0000000000
58455  18.917  -21.935  45.564 0.0000000000
76754  45.330  -8.218  22.468 0.0000000000
76755  44.693  -8.240  21.925 0.0000000000
76743  43.899  -8.376  22.553 0.0000000000
77936  41.655  -7.477  21.214 0.0000000000
76758  42.263  -7.968  21.252 0.0000000000
56140  13.991  -24.856  43.185 0.0000000000
56141  13.131  -25.331  42.903 0.0000000000
56101  13.760  -23.617  45.581 0.0000000000
56102  13.191  -23.819  45.431 0.0000000000
54931  12.087  -25.526  42.884 0.0000000000
54932  11.043  -25.839  42.625 0.0000000000
54911  11.274  -25.387  43.402 0.0000000000
56059  9.027  -24.771  49.357 0.0000000000
49283  4.174  -31.172  50.443 0.0000000000
48106  3.393  -31.697  50.607 0.0000000000
74176  35.725  -9.339  30.903 0.0000000000
74133  31.476  -10.023  32.589 0.0000000000
70447  29.566  -12.833  33.669 0.0000000000
69360  28.880  -14.957  34.480 0.0000000000
67131  27.618  -16.263  34.399 0.0000000000
67117  27.474  -16.103  35.522 0.0000000000
67118  26.629  -16.638  35.037 0.0000000000
67119  25.843  -17.068  34.549 0.0000000000
65897  25.085  -17.423  34.966 0.0000000000
65890  24.506  -17.909  35.402 0.0000000000
67071  26.607  -14.962  37.595 0.0000000000
65877  24.401  -17.828  36.224 0.0000000000
63311  24.190  -19.393  35.251 0.0000000000
62126  24.890  -20.471  35.486 0.0000000000
60930  25.520  -21.142  35.444 0.0000000000
62113  25.425  -20.507  36.185 0.0000000000
64381  26.697  -18.076  48.596 0.0000000000
64388  26.903  -18.343  47.828 0.0000000000
62017  26.584  -19.811  46.803 0.0000000000
65703  26.913  -17.766  47.311 0.0000000000
66957  26.814  -17.258  46.729 0.0000000000
58450  26.010  -22.172  44.092 0.0000000000
59572  26.764  -21.654  44.696 0.0000000000
62030  27.365  -20.560  45.078 0.0000000000
60793  27.381  -21.325  44.361 0.0000000000
63199  27.303  -19.614  45.640 0.0000000000
66972  26.928  -17.601  46.210 0.0000000000
66973  26.655  -16.919  45.815 0.0000000000
68113  26.060  -16.175  44.188 0.0000000000
68103  25.919  -15.399  44.169 0.0000000000
68114  25.749  -15.671  43.500 0.0000000000
65811  26.336  -18.286  42.269 0.0000000000
64474  26.393  -19.507  39.591 0.0000000000
60839  27.616  -21.394  40.779 0.0000000000
60855  27.735  -21.277  40.131 0.0000000000
62079  27.645  -20.974  39.904 0.0000000000
59671  27.310  -22.323  38.905 0.0000000000
63263  26.648  -20.063  38.691 0.0000000000
62090  26.607  -20.357  38.177 0.0000000000
60891  26.689  -21.180  37.256 0.0000000000
74202  33.377  -9.686  30.337 0.0000000000
72879  34.146  -9.882  29.618 0.0000000000
72900  33.867  -10.338  28.902 0.0000000000
71671  33.500  -10.886  28.333 0.0000000000
71691  32.799  -11.470  27.941 0.0000000000
72904  30.403  -11.550  29.227 0.0000000000
72903  31.171  -11.171  29.336 0.0000000000
72921  31.887  -11.323  28.636 0.0000000000
82582  46.296  -3.517  12.274 0.0000000000
49282  4.705  -30.771  50.309 0.0000000000
54930  12.701  -25.511  42.778 0.0000000000
56029  8.480  -24.421  51.155 0.0000000000
57241  9.811  -23.427  49.727 0.0000000000
57249  16.534  -23.252  48.823 0.0000000000
57259  16.929  -23.062  48.301 0.0000000000
57307  25.486  -22.481  42.804 0.0000000000
57309  24.907  -22.983  42.291 0.0000000000
57323  15.457  -24.330  42.498 0.0000000000
58408  16.905  -23.179  48.708 0.0000000000
58428  25.614  -21.619  45.208 0.0000000000
58429  25.383  -21.650  45.133 0.0000000000
58437  26.229  -21.840  44.517 0.0000000000
58438  26.260  -21.822  44.466 0.0000000000
58449  26.421  -22.006  44.334 0.0000000000
58462  26.764  -22.147  44.110 0.0000000000
58465  25.381  -22.318  43.209 0.0000000000
58525  22.197  -22.665  39.542 0.0000000000
59560  25.921  -21.463  45.687 0.0000000000
59573  26.433  -21.660  44.738 0.0000000000
59574  25.979  -21.542  45.017 0.0000000000
59577  24.718  -21.670  44.832 0.0000000000
59587  26.550  -21.863  44.500 0.0000000000
59600  26.898  -22.193  43.166 0.0000000000
60781  26.948  -21.353  44.911 0.0000000000
60782  26.564  -21.234  45.272 0.0000000000
60804  27.577  -21.284  43.540 0.0000000000
61991  25.903  -19.323  49.199 0.0000000000
61992  25.437  -19.530  49.543 0.0000000000
62018  26.211  -20.108  47.040 0.0000000000
62069  27.393  -20.625  40.050 0.0000000000
63293  25.407  -20.056  36.903 0.0000000000
63310  24.506  -19.795  35.723 0.0000000000
64444  26.949  -19.764  41.433 0.0000000000
67130  27.969  -16.036  34.073 0.0000000000
68150  25.190  -16.003  39.457 0.0000000000
69273  29.534  -13.301  39.806 0.0000000000
70478  28.480  -13.123  31.618 0.0000000000
71672  32.950  -10.963  28.491 0.0000000000
72859  35.745  -9.752  30.358 0.0000000000
72960  35.614  -11.439  26.120 0.0000000000
75533  35.804  -9.929  24.701 0.0000000000
80334  43.332  -5.527  17.382 0.0000000000
81478  43.533  -3.931  16.428 0.0000000000
