#!ascii label  , from subject sub-THP0005 vox2ras=TkReg
1461
48104  8.836  -32.921  51.534 0.0000000000
71723  40.900  -12.258  26.826 0.0000000000
53793  26.182  -27.723  45.113 0.0000000000
60747  32.250  -21.727  47.534 0.0000000000
51620  19.324  -29.076  44.503 0.0000000000
53706  15.746  -28.053  52.815 0.0000000000
76799  50.995  -8.525  18.158 0.0000000000
74250  50.707  -10.774  27.716 0.0000000000
65887  31.737  -17.250  36.462 0.0000000000
79252  51.551  -7.134  8.211 0.0000000000
54818  24.107  -26.536  49.726 0.0000000000
51512  11.937  -29.696  51.590 0.0000000000
75538  50.450  -9.581  23.315 0.0000000000
73022  45.718  -11.463  22.507 0.0000000000
71638  40.526  -13.216  31.452 0.0000000000
74169  45.432  -10.220  31.271 0.0000000000
69388  36.649  -14.958  31.701 0.0000000000
58503  31.043  -23.679  40.453 0.0000000000
54881  30.934  -27.087  45.529 0.0000000000
54806  21.536  -26.786  50.105 0.0000000000
53650  20.266  -27.787  55.356 0.0000000000
52657  17.954  -29.235  48.809 0.0000000000
51582  13.477  -30.059  47.621 0.0000000000
54889  21.878  -26.688  45.203 0.0000000000
81471  54.054  -4.525  17.707 0.0000000000
77899  54.365  -7.428  23.201 0.0000000000
74275  45.495  -10.934  26.952 0.0000000000
70401  34.548  -14.038  36.208 0.0000000000
63224  32.817  -18.937  42.073 0.0000000000
78012  50.911  -7.815  13.492 0.0000000000
80379  54.557  -5.102  11.718 0.0000000000
81546  56.220  -4.443  7.976 0.0000000000
52612  23.355  -28.354  50.721 0.0000000000
50367  10.105  -31.164  51.573 0.0000000000
52579  10.510  -29.129  54.781 0.0000000000
50329  8.938  -30.927  54.810 0.0000000000
73071  46.298  -11.148  20.089 0.0000000000
71597  39.900  -12.369  34.528 0.0000000000
74130  41.896  -10.567  34.071 0.0000000000
44527  3.910  -35.879  53.236 0.0000000000
68305  36.852  -15.674  28.556 0.0000000000
53838  27.304  -27.408  42.386 0.0000000000
54922  29.670  -27.091  43.026 0.0000000000
53790  29.308  -27.632  45.468 0.0000000000
52689  20.476  -28.703  47.532 0.0000000000
52631  20.153  -28.866  50.403 0.0000000000
51593  18.112  -29.474  46.464 0.0000000000
54891  20.269  -27.103  44.275 0.0000000000
54849  21.394  -27.309  47.314 0.0000000000
53652  18.225  -27.852  55.168 0.0000000000
79139  52.096  -6.306  18.600 0.0000000000
81428  54.534  -4.899  21.213 0.0000000000
77945  53.394  -6.957  21.015 0.0000000000
74286  50.639  -10.262  25.392 0.0000000000
75510  52.611  -9.756  25.894 0.0000000000
72992  41.254  -11.432  24.655 0.0000000000
72990  43.299  -11.367  24.550 0.0000000000
74278  42.746  -10.950  26.868 0.0000000000
67139  32.814  -16.841  33.594 0.0000000000
69365  34.334  -14.808  33.717 0.0000000000
68216  33.886  -15.548  36.427 0.0000000000
58475  32.985  -23.149  43.362 0.0000000000
60827  32.576  -21.350  41.541 0.0000000000
62036  33.802  -20.483  44.434 0.0000000000
79172  48.356  -7.326  16.100 0.0000000000
79197  48.176  -6.505  14.443 0.0000000000
79170  50.379  -7.083  16.291 0.0000000000
79181  52.834  -7.096  15.483 0.0000000000
83717  54.798  -3.259  6.622 0.0000000000
80413  54.344  -5.137  8.044 0.0000000000
81524  55.436  -4.623  9.970 0.0000000000
79224  53.361  -6.829  10.171 0.0000000000
54844  24.910  -26.564  46.967 0.0000000000
56086  26.947  -25.759  47.974 0.0000000000
54816  25.589  -26.631  49.350 0.0000000000
52602  13.370  -28.784  52.630 0.0000000000
53656  14.334  -27.911  55.545 0.0000000000
53677  12.613  -28.083  54.999 0.0000000000
75603  48.533  -9.778  17.632 0.0000000000
75556  51.539  -9.303  20.447 0.0000000000
74341  48.522  -10.305  20.503 0.0000000000
74317  47.677  -10.836  22.465 0.0000000000
72969  48.330  -11.091  25.459 0.0000000000
70506  40.962  -13.242  29.149 0.0000000000
72894  43.443  -11.750  29.477 0.0000000000
72856  42.748  -11.739  31.524 0.0000000000
64514  30.283  -18.470  36.003 0.0000000000
64387  32.688  -18.940  48.038 0.0000000000
45732  7.419  -34.473  50.502 0.0000000000
48065  7.455  -33.254  54.802 0.0000000000
45693  5.640  -34.969  53.777 0.0000000000
70557  39.043  -13.959  26.487 0.0000000000
69431  39.242  -14.148  28.410 0.0000000000
70477  38.807  -14.172  31.552 0.0000000000
70427  37.776  -13.369  33.947 0.0000000000
57338  29.799  -25.144  40.385 0.0000000000
56134  32.105  -25.674  43.308 0.0000000000
57281  32.838  -24.347  47.007 0.0000000000
56084  29.044  -25.879  48.268 0.0000000000
56047  30.920  -24.997  49.986 0.0000000000
53684  22.307  -27.364  52.852 0.0000000000
51482  21.894  -29.180  54.394 0.0000000000
56005  20.822  -26.830  53.122 0.0000000000
52599  19.072  -29.027  51.944 0.0000000000
53740  16.812  -28.347  51.108 0.0000000000
52715  16.056  -28.980  45.502 0.0000000000
52680  15.576  -28.567  48.393 0.0000000000
52661  14.554  -28.690  49.725 0.0000000000
51565  12.585  -30.193  48.730 0.0000000000
50404  10.752  -31.164  48.724 0.0000000000
48145  9.516  -32.424  48.436 0.0000000000
53841  24.712  -27.375  42.353 0.0000000000
54944  23.153  -26.906  42.368 0.0000000000
54887  24.069  -27.034  45.367 0.0000000000
54846  23.260  -26.757  47.058 0.0000000000
56040  22.736  -26.215  50.236 0.0000000000
75554  54.914  -9.357  21.343 0.0000000000
76727  52.653  -7.909  23.975 0.0000000000
73024  43.703  -11.763  22.505 0.0000000000
72988  45.370  -11.587  24.487 0.0000000000
72913  48.207  -10.906  27.983 0.0000000000
75490  45.112  -10.395  29.146 0.0000000000
74215  47.288  -9.477  29.053 0.0000000000
69406  34.087  -15.550  31.013 0.0000000000
70444  35.588  -13.882  33.756 0.0000000000
71568  36.517  -12.229  36.334 0.0000000000
62088  30.972  -20.240  39.088 0.0000000000
64472  31.345  -17.837  39.825 0.0000000000
65738  33.152  -17.411  44.927 0.0000000000
66998  32.564  -16.713  42.560 0.0000000000
68165  32.940  -15.870  39.674 0.0000000000
69289  34.510  -14.612  39.775 0.0000000000
71534  35.926  -12.449  39.991 0.0000000000
78043  50.418  -7.772  10.583 0.0000000000
79211  53.095  -7.230  12.633 0.0000000000
80354  54.650  -4.890  14.885 0.0000000000
50362  23.547  -30.080  50.881 0.0000000000
49263  9.710  -31.988  51.197 0.0000000000
50340  9.621  -30.766  53.564 0.0000000000
49227  8.766  -32.269  53.565 0.0000000000
71581  39.699  -12.141  35.207 0.0000000000
72799  40.559  -10.978  35.963 0.0000000000
42469  3.062  -36.967  51.025 0.0000000000
53822  26.660  -27.740  43.339 0.0000000000
53821  27.609  -27.772  43.410 0.0000000000
53792  27.028  -27.805  45.232 0.0000000000
51604  19.733  -28.883  45.473 0.0000000000
51578  19.698  -29.305  47.301 0.0000000000
51605  19.070  -29.387  45.497 0.0000000000
54909  20.002  -27.023  43.573 0.0000000000
52723  19.874  -28.257  44.479 0.0000000000
53782  20.497  -27.871  45.755 0.0000000000
53688  16.569  -28.179  53.614 0.0000000000
53654  16.288  -27.832  55.390 0.0000000000
79129  51.874  -7.078  18.788 0.0000000000
79127  53.038  -5.983  19.734 0.0000000000
76781  52.457  -8.111  19.560 0.0000000000
74272  50.683  -10.648  26.592 0.0000000000
74271  51.751  -10.264  26.366 0.0000000000
72976  41.202  -11.539  25.710 0.0000000000
72975  42.191  -11.024  25.703 0.0000000000
72955  41.897  -11.266  26.518 0.0000000000
65908  31.200  -17.810  34.498 0.0000000000
65894  32.363  -17.176  35.445 0.0000000000
67128  33.532  -16.298  35.225 0.0000000000
67102  32.602  -16.715  36.749 0.0000000000
59571  32.892  -22.363  46.057 0.0000000000
59598  33.490  -22.232  43.942 0.0000000000
60780  33.134  -21.293  45.833 0.0000000000
79142  50.192  -7.743  17.198 0.0000000000
79171  49.398  -7.245  16.091 0.0000000000
79156  50.411  -7.099  17.028 0.0000000000
79155  51.230  -6.799  17.214 0.0000000000
80450  53.450  -5.652  6.284 0.0000000000
79269  53.298  -6.648  7.999 0.0000000000
80414  53.862  -5.961  8.499 0.0000000000
79251  52.576  -7.234  8.770 0.0000000000
56072  24.370  -26.132  48.555 0.0000000000
56071  25.237  -25.890  48.548 0.0000000000
54817  24.651  -26.692  49.478 0.0000000000
52619  12.767  -29.263  52.010 0.0000000000
52590  13.201  -28.604  53.494 0.0000000000
52604  11.834  -29.287  53.024 0.0000000000
52569  9.823  -29.119  55.770 0.0000000000
53660  10.606  -28.279  56.258 0.0000000000
74375  47.764  -10.452  18.108 0.0000000000
74362  48.775  -10.315  19.000 0.0000000000
74364  47.106  -10.769  18.972 0.0000000000
73042  45.848  -11.363  21.574 0.0000000000
74330  47.159  -10.891  21.523 0.0000000000
73021  46.759  -11.184  22.489 0.0000000000
74300  48.398  -10.843  24.404 0.0000000000
73003  46.555  -11.383  23.466 0.0000000000
70490  40.957  -13.376  29.795 0.0000000000
71636  42.049  -12.472  30.811 0.0000000000
72857  41.771  -12.287  31.642 0.0000000000
76814  47.782  -9.413  17.001 0.0000000000
45716  6.646  -35.011  51.798 0.0000000000
44539  5.795  -35.523  51.645 0.0000000000
69457  38.365  -14.400  26.132 0.0000000000
69445  39.182  -14.004  27.663 0.0000000000
69458  37.704  -14.823  26.685 0.0000000000
69403  37.246  -15.073  30.598 0.0000000000
69418  38.010  -15.024  29.671 0.0000000000
69387  37.602  -14.684  31.559 0.0000000000
70459  38.374  -14.136  32.335 0.0000000000
70460  37.539  -14.173  32.772 0.0000000000
56177  29.114  -25.559  40.200 0.0000000000
54902  30.869  -27.143  44.256 0.0000000000
54921  30.646  -26.639  43.134 0.0000000000
54901  31.930  -26.539  44.449 0.0000000000
56120  32.945  -25.201  44.510 0.0000000000
54858  32.322  -26.117  46.445 0.0000000000
56069  27.168  -25.520  48.774 0.0000000000
56085  27.961  -25.751  48.116 0.0000000000
56037  27.821  -25.755  50.368 0.0000000000
57230  29.846  -25.153  51.200 0.0000000000
58390  31.578  -23.667  49.894 0.0000000000
56014  22.097  -26.560  52.000 0.0000000000
56003  21.719  -26.776  52.638 0.0000000000
54781  20.942  -26.843  51.952 0.0000000000
51522  19.065  -29.388  49.683 0.0000000000
53720  19.749  -28.730  51.655 0.0000000000
52615  18.344  -28.958  51.181 0.0000000000
52616  17.714  -28.719  51.487 0.0000000000
52634  17.342  -28.627  50.469 0.0000000000
52727  16.510  -29.077  44.609 0.0000000000
51608  13.965  -29.695  45.554 0.0000000000
51607  14.616  -29.402  46.070 0.0000000000
51581  14.239  -29.630  47.558 0.0000000000
52681  14.582  -28.926  48.548 0.0000000000
51563  13.959  -29.648  48.295 0.0000000000
52662  13.860  -29.171  50.084 0.0000000000
51583  12.702  -30.289  47.819 0.0000000000
49313  9.918  -32.038  48.135 0.0000000000
53856  25.312  -27.190  41.370 0.0000000000
53871  24.790  -27.024  40.520 0.0000000000
56122  21.371  -26.472  43.223 0.0000000000
54925  22.488  -26.645  43.169 0.0000000000
54924  23.344  -26.955  43.309 0.0000000000
54888  23.002  -26.801  45.480 0.0000000000
54867  23.624  -26.880  46.281 0.0000000000
54868  22.923  -26.849  46.497 0.0000000000
54819  21.722  -26.857  49.068 0.0000000000
56057  22.239  -26.564  48.738 0.0000000000
56041  22.147  -26.415  49.722 0.0000000000
56027  22.670  -26.360  51.248 0.0000000000
53649  21.026  -27.775  54.716 0.0000000000
48046  6.704  -32.766  56.219 0.0000000000
49191  7.508  -31.842  56.299 0.0000000000
80316  55.302  -5.426  18.771 0.0000000000
80284  54.458  -6.242  22.607 0.0000000000
77929  54.767  -7.678  21.450 0.0000000000
76737  54.670  -8.484  22.166 0.0000000000
75536  54.474  -9.306  23.555 0.0000000000
75547  50.538  -9.463  21.991 0.0000000000
76740  52.151  -8.546  22.325 0.0000000000
76728  52.196  -8.490  23.490 0.0000000000
75518  53.325  -9.197  25.412 0.0000000000
74289  44.213  -10.943  26.157 0.0000000000
72989  44.338  -11.467  24.516 0.0000000000
72952  46.000  -11.251  26.472 0.0000000000
72951  47.054  -11.349  26.373 0.0000000000
72933  46.808  -11.084  27.134 0.0000000000
72872  44.254  -11.240  30.439 0.0000000000
74216  44.505  -11.026  29.551 0.0000000000
75457  45.333  -10.312  30.338 0.0000000000
69391  33.466  -15.521  31.671 0.0000000000
70417  34.374  -14.416  35.508 0.0000000000
69364  34.761  -14.496  33.508 0.0000000000
70415  35.161  -13.645  35.092 0.0000000000
71600  36.348  -13.108  34.888 0.0000000000
71570  35.203  -13.319  36.485 0.0000000000
57348  30.324  -24.287  38.794 0.0000000000
58520  30.838  -23.343  39.301 0.0000000000
62062  32.498  -20.411  41.346 0.0000000000
60853  31.651  -20.768  40.261 0.0000000000
63251  31.488  -19.698  40.031 0.0000000000
63262  30.800  -19.264  38.644 0.0000000000
64457  31.532  -18.267  40.236 0.0000000000
64401  32.979  -18.480  46.332 0.0000000000
68111  33.016  -15.628  43.126 0.0000000000
68134  32.315  -16.562  41.396 0.0000000000
68132  33.387  -15.336  41.674 0.0000000000
68164  33.536  -15.561  39.552 0.0000000000
69256  34.049  -14.803  41.560 0.0000000000
79196  49.574  -7.217  14.175 0.0000000000
78028  50.554  -7.836  11.581 0.0000000000
78041  52.256  -7.832  11.288 0.0000000000
78018  51.633  -7.932  12.875 0.0000000000
80338  53.731  -5.181  16.929 0.0000000000
79180  53.688  -6.203  15.097 0.0000000000
81477  54.450  -4.634  16.697 0.0000000000
81475  55.303  -4.976  15.987 0.0000000000
82620  55.961  -3.437  7.532 0.0000000000
81505  55.158  -4.949  11.595 0.0000000000
80378  55.524  -5.521  12.016 0.0000000000
81492  55.295  -5.263  12.997 0.0000000000
53737  23.754  -27.524  50.198 0.0000000000
53755  24.135  -27.771  49.758 0.0000000000
51520  23.577  -29.281  50.188 0.0000000000
51513  10.932  -30.402  51.242 0.0000000000
52605  11.234  -29.398  53.400 0.0000000000
51495  10.157  -30.203  53.059 0.0000000000
51484  9.853  -29.869  54.339 0.0000000000
52570  9.079  -29.651  55.982 0.0000000000
73073  44.666  -11.627  19.692 0.0000000000
73043  44.946  -11.661  21.541 0.0000000000
71623  40.571  -12.793  32.421 0.0000000000
72842  41.556  -11.984  32.545 0.0000000000
72829  41.020  -11.904  33.596 0.0000000000
74110  41.750  -10.223  34.884 0.0000000000
44540  4.734  -36.158  51.129 0.0000000000
43446  3.565  -36.648  51.428 0.0000000000
43441  2.711  -36.688  52.279 0.0000000000
68336  37.025  -15.346  27.084 0.0000000000
68274  35.585  -15.805  30.154 0.0000000000
54964  28.313  -26.396  41.299 0.0000000000
53837  28.219  -27.369  42.604 0.0000000000
53819  29.507  -27.610  43.865 0.0000000000
54882  29.846  -27.279  46.065 0.0000000000
53764  21.042  -28.062  48.489 0.0000000000
53756  20.936  -28.123  49.520 0.0000000000
52675  20.579  -28.739  48.717 0.0000000000
51560  19.252  -29.452  48.308 0.0000000000
51561  18.132  -29.426  48.119 0.0000000000
50430  12.076  -30.650  46.228 0.0000000000
51610  11.693  -30.520  45.121 0.0000000000
54908  20.541  -26.690  43.723 0.0000000000
54890  20.854  -26.932  44.883 0.0000000000
54870  21.278  -26.946  46.215 0.0000000000
53795  20.731  -27.370  45.681 0.0000000000
53771  20.978  -27.851  47.524 0.0000000000
54763  19.011  -27.593  54.902 0.0000000000
80331  53.190  -5.162  18.046 0.0000000000
81448  54.331  -4.290  19.548 0.0000000000
80309  53.385  -5.382  20.050 0.0000000000
81430  53.858  -5.044  21.730 0.0000000000
80285  53.863  -5.801  22.699 0.0000000000
74298  50.181  -10.092  24.386 0.0000000000
75529  51.782  -9.023  24.319 0.0000000000
74285  51.407  -10.022  25.663 0.0000000000
74247  52.793  -10.459  26.798 0.0000000000
73007  42.436  -11.604  23.581 0.0000000000
72991  42.271  -11.301  24.600 0.0000000000
74291  43.092  -10.807  26.195 0.0000000000
74277  43.669  -10.819  26.873 0.0000000000
75433  46.455  -8.928  31.976 0.0000000000
68253  32.330  -16.149  32.052 0.0000000000
69379  33.213  -15.563  32.336 0.0000000000
68246  33.243  -15.945  33.093 0.0000000000
68227  33.862  -15.612  35.449 0.0000000000
69336  34.274  -14.799  36.582 0.0000000000
58476  32.561  -23.353  42.519 0.0000000000
58502  31.578  -22.976  40.794 0.0000000000
59610  32.938  -22.630  42.677 0.0000000000
60815  33.456  -21.360  42.807 0.0000000000
63215  33.709  -19.632  43.127 0.0000000000
79186  47.409  -6.598  15.665 0.0000000000
80357  47.297  -6.064  14.715 0.0000000000
79185  48.255  -6.588  15.463 0.0000000000
79184  49.367  -6.977  15.330 0.0000000000
79183  50.663  -7.357  15.309 0.0000000000
78004  51.983  -7.769  14.627 0.0000000000
79169  51.432  -6.997  16.450 0.0000000000
79154  52.092  -6.563  17.261 0.0000000000
81561  54.099  -4.918  6.145 0.0000000000
81547  54.569  -4.305  7.554 0.0000000000
81534  55.383  -4.266  8.994 0.0000000000
81533  55.976  -4.708  9.156 0.0000000000
81525  54.883  -4.634  9.660 0.0000000000
80386  54.308  -5.301  10.407 0.0000000000
80380  53.863  -5.797  11.364 0.0000000000
54865  25.776  -27.288  46.079 0.0000000000
54864  26.677  -27.086  46.659 0.0000000000
54843  25.865  -26.547  47.139 0.0000000000
56070  26.164  -25.696  48.630 0.0000000000
54815  26.513  -26.538  49.655 0.0000000000
53707  14.846  -28.133  53.001 0.0000000000
53674  15.495  -27.899  54.654 0.0000000000
53691  13.876  -28.340  54.133 0.0000000000
53657  13.365  -27.900  55.645 0.0000000000
52578  11.669  -28.665  54.714 0.0000000000
53639  12.164  -27.929  56.494 0.0000000000
75592  49.758  -9.358  18.004 0.0000000000
75579  51.365  -8.989  18.863 0.0000000000
75581  49.993  -9.765  19.070 0.0000000000
75570  49.979  -9.872  20.093 0.0000000000
75548  49.549  -9.835  22.192 0.0000000000
74351  47.253  -10.717  20.027 0.0000000000
74329  47.865  -10.642  21.527 0.0000000000
74315  49.361  -9.953  22.752 0.0000000000
74299  49.449  -10.440  24.450 0.0000000000
74287  49.300  -10.853  25.578 0.0000000000
74273  49.761  -11.062  26.870 0.0000000000
71705  40.604  -12.727  27.624 0.0000000000
72937  41.586  -12.074  27.750 0.0000000000
71666  41.912  -12.509  28.862 0.0000000000
72874  42.850  -12.229  30.225 0.0000000000
72855  43.905  -11.232  31.171 0.0000000000
72841  42.372  -11.256  32.582 0.0000000000
74151  43.712  -10.001  32.575 0.0000000000
75413  44.710  -9.205  32.824 0.0000000000
65888  30.843  -17.858  36.243 0.0000000000
62015  32.375  -20.700  47.712 0.0000000000
79173  47.055  -7.170  16.035 0.0000000000
77992  47.632  -7.938  16.225 0.0000000000
77983  49.185  -8.169  16.783 0.0000000000
80453  50.962  -5.153  6.763 0.0000000000
79272  50.646  -5.987  7.478 0.0000000000
46866  7.895  -34.017  51.000 0.0000000000
48089  8.176  -33.419  52.732 0.0000000000
46829  7.652  -33.904  53.084 0.0000000000
46805  6.744  -33.896  54.712 0.0000000000
46795  5.914  -33.923  55.529 0.0000000000
44526  5.090  -35.474  53.232 0.0000000000
71757  39.996  -12.429  25.268 0.0000000000
70597  39.186  -13.445  25.235 0.0000000000
70576  39.969  -13.160  26.455 0.0000000000
70539  39.617  -13.579  27.701 0.0000000000
70524  40.013  -13.587  28.561 0.0000000000
70491  40.282  -13.730  30.102 0.0000000000
69432  38.351  -14.771  28.592 0.0000000000
69401  38.966  -14.403  30.284 0.0000000000
70457  39.924  -13.462  31.812 0.0000000000
71624  39.674  -13.386  32.559 0.0000000000
71598  38.606  -12.866  34.451 0.0000000000
71583  37.912  -12.434  35.425 0.0000000000
57337  30.433  -24.483  40.080 0.0000000000
56162  29.554  -25.677  41.229 0.0000000000
56161  30.281  -25.416  41.504 0.0000000000
57318  31.281  -24.855  42.106 0.0000000000
57306  32.598  -24.798  43.217 0.0000000000
57299  33.072  -24.308  44.957 0.0000000000
58436  32.885  -23.407  46.484 0.0000000000
54884  28.199  -27.203  46.415 0.0000000000
54861  29.308  -26.901  46.879 0.0000000000
54860  30.373  -26.829  46.762 0.0000000000
56036  28.879  -25.516  50.572 0.0000000000
56066  30.487  -25.664  49.338 0.0000000000
56082  31.796  -25.520  48.165 0.0000000000
57258  31.725  -24.453  49.341 0.0000000000
58404  31.808  -23.401  49.138 0.0000000000
59545  31.915  -22.333  48.415 0.0000000000
51502  22.679  -28.781  53.065 0.0000000000
53668  21.884  -27.499  53.621 0.0000000000
54760  21.282  -27.163  53.808 0.0000000000
54761  20.544  -27.131  53.998 0.0000000000
53719  20.285  -28.412  51.192 0.0000000000
54783  20.084  -27.737  52.972 0.0000000000
53685  19.499  -28.225  53.373 0.0000000000
53686  18.679  -28.487  53.558 0.0000000000
53704  17.240  -28.462  52.429 0.0000000000
53723  15.885  -28.082  51.935 0.0000000000
52725  17.893  -29.453  45.238 0.0000000000
52703  17.415  -29.225  46.428 0.0000000000
52692  16.579  -28.860  47.303 0.0000000000
52716  14.946  -29.167  45.493 0.0000000000
52705  15.827  -28.906  46.446 0.0000000000
52679  16.524  -28.699  48.278 0.0000000000
52659  16.427  -28.483  49.329 0.0000000000
52636  15.329  -28.273  50.433 0.0000000000
53724  14.902  -28.173  51.946 0.0000000000
52617  14.126  -28.653  51.571 0.0000000000
52639  13.054  -29.332  51.359 0.0000000000
51525  11.575  -30.286  50.273 0.0000000000
51584  11.980  -30.477  48.054 0.0000000000
51543  11.687  -30.515  49.311 0.0000000000
50376  10.947  -30.662  50.007 0.0000000000
50390  10.248  -31.410  49.983 0.0000000000
49281  9.849  -31.916  50.121 0.0000000000
48132  9.085  -32.931  49.673 0.0000000000
46879  8.552  -33.528  49.532 0.0000000000
46880  7.904  -34.057  49.970 0.0000000000
54966  26.637  -26.861  41.066 0.0000000000
53839  26.364  -27.494  42.472 0.0000000000
53823  25.782  -27.664  43.313 0.0000000000
53842  23.903  -27.182  42.392 0.0000000000
53809  24.492  -27.383  43.948 0.0000000000
54886  25.038  -27.325  45.248 0.0000000000
54866  24.561  -26.976  46.177 0.0000000000
54845  23.993  -26.632  46.986 0.0000000000
56073  23.525  -26.267  48.462 0.0000000000
54828  22.268  -26.790  47.791 0.0000000000
56074  22.747  -26.496  48.098 0.0000000000
56055  23.605  -26.381  49.535 0.0000000000
54792  23.119  -26.697  51.159 0.0000000000
53700  22.975  -27.207  51.709 0.0000000000
49216  8.221  -32.420  54.429 0.0000000000
50304  8.300  -30.631  56.267 0.0000000000
79115  55.070  -6.333  20.358 0.0000000000
76753  52.298  -8.771  21.126 0.0000000000
77917  53.049  -7.422  22.708 0.0000000000
79068  53.524  -7.202  23.866 0.0000000000
75519  52.656  -8.983  25.238 0.0000000000
76707  53.364  -8.363  24.892 0.0000000000
75527  54.205  -9.063  24.399 0.0000000000
73044  43.952  -11.809  21.502 0.0000000000
73023  44.723  -11.674  22.504 0.0000000000
73006  43.489  -11.626  23.530 0.0000000000
73005  44.524  -11.611  23.500 0.0000000000
73004  45.547  -11.556  23.487 0.0000000000
72970  47.279  -11.372  25.423 0.0000000000
72950  48.063  -11.254  26.334 0.0000000000
74251  49.750  -11.000  27.936 0.0000000000
72935  42.870  -11.243  27.795 0.0000000000
74235  44.459  -10.819  28.510 0.0000000000
74234  45.191  -10.434  28.379 0.0000000000
75475  46.403  -9.223  29.872 0.0000000000
75488  46.578  -9.562  29.027 0.0000000000
74232  47.037  -10.065  28.650 0.0000000000
74231  48.195  -10.506  28.551 0.0000000000
74230  49.453  -10.497  28.755 0.0000000000
68275  34.615  -15.902  30.244 0.0000000000
69389  35.579  -15.143  31.953 0.0000000000
69378  33.924  -15.047  32.611 0.0000000000
69377  34.979  -14.559  32.971 0.0000000000
69376  36.125  -14.636  32.625 0.0000000000
70428  36.813  -13.383  34.141 0.0000000000
71599  37.341  -12.871  34.727 0.0000000000
72787  37.664  -11.598  36.888 0.0000000000
59654  31.039  -22.141  39.405 0.0000000000
63275  30.342  -19.220  37.667 0.0000000000
64487  30.689  -18.271  38.087 0.0000000000
65864  31.021  -17.498  37.969 0.0000000000
63198  32.920  -19.440  46.557 0.0000000000
64407  33.616  -18.978  44.460 0.0000000000
64423  33.167  -18.430  43.064 0.0000000000
66984  33.066  -16.785  43.804 0.0000000000
65791  32.336  -17.464  41.891 0.0000000000
65810  31.945  -17.539  41.014 0.0000000000
67035  31.895  -16.804  40.080 0.0000000000
67070  32.229  -16.624  38.331 0.0000000000
67087  33.391  -16.062  38.049 0.0000000000
68182  34.271  -15.096  38.280 0.0000000000
69319  34.528  -14.426  37.810 0.0000000000
70332  35.071  -13.459  41.752 0.0000000000
70365  35.337  -13.232  39.481 0.0000000000
71544  35.377  -12.849  38.215 0.0000000000
72759  36.239  -11.696  38.203 0.0000000000
79254  49.949  -6.218  8.651 0.0000000000
78078  51.468  -7.486  9.116 0.0000000000
78060  52.137  -7.774  10.360 0.0000000000
79218  53.023  -7.360  11.657 0.0000000000
80373  53.961  -5.635  12.423 0.0000000000
79194  53.143  -7.018  14.553 0.0000000000
79193  53.683  -6.293  14.044 0.0000000000
80364  54.630  -5.092  13.941 0.0000000000
81488  55.021  -4.843  14.412 0.0000000000
51501  22.874  -29.346  52.586 0.0000000000
50349  23.344  -30.360  51.894 0.0000000000
48103  9.263  -32.573  51.008 0.0000000000
49245  9.375  -32.144  52.306 0.0000000000
72800  39.724  -11.729  35.824 0.0000000000
53807  26.030  -27.790  44.196 0.0000000000
53806  26.885  -27.898  44.299 0.0000000000
51619  19.774  -28.652  44.938 0.0000000000
52712  20.117  -28.305  45.312 0.0000000000
53673  16.452  -27.973  54.549 0.0000000000
53689  15.642  -27.986  53.756 0.0000000000
77974  51.089  -7.701  18.009 0.0000000000
77962  52.168  -7.527  19.102 0.0000000000
76798  51.458  -8.081  18.273 0.0000000000
74249  51.582  -10.549  27.516 0.0000000000
74228  51.405  -10.643  28.461 0.0000000000
72977  40.607  -12.240  25.889 0.0000000000
72956  41.285  -11.906  26.754 0.0000000000
65895  31.495  -17.570  35.396 0.0000000000
67115  32.962  -16.754  35.711 0.0000000000
65886  32.408  -16.961  36.091 0.0000000000
59585  33.391  -22.086  44.998 0.0000000000
60766  32.653  -21.511  46.786 0.0000000000
77975  50.537  -8.008  17.548 0.0000000000
79141  50.592  -7.472  17.410 0.0000000000
79140  51.439  -6.834  18.147 0.0000000000
79270  52.431  -6.832  7.632 0.0000000000
56054  24.559  -26.239  49.178 0.0000000000
52620  12.194  -29.391  52.383 0.0000000000
51503  11.768  -29.561  52.383 0.0000000000
74376  46.741  -10.592  17.776 0.0000000000
73002  47.325  -11.170  23.445 0.0000000000
71654  40.783  -13.326  30.672 0.0000000000
71637  41.201  -12.776  31.325 0.0000000000
44545  6.095  -35.364  50.989 0.0000000000
69475  37.615  -14.775  25.637 0.0000000000
69374  37.847  -14.441  32.171 0.0000000000
69375  37.078  -14.576  32.355 0.0000000000
54880  32.124  -26.493  45.683 0.0000000000
54859  31.527  -26.390  46.756 0.0000000000
56038  27.009  -25.922  49.920 0.0000000000
56051  27.480  -25.525  49.568 0.0000000000
56028  21.939  -26.289  50.958 0.0000000000
56015  21.479  -26.663  52.060 0.0000000000
54794  21.155  -26.719  51.132 0.0000000000
52633  18.392  -29.207  49.984 0.0000000000
52658  17.365  -28.826  49.160 0.0000000000
51595  13.677  -30.088  46.631 0.0000000000
51594  14.448  -29.544  46.651 0.0000000000
51564  13.313  -29.902  48.531 0.0000000000
54907  21.543  -26.481  43.871 0.0000000000
54926  21.794  -26.483  42.899 0.0000000000
54906  22.660  -26.688  44.245 0.0000000000
54751  20.356  -27.458  54.766 0.0000000000
48047  6.043  -33.139  56.323 0.0000000000
49193  6.228  -32.288  56.981 0.0000000000
81470  54.812  -4.367  17.393 0.0000000000
81455  55.176  -4.725  18.101 0.0000000000
81456  54.564  -4.270  18.460 0.0000000000
79092  54.384  -6.699  22.641 0.0000000000
77915  54.509  -7.415  22.492 0.0000000000
76738  54.568  -8.424  22.787 0.0000000000
75545  54.616  -9.545  22.679 0.0000000000
76726  54.354  -8.275  23.810 0.0000000000
75537  51.397  -9.001  22.855 0.0000000000
74276  44.522  -10.885  26.724 0.0000000000
72953  44.955  -11.157  26.243 0.0000000000
72934  46.271  -11.005  27.051 0.0000000000
74274  46.007  -10.968  27.014 0.0000000000
72854  44.481  -11.013  30.955 0.0000000000
74196  44.856  -10.769  30.518 0.0000000000
74195  45.294  -10.427  30.894 0.0000000000
68262  32.726  -15.804  31.030 0.0000000000
70416  34.676  -13.987  35.310 0.0000000000
71586  35.015  -13.616  35.737 0.0000000000
63230  32.486  -19.325  41.471 0.0000000000
62067  31.981  -20.159  40.790 0.0000000000
63239  31.732  -19.237  40.441 0.0000000000
64443  32.056  -18.322  41.213 0.0000000000
69228  33.225  -15.619  43.799 0.0000000000
68122  33.047  -15.544  42.551 0.0000000000
68121  33.328  -15.279  42.238 0.0000000000
69272  33.818  -15.145  40.926 0.0000000000
69242  33.642  -14.943  42.450 0.0000000000
78013  49.988  -7.539  13.237 0.0000000000
78014  49.266  -7.417  12.811 0.0000000000
78020  49.813  -7.642  12.267 0.0000000000
78019  50.722  -7.811  12.558 0.0000000000
82610  55.817  -4.011  8.403 0.0000000000
80412  56.295  -5.641  8.427 0.0000000000
81497  55.343  -5.243  12.197 0.0000000000
80371  55.540  -5.614  12.543 0.0000000000
81498  55.032  -4.947  12.489 0.0000000000
52630  23.739  -28.348  49.947 0.0000000000
51514  10.468  -30.736  51.492 0.0000000000
51505  10.412  -30.545  52.062 0.0000000000
50341  9.147  -31.309  53.979 0.0000000000
51485  9.365  -30.373  54.712 0.0000000000
51477  9.170  -30.026  55.343 0.0000000000
73061  44.261  -11.755  20.553 0.0000000000
73060  45.205  -11.554  20.653 0.0000000000
71610  40.444  -12.444  33.541 0.0000000000
71596  40.585  -12.088  34.125 0.0000000000
43449  4.176  -36.586  50.285 0.0000000000
42459  2.641  -36.988  51.529 0.0000000000
43442  2.204  -36.840  52.574 0.0000000000
54965  27.429  -26.790  41.350 0.0000000000
54943  27.977  -26.937  41.955 0.0000000000
53805  27.857  -27.925  44.470 0.0000000000
53820  28.701  -27.672  43.473 0.0000000000
53804  28.904  -27.840  44.612 0.0000000000
53803  29.971  -27.642  44.605 0.0000000000
51592  18.929  -29.523  46.422 0.0000000000
51579  18.651  -29.539  47.312 0.0000000000
54927  20.193  -26.773  43.048 0.0000000000
52701  20.673  -28.160  46.978 0.0000000000
53781  20.802  -27.656  46.553 0.0000000000
53671  18.396  -28.151  54.341 0.0000000000
80318  52.587  -5.798  18.672 0.0000000000
80317  53.236  -5.090  19.143 0.0000000000
80310  52.931  -5.717  19.375 0.0000000000
79116  53.266  -6.357  20.332 0.0000000000
79106  53.549  -6.356  21.444 0.0000000000
80293  53.741  -5.686  22.005 0.0000000000
79093  53.615  -6.512  22.417 0.0000000000
75521  51.195  -9.866  25.355 0.0000000000
74248  52.456  -10.640  27.414 0.0000000000
73008  41.389  -11.524  23.604 0.0000000000
74290  43.797  -10.842  26.146 0.0000000000
68254  31.736  -16.579  31.872 0.0000000000
67149  32.569  -16.591  32.808 0.0000000000
68238  33.358  -16.370  33.839 0.0000000000
67114  33.464  -16.265  36.118 0.0000000000
69349  34.084  -14.897  35.810 0.0000000000
60802  33.770  -21.298  43.993 0.0000000000
60803  33.586  -21.651  43.411 0.0000000000
60814  33.701  -21.067  43.342 0.0000000000
62055  33.374  -20.563  42.414 0.0000000000
62045  33.848  -20.451  43.634 0.0000000000
80345  47.893  -6.336  15.305 0.0000000000
80319  52.050  -6.235  18.248 0.0000000000
80332  52.446  -6.001  17.903 0.0000000000
80435  53.778  -5.889  7.471 0.0000000000
80434  54.185  -5.117  7.068 0.0000000000
82612  54.877  -3.664  7.817 0.0000000000
81535  54.796  -4.293  8.529 0.0000000000
80397  54.383  -5.215  9.133 0.0000000000
80398  53.775  -6.137  9.566 0.0000000000
80387  53.747  -6.113  10.524 0.0000000000
56053  25.414  -26.095  49.114 0.0000000000
56052  26.439  -25.898  49.333 0.0000000000
53725  14.110  -28.468  52.355 0.0000000000
53708  14.008  -28.361  53.247 0.0000000000
52577  12.424  -28.497  54.473 0.0000000000
53692  13.002  -28.334  54.281 0.0000000000
53638  13.118  -27.930  56.288 0.0000000000
53658  12.439  -27.907  55.816 0.0000000000
51494  10.631  -29.634  53.590 0.0000000000
52593  10.984  -29.139  54.040 0.0000000000
75593  49.168  -9.987  18.565 0.0000000000
74349  48.624  -10.273  19.669 0.0000000000
75582  49.295  -10.068  19.449 0.0000000000
75571  49.209  -10.053  20.339 0.0000000000
75558  49.822  -9.787  21.113 0.0000000000
75559  49.088  -10.089  21.216 0.0000000000
73088  46.093  -11.156  19.178 0.0000000000
73087  46.694  -10.935  19.698 0.0000000000
73070  46.812  -10.909  20.282 0.0000000000
74316  48.744  -10.281  22.375 0.0000000000
74307  49.577  -10.049  23.463 0.0000000000
74308  48.601  -10.540  23.439 0.0000000000
72985  48.199  -11.006  24.846 0.0000000000
74288  48.550  -10.926  25.079 0.0000000000
72949  48.882  -11.151  26.192 0.0000000000
71686  40.682  -12.865  28.150 0.0000000000
71685  41.247  -12.614  28.311 0.0000000000
71667  41.426  -12.942  29.280 0.0000000000
74171  43.439  -10.852  31.898 0.0000000000
72828  41.788  -11.131  33.570 0.0000000000
72827  42.386  -10.783  33.073 0.0000000000
74128  43.380  -9.631  33.210 0.0000000000
75414  43.791  -9.422  33.034 0.0000000000
76620  45.186  -8.642  33.316 0.0000000000
64522  30.031  -18.433  35.215 0.0000000000
65896  30.681  -17.986  35.346 0.0000000000
76813  48.489  -8.832  16.913 0.0000000000
75602  49.098  -9.224  17.401 0.0000000000
76812  49.488  -8.761  17.253 0.0000000000
80437  50.603  -5.190  7.281 0.0000000000
46845  7.869  -33.884  52.021 0.0000000000
45715  7.333  -34.528  51.380 0.0000000000
45705  6.048  -35.045  53.142 0.0000000000
45704  6.727  -34.736  52.890 0.0000000000
45692  6.407  -34.599  53.773 0.0000000000
46806  6.046  -34.256  54.841 0.0000000000
44535  4.096  -36.215  51.960 0.0000000000
44534  4.880  -35.801  52.326 0.0000000000
71758  39.323  -12.807  24.703 0.0000000000
70578  38.848  -13.922  25.581 0.0000000000
70598  38.582  -13.664  24.721 0.0000000000
70577  39.513  -13.508  25.920 0.0000000000
70555  40.062  -13.083  27.211 0.0000000000
70556  39.566  -13.518  26.819 0.0000000000
70508  39.746  -13.960  29.403 0.0000000000
68321  36.939  -15.547  27.977 0.0000000000
69447  37.661  -15.001  27.747 0.0000000000
69433  37.446  -15.371  28.754 0.0000000000
69402  38.491  -14.521  30.731 0.0000000000
70493  39.029  -14.156  31.010 0.0000000000
70476  39.412  -13.887  31.317 0.0000000000
70458  39.213  -13.809  32.093 0.0000000000
70441  38.077  -13.784  33.186 0.0000000000
71612  38.611  -13.370  33.610 0.0000000000
57349  29.770  -25.015  39.456 0.0000000000
57328  30.152  -25.040  40.923 0.0000000000
54942  28.644  -26.765  42.033 0.0000000000
54963  28.961  -26.249  41.542 0.0000000000
54941  29.424  -26.477  42.116 0.0000000000
56135  31.299  -25.983  42.949 0.0000000000
56148  30.763  -25.674  42.224 0.0000000000
56147  31.550  -25.392  42.542 0.0000000000
57317  32.052  -24.486  42.484 0.0000000000
56133  32.726  -25.214  43.757 0.0000000000
56110  33.014  -25.262  45.514 0.0000000000
57292  33.085  -24.370  46.039 0.0000000000
58427  32.602  -23.462  47.359 0.0000000000
54842  26.789  -26.409  47.317 0.0000000000
53778  27.272  -27.313  46.288 0.0000000000
54841  27.717  -26.323  47.429 0.0000000000
54840  28.684  -26.367  47.545 0.0000000000
54839  29.733  -26.506  47.627 0.0000000000
56034  30.285  -25.058  50.647 0.0000000000
56035  29.834  -25.265  50.775 0.0000000000
56065  31.172  -25.196  49.637 0.0000000000
58417  31.989  -23.072  48.456 0.0000000000
52598  22.747  -28.417  52.648 0.0000000000
52586  22.446  -28.148  53.234 0.0000000000
56004  21.291  -26.780  53.025 0.0000000000
54759  21.701  -27.105  53.368 0.0000000000
55997  20.957  -26.885  53.542 0.0000000000
55998  20.709  -26.941  53.533 0.0000000000
53738  20.670  -28.201  50.449 0.0000000000
53703  19.660  -28.491  52.524 0.0000000000
54771  19.893  -27.467  53.746 0.0000000000
53670  19.264  -27.913  54.149 0.0000000000
52587  18.940  -28.779  52.793 0.0000000000
53739  17.277  -28.553  51.194 0.0000000000
52601  17.728  -28.658  52.221 0.0000000000
53721  17.235  -28.499  51.720 0.0000000000
53705  16.605  -28.260  52.669 0.0000000000
53722  16.639  -28.281  51.835 0.0000000000
52714  16.971  -29.064  45.579 0.0000000000
52691  17.258  -29.127  47.190 0.0000000000
52704  16.687  -28.958  46.406 0.0000000000
52729  14.397  -29.037  44.329 0.0000000000
52717  14.276  -29.329  44.973 0.0000000000
52706  15.060  -29.105  46.593 0.0000000000
52693  15.723  -28.753  47.405 0.0000000000
52660  15.426  -28.372  49.428 0.0000000000
53742  15.325  -28.190  51.247 0.0000000000
52637  14.523  -28.597  50.843 0.0000000000
51541  13.152  -29.710  49.565 0.0000000000
51523  13.344  -29.447  50.305 0.0000000000
51524  12.694  -29.650  50.618 0.0000000000
51542  12.291  -30.151  49.558 0.0000000000
51597  12.040  -30.575  47.127 0.0000000000
50403  11.352  -30.773  48.473 0.0000000000
50388  11.145  -30.745  49.385 0.0000000000
50389  10.595  -31.141  49.511 0.0000000000
49298  10.073  -31.816  49.112 0.0000000000
48131  9.523  -32.484  49.389 0.0000000000
46900  8.367  -33.535  48.788 0.0000000000
46901  7.651  -33.934  48.562 0.0000000000
53855  26.109  -27.206  41.670 0.0000000000
53840  25.540  -27.454  42.401 0.0000000000
54968  23.088  -26.833  41.478 0.0000000000
53858  23.685  -27.028  41.565 0.0000000000
54905  23.739  -27.044  44.330 0.0000000000
53825  24.179  -27.282  43.269 0.0000000000
54904  24.495  -27.274  44.631 0.0000000000
56090  23.436  -26.446  47.641 0.0000000000
56089  24.201  -26.248  47.720 0.0000000000
54848  21.906  -26.951  47.184 0.0000000000
56056  22.828  -26.332  49.147 0.0000000000
56039  23.149  -26.359  50.649 0.0000000000
54780  22.567  -26.863  52.025 0.0000000000
54779  22.888  -26.745  51.600 0.0000000000
53701  22.677  -27.659  52.408 0.0000000000
52576  22.008  -28.376  54.033 0.0000000000
53675  14.558  -27.983  54.781 0.0000000000
53655  15.304  -27.841  55.465 0.0000000000
53636  15.082  -27.908  56.100 0.0000000000
48077  8.129  -32.992  53.626 0.0000000000
49228  8.387  -32.563  53.882 0.0000000000
50288  7.149  -31.007  57.290 0.0000000000
50319  7.974  -31.528  55.872 0.0000000000
50287  7.638  -30.665  57.026 0.0000000000
51458  7.917  -30.216  57.163 0.0000000000
51444  7.830  -29.859  57.992 0.0000000000
81435  54.670  -4.823  20.220 0.0000000000
80308  55.061  -5.464  19.810 0.0000000000
80298  54.803  -5.561  20.832 0.0000000000
76750  54.775  -8.499  21.679 0.0000000000
75568  51.469  -9.168  19.397 0.0000000000
76766  52.181  -8.778  19.945 0.0000000000
76739  52.620  -7.902  23.002 0.0000000000
77901  52.968  -7.366  23.535 0.0000000000
79081  53.382  -7.125  23.683 0.0000000000
77886  53.089  -7.454  24.351 0.0000000000
75520  51.857  -9.682  25.499 0.0000000000
75528  52.467  -8.623  24.714 0.0000000000
74283  53.942  -9.676  24.990 0.0000000000
75517  53.700  -8.787  24.836 0.0000000000
74296  54.323  -10.209  24.218 0.0000000000
73045  42.917  -11.862  21.485 0.0000000000
72972  45.168  -11.454  25.477 0.0000000000
72987  46.429  -11.528  24.459 0.0000000000
72971  46.222  -11.528  25.461 0.0000000000
72932  47.892  -11.133  27.369 0.0000000000
72931  48.882  -11.254  27.148 0.0000000000
72912  48.755  -10.993  28.013 0.0000000000
72915  42.128  -12.077  28.318 0.0000000000
72914  42.956  -11.569  28.399 0.0000000000
75474  47.324  -8.961  29.395 0.0000000000
74214  47.854  -9.605  29.156 0.0000000000
68276  33.704  -15.938  30.280 0.0000000000
69405  35.072  -15.475  31.045 0.0000000000
69366  33.625  -15.229  33.018 0.0000000000
70445  34.958  -14.227  33.809 0.0000000000
70463  35.321  -14.165  33.422 0.0000000000
70462  35.795  -14.111  33.207 0.0000000000
70443  36.316  -13.763  33.612 0.0000000000
71584  36.700  -12.477  35.726 0.0000000000
72802  37.344  -12.046  36.162 0.0000000000
72803  36.794  -12.153  36.226 0.0000000000
59635  32.059  -22.187  41.202 0.0000000000
59653  31.583  -21.898  40.289 0.0000000000
60854  31.229  -21.098  39.594 0.0000000000
62100  30.572  -20.258  38.045 0.0000000000
64473  31.100  -18.321  39.317 0.0000000000
65847  31.049  -17.666  38.654 0.0000000000
63184  32.417  -19.767  48.353 0.0000000000
62023  32.840  -20.465  46.691 0.0000000000
63191  32.642  -19.638  47.458 0.0000000000
65722  32.943  -17.521  45.979 0.0000000000
64408  33.318  -18.481  45.270 0.0000000000
64415  33.391  -18.233  44.218 0.0000000000
66985  32.976  -16.511  43.541 0.0000000000
66971  33.173  -16.182  44.158 0.0000000000
65775  32.661  -17.307  42.807 0.0000000000
67010  32.269  -16.915  41.651 0.0000000000
68148  32.578  -16.079  40.385 0.0000000000
67050  32.406  -16.343  39.715 0.0000000000
67051  32.001  -16.705  39.119 0.0000000000
67088  32.783  -16.464  37.775 0.0000000000
67069  32.897  -16.209  38.773 0.0000000000
68163  34.146  -15.175  39.199 0.0000000000
68201  34.334  -14.975  37.719 0.0000000000
69306  34.562  -14.492  38.803 0.0000000000
70314  34.695  -13.455  43.071 0.0000000000
71515  35.126  -13.043  42.510 0.0000000000
70350  35.498  -13.103  40.708 0.0000000000
70376  35.330  -13.013  38.716 0.0000000000
71543  35.699  -12.424  38.809 0.0000000000
71554  35.716  -12.314  37.760 0.0000000000
79198  47.366  -6.184  14.168 0.0000000000
79206  47.103  -6.512  13.400 0.0000000000
78062  50.450  -7.397  9.581 0.0000000000
78061  51.316  -7.769  9.994 0.0000000000
78077  52.071  -7.644  9.573 0.0000000000
78026  52.395  -7.846  12.258 0.0000000000
79210  53.499  -6.511  12.028 0.0000000000
79202  53.582  -6.377  13.031 0.0000000000
77999  52.253  -7.556  15.225 0.0000000000
77998  52.566  -7.410  15.215 0.0000000000
80344  54.266  -5.056  15.674 0.0000000000
80355  54.175  -5.442  14.513 0.0000000000
80365  54.082  -5.579  13.474 0.0000000000
80342  55.566  -5.727  15.526 0.0000000000
82644  54.664  -3.635  5.650 0.0000000000
83741  54.878  -2.946  5.527 0.0000000000
83727  55.192  -2.699  6.187 0.0000000000
51510  23.194  -29.303  51.332 0.0000000000
50354  9.821  -31.119  52.522 0.0000000000
49244  9.782  -31.611  51.910 0.0000000000
50355  9.385  -31.534  53.204 0.0000000000
72815  40.076  -11.975  35.106 0.0000000000
53791  27.985  -27.583  45.747 0.0000000000
52702  20.297  -28.483  46.333 0.0000000000
52690  20.095  -28.982  46.854 0.0000000000
51591  19.683  -29.171  46.299 0.0000000000
53810  19.946  -27.525  44.099 0.0000000000
53796  20.358  -27.620  44.911 0.0000000000
53672  17.419  -28.169  54.446 0.0000000000
53653  17.290  -27.898  55.317 0.0000000000
53634  17.100  -27.789  56.030 0.0000000000
79128  52.460  -6.552  19.263 0.0000000000
77961  52.699  -7.408  19.768 0.0000000000
77946  53.102  -7.224  20.435 0.0000000000
65907  32.202  -17.404  34.355 0.0000000000
65923  32.292  -17.299  33.588 0.0000000000
67129  33.150  -16.799  34.620 0.0000000000
58461  33.217  -23.257  44.417 0.0000000000
59584  33.525  -21.707  44.741 0.0000000000
60779  33.464  -20.956  45.354 0.0000000000
79157  49.674  -7.613  16.709 0.0000000000
79278  53.135  -6.407  7.147 0.0000000000
79250  53.414  -6.659  8.826 0.0000000000
79236  53.224  -6.918  9.408 0.0000000000
56088  25.076  -26.069  47.772 0.0000000000
52603  12.606  -28.994  52.878 0.0000000000
52591  12.347  -28.807  53.819 0.0000000000
52568  10.929  -28.543  55.492 0.0000000000
74374  48.501  -10.280  18.418 0.0000000000
74363  48.132  -10.520  18.978 0.0000000000
74350  47.896  -10.483  19.793 0.0000000000
73059  46.010  -11.280  20.749 0.0000000000
73058  46.659  -11.003  20.825 0.0000000000
73041  46.558  -11.107  21.525 0.0000000000
74318  47.027  -11.004  21.999 0.0000000000
74309  47.856  -10.910  23.440 0.0000000000
74301  47.782  -11.051  23.927 0.0000000000
72986  47.542  -11.208  24.427 0.0000000000
71653  41.462  -12.973  30.288 0.0000000000
74129  42.613  -10.114  33.594 0.0000000000
45733  6.577  -35.008  50.565 0.0000000000
45717  6.198  -35.190  52.442 0.0000000000
44533  5.624  -35.421  52.683 0.0000000000
69474  38.180  -14.317  25.146 0.0000000000
70540  39.209  -13.886  27.199 0.0000000000
69446  38.596  -14.363  27.361 0.0000000000
69419  37.248  -15.441  29.638 0.0000000000
69386  38.236  -14.419  31.755 0.0000000000
69373  38.167  -14.361  32.104 0.0000000000
70442  37.186  -13.764  33.440 0.0000000000
54903  30.164  -27.302  43.746 0.0000000000
54940  30.122  -26.393  42.461 0.0000000000
54920  31.426  -26.483  43.561 0.0000000000
56121  32.584  -25.813  44.150 0.0000000000
54900  32.758  -26.038  44.994 0.0000000000
54879  32.703  -25.948  45.883 0.0000000000
56099  32.715  -25.390  46.740 0.0000000000
56068  28.245  -25.408  48.928 0.0000000000
56050  28.530  -25.407  49.797 0.0000000000
57229  30.281  -24.951  51.453 0.0000000000
57247  31.007  -24.584  50.188 0.0000000000
54768  22.028  -26.914  52.868 0.0000000000
51521  19.454  -29.311  49.746 0.0000000000
52613  19.807  -28.952  50.942 0.0000000000
52632  19.446  -29.259  50.252 0.0000000000
52614  19.165  -29.209  51.044 0.0000000000
52600  18.337  -28.847  52.095 0.0000000000
52728  15.457  -28.932  44.479 0.0000000000
52694  14.884  -28.989  47.507 0.0000000000
52682  13.928  -29.372  49.131 0.0000000000
50417  10.640  -31.374  47.640 0.0000000000
49297  10.458  -31.439  48.936 0.0000000000
53857  24.407  -27.168  41.472 0.0000000000
54829  21.880  -26.950  48.111 0.0000000000
48054  7.371  -33.057  55.347 0.0000000000
49204  7.679  -32.494  55.509 0.0000000000
49205  7.140  -32.526  56.118 0.0000000000
49183  6.548  -31.734  57.223 0.0000000000
80291  54.553  -5.601  21.825 0.0000000000
79104  54.691  -6.575  21.418 0.0000000000
79105  54.500  -6.815  22.143 0.0000000000
77914  54.652  -7.964  22.091 0.0000000000
75544  54.719  -9.027  22.109 0.0000000000
74305  54.507  -10.265  23.223 0.0000000000
75557  50.694  -9.583  20.840 0.0000000000
75546  51.433  -9.121  21.599 0.0000000000
74269  53.099  -10.089  26.240 0.0000000000
75509  52.949  -9.474  25.751 0.0000000000
73025  42.659  -11.795  22.529 0.0000000000
72973  44.170  -11.132  25.582 0.0000000000
74253  47.351  -10.764  27.895 0.0000000000
72893  43.974  -11.440  29.883 0.0000000000
74217  43.943  -11.361  29.437 0.0000000000
75477  45.066  -10.460  29.848 0.0000000000
75476  45.584  -9.989  29.781 0.0000000000
75473  48.425  -8.850  29.625 0.0000000000
69407  33.342  -15.719  30.888 0.0000000000
69357  34.169  -14.917  34.906 0.0000000000
70432  34.575  -14.436  34.750 0.0000000000
70431  34.851  -14.035  34.605 0.0000000000
70430  35.337  -13.777  34.397 0.0000000000
70429  35.996  -13.546  34.271 0.0000000000
71601  35.684  -13.449  34.866 0.0000000000
71585  35.694  -13.128  35.643 0.0000000000
71569  35.959  -12.409  36.677 0.0000000000
60838  32.006  -21.139  40.936 0.0000000000
62077  31.670  -20.021  40.240 0.0000000000
63252  31.242  -19.313  39.656 0.0000000000
64458  31.296  -18.687  39.823 0.0000000000
64394  32.798  -18.642  47.291 0.0000000000
65680  33.157  -17.953  48.150 0.0000000000
65702  33.007  -17.641  47.014 0.0000000000
68123  32.530  -16.270  42.167 0.0000000000
68133  32.660  -15.948  41.373 0.0000000000
68147  33.250  -15.571  40.533 0.0000000000
69271  34.340  -14.689  40.701 0.0000000000
79205  48.469  -7.111  13.107 0.0000000000
78042  51.363  -7.898  10.935 0.0000000000
78027  51.487  -7.926  11.906 0.0000000000
78017  52.503  -7.747  13.224 0.0000000000
79167  53.464  -6.132  16.211 0.0000000000
80343  54.650  -4.763  15.323 0.0000000000
81482  54.907  -4.607  15.432 0.0000000000
81476  54.979  -4.465  16.421 0.0000000000
82621  55.236  -3.244  7.408 0.0000000000
83715  55.582  -2.817  6.808 0.0000000000
81559  56.240  -4.163  6.855 0.0000000000
81513  54.955  -4.738  10.733 0.0000000000
81504  55.519  -5.332  11.521 0.0000000000
80377  55.711  -5.915  11.801 0.0000000000
54804  24.079  -26.911  49.924 0.0000000000
51504  11.087  -29.795  52.526 0.0000000000
51483  10.490  -29.434  54.185 0.0000000000
52580  9.967  -29.413  55.003 0.0000000000
51476  9.728  -29.620  55.132 0.0000000000
52561  8.959  -29.444  56.470 0.0000000000
73072  45.564  -11.409  19.872 0.0000000000
71622  41.273  -12.457  31.987 0.0000000000
72843  40.889  -12.274  33.024 0.0000000000
72813  41.587  -10.870  34.328 0.0000000000
72814  40.860  -11.470  34.760 0.0000000000
44541  4.124  -36.424  51.371 0.0000000000
43440  3.397  -36.421  52.261 0.0000000000
43434  3.064  -36.356  52.840 0.0000000000
44528  2.858  -36.178  53.350 0.0000000000
68287  36.751  -15.746  29.113 0.0000000000
68273  36.531  -15.645  29.984 0.0000000000
69404  36.125  -15.370  30.931 0.0000000000
54923  28.954  -27.131  42.619 0.0000000000
53802  30.560  -27.457  45.010 0.0000000000
53788  30.575  -27.369  45.296 0.0000000000
54820  21.289  -27.401  49.324 0.0000000000
54807  21.001  -27.382  50.325 0.0000000000
52655  20.429  -28.771  49.654 0.0000000000
51577  20.132  -29.115  47.629 0.0000000000
52676  19.999  -29.219  48.975 0.0000000000
51539  19.399  -29.356  49.258 0.0000000000
51540  18.689  -29.396  49.041 0.0000000000
52677  17.818  -29.276  48.359 0.0000000000
51624  13.092  -29.904  44.574 0.0000000000
51609  12.721  -30.390  45.605 0.0000000000
51596  12.801  -30.414  46.842 0.0000000000
50440  11.993  -30.627  45.653 0.0000000000
56123  21.005  -26.482  43.294 0.0000000000
54830  21.421  -27.402  48.316 0.0000000000
81457  53.785  -4.459  18.792 0.0000000000
81449  53.738  -4.591  19.850 0.0000000000
81436  54.197  -4.395  20.594 0.0000000000
81437  53.773  -4.795  20.840 0.0000000000
81429  54.149  -4.662  21.504 0.0000000000
81421  54.093  -4.727  22.099 0.0000000000
80277  54.239  -5.548  22.650 0.0000000000
79079  54.113  -6.585  23.160 0.0000000000
74306  50.267  -9.853  23.967 0.0000000000
75530  50.874  -9.690  24.662 0.0000000000
75511  52.272  -10.013  26.075 0.0000000000
74270  52.549  -10.215  26.499 0.0000000000
72974  43.128  -11.002  25.451 0.0000000000
75434  45.673  -9.720  31.816 0.0000000000
69392  32.750  -15.791  31.644 0.0000000000
68245  33.772  -15.381  33.439 0.0000000000
68237  33.765  -15.762  34.253 0.0000000000
70402  34.261  -14.478  36.004 0.0000000000
58489  31.365  -23.773  41.212 0.0000000000
58488  31.904  -23.316  41.744 0.0000000000
59623  32.631  -22.341  42.015 0.0000000000
59609  33.322  -22.204  43.083 0.0000000000
59622  33.131  -22.011  42.507 0.0000000000
62061  32.937  -20.528  41.889 0.0000000000
63229  32.809  -19.936  41.715 0.0000000000
63223  33.187  -19.504  42.317 0.0000000000
80346  47.587  -6.275  15.270 0.0000000000
80356  47.862  -6.237  15.083 0.0000000000
78006  50.370  -7.581  13.983 0.0000000000
78005  51.069  -7.720  14.431 0.0000000000
79182  51.878  -7.390  15.776 0.0000000000
79168  52.516  -6.825  16.498 0.0000000000
79153  53.049  -6.088  17.257 0.0000000000
81575  54.446  -4.343  5.902 0.0000000000
82632  54.668  -3.682  6.360 0.0000000000
80449  54.083  -5.065  6.519 0.0000000000
81560  54.424  -4.412  6.662 0.0000000000
82622  54.722  -3.534  7.076 0.0000000000
82611  55.347  -3.690  8.169 0.0000000000
54885  25.630  -27.532  45.345 0.0000000000
53780  26.452  -27.607  45.615 0.0000000000
56087  25.991  -25.901  47.862 0.0000000000
53754  24.802  -27.465  49.447 0.0000000000
52653  25.129  -28.404  48.992 0.0000000000
53753  25.866  -27.369  49.337 0.0000000000
51636  18.485  -29.364  43.694 0.0000000000
53690  14.735  -28.097  53.929 0.0000000000
53676  13.623  -28.059  54.904 0.0000000000
53637  14.087  -27.928  56.160 0.0000000000
52592  11.621  -29.085  53.809 0.0000000000
53678  11.947  -28.157  55.398 0.0000000000
53659  11.493  -27.942  55.942 0.0000000000
76800  50.230  -8.654  17.652 0.0000000000
76783  51.276  -8.861  18.594 0.0000000000
75580  50.802  -9.238  18.703 0.0000000000
75569  50.784  -9.597  19.747 0.0000000000
74342  47.866  -10.540  20.665 0.0000000000
74343  47.255  -10.783  20.805 0.0000000000
74328  48.503  -10.361  21.347 0.0000000000
75549  48.952  -10.123  21.786 0.0000000000
75539  49.704  -9.812  22.943 0.0000000000
71704  41.011  -12.339  27.331 0.0000000000
72916  41.675  -12.264  28.212 0.0000000000
71684  41.749  -12.366  28.427 0.0000000000
72895  42.623  -12.203  29.148 0.0000000000
71652  42.114  -12.645  29.767 0.0000000000
72873  43.589  -11.693  30.479 0.0000000000
74170  44.680  -10.496  31.595 0.0000000000
74172  42.835  -11.114  32.131 0.0000000000
74152  42.869  -10.673  32.620 0.0000000000
74150  44.506  -9.899  32.259 0.0000000000
75435  44.919  -9.886  32.149 0.0000000000
65909  30.482  -18.118  34.666 0.0000000000
62016  32.121  -21.270  47.967 0.0000000000
63185  32.121  -20.234  48.752 0.0000000000
76824  47.983  -8.413  16.476 0.0000000000
77991  48.461  -8.062  16.420 0.0000000000
79158  48.962  -7.760  16.421 0.0000000000
77982  49.897  -8.117  17.184 0.0000000000
46865  8.472  -33.572  50.664 0.0000000000
48105  8.389  -33.336  52.108 0.0000000000
46844  8.319  -33.563  51.468 0.0000000000
45703  7.293  -34.456  52.374 0.0000000000
46818  7.048  -34.214  53.603 0.0000000000
46804  7.236  -33.637  54.560 0.0000000000
48066  7.041  -33.510  55.067 0.0000000000
48056  6.259  -33.470  55.866 0.0000000000
44525  5.612  -35.250  53.223 0.0000000000
45685  5.443  -34.625  54.627 0.0000000000
45678  5.037  -34.464  55.094 0.0000000000
46791  5.353  -33.820  56.173 0.0000000000
72993  40.145  -11.924  24.712 0.0000000000
71744  39.525  -13.185  25.374 0.0000000000
71743  39.990  -12.902  25.718 0.0000000000
71724  40.505  -12.618  26.690 0.0000000000
70538  40.247  -13.114  27.993 0.0000000000
70523  40.695  -13.157  28.602 0.0000000000
70507  40.477  -13.557  29.261 0.0000000000
70475  40.071  -13.637  30.976 0.0000000000
69417  38.940  -14.497  29.648 0.0000000000
70492  39.392  -14.126  30.444 0.0000000000
71611  39.570  -13.036  33.460 0.0000000000
70440  38.952  -13.653  32.908 0.0000000000
71582  39.070  -12.355  35.319 0.0000000000
72801  38.419  -11.937  36.132 0.0000000000
56178  28.488  -25.970  40.557 0.0000000000
56163  28.833  -25.863  41.020 0.0000000000
56149  30.004  -25.894  41.946 0.0000000000
57327  30.795  -24.607  41.321 0.0000000000
57326  31.438  -24.192  41.800 0.0000000000
57316  32.663  -24.042  43.054 0.0000000000
57305  32.917  -24.305  43.874 0.0000000000
58447  33.120  -23.314  45.481 0.0000000000
59558  32.559  -22.523  46.986 0.0000000000
53779  26.860  -27.472  45.953 0.0000000000
54862  28.386  -26.878  46.902 0.0000000000
54883  28.839  -27.238  46.235 0.0000000000
56067  29.361  -25.624  49.138 0.0000000000
56049  29.598  -25.461  50.008 0.0000000000
56083  30.231  -26.118  48.443 0.0000000000
54838  30.773  -26.373  47.586 0.0000000000
56100  32.124  -25.895  47.032 0.0000000000
56081  32.567  -24.955  47.471 0.0000000000
57269  32.119  -24.060  48.519 0.0000000000
57268  32.459  -24.335  47.787 0.0000000000
58416  32.292  -23.514  47.985 0.0000000000
59544  32.193  -22.630  47.816 0.0000000000
60748  31.979  -21.761  48.143 0.0000000000
51492  22.676  -29.829  53.196 0.0000000000
51493  22.408  -29.266  53.578 0.0000000000
53648  21.599  -27.900  54.276 0.0000000000
53669  21.450  -27.555  54.124 0.0000000000
54750  20.820  -27.345  54.347 0.0000000000
54795  20.697  -27.495  51.397 0.0000000000
54782  20.576  -27.179  52.511 0.0000000000
53702  20.247  -28.032  52.086 0.0000000000
54770  20.408  -27.100  53.341 0.0000000000
54762  19.780  -27.399  54.542 0.0000000000
52588  18.176  -28.676  52.823 0.0000000000
52589  17.683  -28.587  52.726 0.0000000000
53687  17.589  -28.456  53.364 0.0000000000
51621  18.250  -29.469  44.719 0.0000000000
51606  18.305  -29.466  45.677 0.0000000000
52713  17.672  -29.347  45.708 0.0000000000
51580  17.838  -29.419  47.205 0.0000000000
51562  17.637  -29.299  47.669 0.0000000000
52678  17.407  -29.087  48.116 0.0000000000
52635  16.247  -28.289  50.307 0.0000000000
53741  16.045  -28.183  51.138 0.0000000000
52618  13.498  -28.927  51.802 0.0000000000
52638  13.610  -29.152  50.946 0.0000000000
51511  12.625  -29.516  51.398 0.0000000000
50416  11.334  -30.834  47.373 0.0000000000
51566  11.986  -30.436  48.826 0.0000000000
51526  10.995  -30.525  50.484 0.0000000000
50377  10.608  -30.895  50.436 0.0000000000
50378  10.166  -31.372  50.738 0.0000000000
48119  9.439  -32.509  50.312 0.0000000000
48120  8.949  -33.005  50.453 0.0000000000
48146  8.829  -33.040  48.686 0.0000000000
45747  7.192  -34.537  49.607 0.0000000000
45748  6.454  -34.894  49.324 0.0000000000
53854  26.774  -27.175  41.786 0.0000000000
54967  26.001  -26.936  40.931 0.0000000000
53824  24.966  -27.549  43.253 0.0000000000
53808  25.183  -27.571  44.218 0.0000000000
53794  25.601  -27.610  44.838 0.0000000000
54869  22.222  -26.800  46.327 0.0000000000
54847  22.605  -26.808  47.239 0.0000000000
56075  22.267  -26.685  48.205 0.0000000000
56091  23.001  -26.623  47.526 0.0000000000
54805  23.557  -26.797  50.300 0.0000000000
53718  23.287  -27.431  50.991 0.0000000000
56026  22.973  -26.401  51.159 0.0000000000
52597  23.000  -28.235  51.786 0.0000000000
53635  16.094  -27.818  56.079 0.0000000000
48088  8.637  -32.848  52.755 0.0000000000
49215  8.731  -31.736  54.413 0.0000000000
49203  8.363  -31.666  55.158 0.0000000000
50318  8.477  -30.843  55.797 0.0000000000
51472  8.500  -30.202  56.370 0.0000000000
51457  8.517  -29.793  56.822 0.0000000000
81447  54.926  -4.730  19.173 0.0000000000
76782  51.770  -8.464  18.855 0.0000000000
76765  52.828  -8.051  20.519 0.0000000000
76752  52.938  -7.887  21.839 0.0000000000
77931  53.358  -7.192  21.776 0.0000000000
77900  53.388  -7.016  23.065 0.0000000000
79080  53.799  -6.644  23.206 0.0000000000
77884  54.023  -7.423  23.951 0.0000000000
76716  52.780  -8.143  24.746 0.0000000000
76708  53.068  -8.311  25.060 0.0000000000
77873  53.002  -7.861  24.835 0.0000000000
77872  53.223  -7.849  24.713 0.0000000000
76715  53.978  -8.232  24.490 0.0000000000
73062  43.239  -11.900  20.477 0.0000000000
72936  42.273  -11.478  27.492 0.0000000000
74258  42.828  -11.115  27.482 0.0000000000
74236  43.813  -11.253  28.843 0.0000000000
74257  43.464  -11.001  27.788 0.0000000000
74256  44.435  -10.765  27.628 0.0000000000
74255  45.294  -10.657  27.630 0.0000000000
75456  45.812  -9.909  30.698 0.0000000000
76668  47.149  -8.433  30.169 0.0000000000
75489  45.780  -9.867  29.043 0.0000000000
74233  45.995  -10.195  28.406 0.0000000000
74254  46.263  -10.717  27.605 0.0000000000
74213  48.968  -9.734  29.331 0.0000000000
74229  50.547  -10.557  28.709 0.0000000000
69390  34.488  -15.253  31.932 0.0000000000
70461  36.651  -14.138  32.996 0.0000000000
58519  31.268  -22.837  40.019 0.0000000000
60870  30.791  -21.257  38.737 0.0000000000
64501  29.962  -18.879  36.399 0.0000000000
64500  30.320  -18.477  36.957 0.0000000000
65875  30.886  -17.664  37.208 0.0000000000
65874  31.493  -17.177  37.455 0.0000000000
62029  33.297  -20.223  45.773 0.0000000000
63205  33.252  -19.246  45.804 0.0000000000
63204  33.643  -19.644  45.015 0.0000000000
64414  33.586  -18.969  43.682 0.0000000000
64422  33.447  -19.042  43.205 0.0000000000
64432  32.946  -18.759  42.403 0.0000000000
66956  32.993  -16.581  45.611 0.0000000000
68091  33.147  -15.833  45.303 0.0000000000
66970  33.146  -16.513  44.492 0.0000000000
65756  33.157  -17.365  43.861 0.0000000000
64424  32.811  -17.847  42.797 0.0000000000
64433  32.633  -18.257  42.200 0.0000000000
65828  31.633  -17.465  40.252 0.0000000000
67022  31.969  -16.961  40.892 0.0000000000
65846  31.392  -17.372  39.403 0.0000000000
65863  31.527  -17.056  38.371 0.0000000000
67103  31.948  -16.954  37.069 0.0000000000
67101  33.429  -16.169  37.110 0.0000000000
68183  33.630  -15.714  38.628 0.0000000000
68202  34.010  -15.453  37.507 0.0000000000
69320  34.371  -14.818  37.304 0.0000000000
69335  34.533  -14.365  37.002 0.0000000000
70386  34.825  -13.770  37.213 0.0000000000
69241  34.392  -14.244  42.207 0.0000000000
69255  34.573  -14.247  41.337 0.0000000000
70351  34.902  -13.922  40.447 0.0000000000
70331  35.537  -12.895  41.457 0.0000000000
70366  34.837  -13.963  39.377 0.0000000000
70377  34.934  -13.553  38.384 0.0000000000
71555  35.294  -13.004  37.447 0.0000000000
72771  36.229  -11.906  37.278 0.0000000000
72770  36.951  -11.512  37.567 0.0000000000
79253  50.586  -6.581  8.153 0.0000000000
78079  50.826  -7.166  8.774 0.0000000000
79237  52.749  -7.387  9.807 0.0000000000
79225  52.890  -7.405  10.710 0.0000000000
79217  53.436  -6.694  11.073 0.0000000000
78011  51.783  -7.875  13.808 0.0000000000
78010  52.584  -7.616  14.130 0.0000000000
79203  53.143  -7.093  13.603 0.0000000000
80372  54.588  -5.171  12.916 0.0000000000
81493  55.016  -4.970  13.443 0.0000000000
81487  55.303  -5.269  13.909 0.0000000000
81481  55.324  -5.144  14.924 0.0000000000
42458  3.078  -36.816  51.427 0.0000000000
43435  2.525  -36.509  52.937 0.0000000000
43445  4.059  -36.590  50.964 0.0000000000
43447  3.070  -36.703  51.778 0.0000000000
44538  6.300  -35.252  51.250 0.0000000000
45684  6.081  -34.518  54.383 0.0000000000
46794  6.516  -33.739  55.320 0.0000000000
46817  7.430  -33.694  54.093 0.0000000000
46830  7.211  -34.356  52.999 0.0000000000
48055  6.851  -33.313  55.602 0.0000000000
48076  8.541  -32.718  53.328 0.0000000000
49192  6.827  -32.092  56.692 0.0000000000
49264  9.317  -32.418  51.518 0.0000000000
49312  10.350  -31.609  48.383 0.0000000000
50305  7.891  -30.866  56.574 0.0000000000
50306  7.349  -31.448  56.748 0.0000000000
50328  9.409  -30.655  54.294 0.0000000000
50366  10.448  -30.896  51.096 0.0000000000
51459  7.476  -30.513  57.427 0.0000000000
51473  8.087  -30.399  56.714 0.0000000000
51538  23.820  -28.839  49.629 0.0000000000
51559  20.087  -29.185  48.080 0.0000000000
52567  11.524  -28.335  55.425 0.0000000000
52656  19.856  -29.185  49.732 0.0000000000
53736  24.272  -27.240  49.777 0.0000000000
53789  30.218  -27.491  45.345 0.0000000000
54769  21.620  -26.934  53.161 0.0000000000
54793  22.873  -26.531  51.453 0.0000000000
54863  27.573  -27.045  46.750 0.0000000000
56016  21.004  -26.738  52.566 0.0000000000
56023  29.543  -25.193  50.844 0.0000000000
56048  30.524  -25.158  50.253 0.0000000000
57221  30.315  -25.158  52.044 0.0000000000
57222  29.758  -25.349  51.627 0.0000000000
57240  29.974  -25.062  50.799 0.0000000000
58345  30.558  -24.856  51.586 0.0000000000
59536  31.767  -22.502  48.960 0.0000000000
59597  33.576  -21.733  44.481 0.0000000000
60791  33.613  -21.286  44.789 0.0000000000
60792  33.421  -21.414  45.239 0.0000000000
60826  33.028  -21.370  42.176 0.0000000000
62008  31.978  -20.936  48.504 0.0000000000
62028  33.632  -20.522  45.088 0.0000000000
62054  33.703  -20.528  42.952 0.0000000000
62078  31.384  -20.201  39.797 0.0000000000
63209  33.841  -19.670  44.060 0.0000000000
63216  33.385  -19.141  42.922 0.0000000000
63222  33.609  -20.041  42.627 0.0000000000
63240  31.407  -18.865  40.042 0.0000000000
64380  32.842  -18.951  48.668 0.0000000000
65757  32.887  -17.057  43.435 0.0000000000
65774  32.909  -17.555  43.177 0.0000000000
67021  32.248  -16.495  40.755 0.0000000000
67034  32.247  -16.426  40.245 0.0000000000
67068  33.307  -15.997  38.481 0.0000000000
67089  32.061  -16.787  37.621 0.0000000000
68146  33.986  -15.192  40.125 0.0000000000
68184  33.252  -15.842  39.151 0.0000000000
69212  33.367  -15.273  44.249 0.0000000000
70446  34.727  -14.431  34.255 0.0000000000
70522  41.104  -13.003  28.831 0.0000000000
72788  36.680  -11.943  36.732 0.0000000000
72789  36.248  -12.047  36.883 0.0000000000
72954  44.449  -11.026  26.179 0.0000000000
72957  40.823  -12.240  26.536 0.0000000000
72968  48.844  -11.040  25.745 0.0000000000
73020  47.409  -11.056  22.955 0.0000000000
74252  47.922  -10.858  27.959 0.0000000000
75487  47.036  -9.454  29.026 0.0000000000
75591  50.487  -9.001  18.078 0.0000000000
76706  53.633  -8.289  24.721 0.0000000000
76717  52.425  -8.439  24.301 0.0000000000
76751  53.197  -7.570  21.600 0.0000000000
76764  53.217  -7.535  21.184 0.0000000000
77871  53.605  -7.891  24.566 0.0000000000
77885  53.516  -7.482  24.222 0.0000000000
77916  53.349  -7.117  22.462 0.0000000000
77930  54.585  -7.281  21.922 0.0000000000
77932  53.194  -7.422  22.208 0.0000000000
77973  51.699  -7.590  18.462 0.0000000000
78000  51.555  -7.616  15.108 0.0000000000
78003  52.594  -7.483  14.890 0.0000000000
79066  54.031  -7.025  23.607 0.0000000000
79067  53.835  -7.084  23.675 0.0000000000
79117  52.900  -6.884  19.930 0.0000000000
79195  50.397  -7.479  14.497 0.0000000000
79204  49.310  -7.299  13.334 0.0000000000
80276  54.350  -5.281  22.649 0.0000000000
80278  54.054  -5.826  22.920 0.0000000000
80283  54.403  -5.348  22.407 0.0000000000
80292  54.492  -6.270  22.139 0.0000000000
80299  53.606  -5.537  21.083 0.0000000000
80333  51.813  -6.429  17.793 0.0000000000
81407  54.314  -5.135  22.464 0.0000000000
81408  54.137  -5.289  22.646 0.0000000000
81409  53.972  -5.437  22.787 0.0000000000
81420  54.368  -5.037  21.960 0.0000000000
81422  53.918  -5.278  22.410 0.0000000000
81483  54.674  -4.587  16.047 0.0000000000
83716  54.979  -2.946  6.781 0.0000000000
83728  54.835  -3.120  6.202 0.0000000000
