#!ascii label  , from subject sub-THP0005 vox2ras=TkReg
946
58585  27.971  -23.968  34.829 0.0000000000
74367  41.611  -10.713  18.048 0.0000000000
67237  32.733  -16.318  25.640 0.0000000000
52763  9.755  -28.031  42.813 0.0000000000
58559  22.965  -23.513  37.828 0.0000000000
71774  34.217  -12.947  23.657 0.0000000000
55029  16.695  -26.239  38.772 0.0000000000
52758  14.261  -28.792  42.294 0.0000000000
56180  20.026  -25.463  40.113 0.0000000000
74376  46.741  -10.592  17.776 0.0000000000
64525  24.194  -18.622  34.879 0.0000000000
64589  28.503  -18.720  30.471 0.0000000000
62124  29.290  -20.363  35.467 0.0000000000
79159  43.749  -6.792  17.131 0.0000000000
80347  46.796  -6.139  15.224 0.0000000000
77952  38.332  -7.731  20.214 0.0000000000
73027  40.515  -11.546  22.540 0.0000000000
73030  37.198  -11.780  22.036 0.0000000000
68354  37.047  -15.242  26.164 0.0000000000
55005  27.675  -26.348  39.499 0.0000000000
49345  9.390  -31.843  46.018 0.0000000000
49339  5.643  -32.307  46.518 0.0000000000
48121  3.749  -32.048  49.966 0.0000000000
57411  25.668  -24.888  36.232 0.0000000000
55009  23.928  -26.893  39.437 0.0000000000
69434  27.812  -14.443  28.138 0.0000000000
68263  32.040  -15.959  31.140 0.0000000000
80381  47.766  -4.916  10.378 0.0000000000
73103  43.912  -11.218  17.795 0.0000000000
73074  43.662  -11.795  19.525 0.0000000000
60945  26.090  -21.710  34.656 0.0000000000
62160  26.508  -20.614  33.049 0.0000000000
59714  29.305  -22.586  34.707 0.0000000000
76803  41.930  -8.932  18.530 0.0000000000
76801  43.280  -8.082  18.590 0.0000000000
75607  43.156  -9.500  17.206 0.0000000000
75619  45.269  -9.542  16.504 0.0000000000
43459  3.366  -36.840  49.710 0.0000000000
75560  37.247  -9.863  21.008 0.0000000000
75562  35.663  -9.751  21.831 0.0000000000
68377  32.929  -14.830  24.237 0.0000000000
68385  35.057  -15.162  23.892 0.0000000000
67219  35.217  -16.068  26.243 0.0000000000
67174  34.917  -16.431  28.783 0.0000000000
52760  12.193  -28.711  42.286 0.0000000000
51623  13.807  -29.430  44.539 0.0000000000
51625  12.082  -30.199  44.454 0.0000000000
50431  11.386  -30.816  46.437 0.0000000000
51627  10.000  -30.098  44.592 0.0000000000
51599  6.406  -29.899  46.453 0.0000000000
48149  4.409  -32.622  48.458 0.0000000000
57389  24.258  -24.686  36.735 0.0000000000
55037  25.068  -26.264  36.810 0.0000000000
56227  23.216  -25.955  36.657 0.0000000000
54947  19.622  -26.867  41.802 0.0000000000
56150  21.011  -26.220  41.914 0.0000000000
65925  30.681  -18.132  33.858 0.0000000000
67166  30.442  -17.158  30.676 0.0000000000
74310  35.051  -10.771  23.744 0.0000000000
70580  33.411  -13.008  25.455 0.0000000000
70582  31.494  -13.945  25.263 0.0000000000
52767  18.321  -28.531  41.536 0.0000000000
52740  17.196  -29.326  43.728 0.0000000000
52778  16.215  -28.460  40.497 0.0000000000
53879  13.087  -27.105  40.632 0.0000000000
54952  10.987  -26.836  41.871 0.0000000000
57393  20.755  -24.541  37.339 0.0000000000
58543  19.167  -23.586  38.182 0.0000000000
56195  18.669  -25.883  39.463 0.0000000000
67132  26.599  -16.872  33.981 0.0000000000
67160  27.227  -16.888  31.281 0.0000000000
64576  25.954  -18.818  31.370 0.0000000000
64536  28.648  -19.090  33.620 0.0000000000
81495  44.541  -4.453  13.561 0.0000000000
79189  44.612  -6.457  15.868 0.0000000000
77993  46.567  -7.952  16.154 0.0000000000
75598  39.625  -9.679  18.671 0.0000000000
73064  41.101  -11.877  20.520 0.0000000000
74344  39.231  -11.006  20.516 0.0000000000
73028  39.324  -11.421  22.411 0.0000000000
71770  39.083  -12.373  24.038 0.0000000000
70624  35.105  -12.691  22.515 0.0000000000
69503  37.077  -14.089  23.688 0.0000000000
56223  28.341  -25.701  37.154 0.0000000000
57365  30.182  -24.255  37.621 0.0000000000
76771  40.675  -7.890  19.701 0.0000000000
53812  8.417  -27.571  43.901 0.0000000000
51613  7.063  -29.610  45.027 0.0000000000
48199  7.382  -32.132  45.750 0.0000000000
46901  7.651  -33.934  48.562 0.0000000000
45781  5.663  -34.428  47.683 0.0000000000
45766  4.249  -34.664  48.190 0.0000000000
45751  2.697  -34.830  49.566 0.0000000000
45719  1.147  -33.797  50.527 0.0000000000
57409  27.094  -24.327  35.602 0.0000000000
55035  26.898  -26.255  36.820 0.0000000000
55007  26.052  -26.763  39.211 0.0000000000
55011  22.083  -26.329  39.103 0.0000000000
68340  29.983  -15.870  26.586 0.0000000000
67181  27.874  -15.986  29.498 0.0000000000
68311  29.606  -15.931  28.392 0.0000000000
67194  32.059  -16.375  28.446 0.0000000000
59670  30.701  -22.336  38.436 0.0000000000
80400  49.109  -5.548  9.250 0.0000000000
80374  45.793  -5.849  12.564 0.0000000000
78031  47.829  -7.203  11.418 0.0000000000
73104  43.079  -11.025  17.670 0.0000000000
73090  44.220  -11.574  18.705 0.0000000000
73075  42.571  -11.894  19.438 0.0000000000
59727  27.098  -22.632  34.755 0.0000000000
59726  27.832  -22.552  34.209 0.0000000000
58603  28.356  -23.054  34.419 0.0000000000
75609  41.723  -9.812  17.828 0.0000000000
75594  42.474  -9.225  17.958 0.0000000000
74380  42.524  -10.405  17.540 0.0000000000
74379  43.641  -10.449  17.192 0.0000000000
43460  2.518  -36.594  49.497 0.0000000000
76760  35.931  -8.952  21.950 0.0000000000
76747  36.052  -8.627  22.767 0.0000000000
68359  33.001  -15.581  24.818 0.0000000000
68358  34.001  -15.781  24.813 0.0000000000
67221  33.541  -16.629  26.288 0.0000000000
67205  35.366  -16.263  26.921 0.0000000000
67207  33.287  -16.731  27.279 0.0000000000
52761  11.210  -28.531  42.316 0.0000000000
52745  11.800  -29.192  42.970 0.0000000000
52746  10.825  -29.019  43.077 0.0000000000
51626  11.063  -30.118  44.439 0.0000000000
51643  9.592  -29.342  43.814 0.0000000000
57369  24.164  -24.160  37.882 0.0000000000
57412  23.808  -25.194  36.340 0.0000000000
57414  22.598  -24.558  36.535 0.0000000000
53827  19.489  -27.724  42.591 0.0000000000
69393  28.269  -14.761  31.625 0.0000000000
65924  31.657  -17.664  33.332 0.0000000000
70581  32.482  -13.429  25.031 0.0000000000
71729  32.036  -12.625  26.190 0.0000000000
54996  17.719  -27.384  39.527 0.0000000000
52768  17.133  -28.815  41.203 0.0000000000
53888  16.236  -27.434  39.309 0.0000000000
54998  13.782  -26.749  40.593 0.0000000000
54975  12.926  -26.634  41.115 0.0000000000
54976  11.965  -26.986  41.326 0.0000000000
59674  20.093  -22.449  38.151 0.0000000000
58546  16.826  -24.417  38.731 0.0000000000
58545  17.602  -24.159  38.425 0.0000000000
56211  17.750  -25.721  38.740 0.0000000000
54995  18.521  -27.059  40.020 0.0000000000
65926  25.874  -17.566  32.730 0.0000000000
64551  24.807  -18.404  32.935 0.0000000000
62138  28.157  -20.696  34.001 0.0000000000
63344  27.288  -20.063  32.977 0.0000000000
63322  28.278  -19.753  34.135 0.0000000000
64523  29.231  -18.799  35.015 0.0000000000
63308  29.372  -19.505  35.697 0.0000000000
77984  43.753  -7.467  17.810 0.0000000000
80350  43.523  -5.071  15.640 0.0000000000
79176  44.032  -6.530  16.243 0.0000000000
74390  45.474  -10.319  16.909 0.0000000000
76826  45.992  -8.804  16.302 0.0000000000
75617  47.228  -9.536  16.825 0.0000000000
76789  39.093  -8.627  19.163 0.0000000000
74354  38.922  -10.403  19.854 0.0000000000
75584  38.441  -9.786  19.890 0.0000000000
73050  37.488  -11.096  21.771 0.0000000000
74332  37.932  -10.575  21.345 0.0000000000
73029  38.205  -11.531  22.466 0.0000000000
73010  39.173  -11.895  23.545 0.0000000000
71782  38.140  -12.147  23.038 0.0000000000
73013  34.836  -11.769  23.635 0.0000000000
73033  34.742  -11.622  22.874 0.0000000000
71773  34.531  -12.598  23.132 0.0000000000
68373  36.350  -15.316  24.844 0.0000000000
69504  36.459  -14.341  23.557 0.0000000000
69493  37.278  -14.524  24.441 0.0000000000
69474  38.180  -14.317  25.146 0.0000000000
56206  28.148  -26.025  38.435 0.0000000000
56190  29.025  -25.476  38.989 0.0000000000
77951  39.476  -7.245  20.369 0.0000000000
77966  39.237  -7.874  19.617 0.0000000000
76788  40.020  -8.277  19.074 0.0000000000
52741  16.018  -28.850  43.520 0.0000000000
52728  15.457  -28.932  44.479 0.0000000000
50432  10.663  -31.145  46.507 0.0000000000
50416  11.334  -30.834  47.373 0.0000000000
50418  10.197  -31.806  47.317 0.0000000000
49325  9.731  -32.158  47.307 0.0000000000
53798  7.362  -27.849  46.042 0.0000000000
52731  7.504  -29.030  44.603 0.0000000000
52719  7.231  -28.522  45.388 0.0000000000
49338  5.952  -31.503  46.380 0.0000000000
49348  6.833  -31.624  45.634 0.0000000000
48183  6.577  -32.543  46.190 0.0000000000
46946  7.093  -33.021  46.583 0.0000000000
46947  6.568  -33.335  46.768 0.0000000000
46902  6.816  -34.288  48.300 0.0000000000
46924  5.381  -33.747  47.137 0.0000000000
48133  4.081  -32.447  49.269 0.0000000000
46903  4.290  -33.659  48.134 0.0000000000
46904  3.776  -34.023  48.626 0.0000000000
45767  3.312  -34.760  48.920 0.0000000000
46867  3.011  -33.336  50.037 0.0000000000
58574  26.626  -23.954  36.656 0.0000000000
58573  26.984  -23.620  36.139 0.0000000000
57410  26.418  -24.640  35.917 0.0000000000
56246  26.763  -25.575  35.798 0.0000000000
56247  25.808  -25.637  36.033 0.0000000000
55023  24.482  -26.764  38.130 0.0000000000
55022  25.588  -26.727  38.055 0.0000000000
55008  24.983  -26.931  39.359 0.0000000000
56210  20.588  -24.971  37.960 0.0000000000
56209  21.218  -25.469  37.794 0.0000000000
56179  20.753  -25.609  39.573 0.0000000000
54946  21.751  -26.416  42.032 0.0000000000
73047  40.792  -11.708  21.533 0.0000000000
73046  41.857  -11.870  21.508 0.0000000000
73025  42.659  -11.795  22.529 0.0000000000
71714  28.722  -12.873  28.003 0.0000000000
70563  29.635  -13.620  26.563 0.0000000000
69448  28.690  -14.358  26.815 0.0000000000
65954  27.538  -17.874  30.290 0.0000000000
67169  27.718  -16.831  30.112 0.0000000000
67168  28.838  -17.271  29.802 0.0000000000
68264  31.355  -16.452  31.276 0.0000000000
68294  30.323  -16.389  29.483 0.0000000000
68279  31.331  -16.293  30.388 0.0000000000
68309  31.529  -16.152  28.794 0.0000000000
68278  32.071  -16.036  30.323 0.0000000000
68291  33.227  -16.217  29.562 0.0000000000
58536  30.571  -23.379  38.054 0.0000000000
80388  48.606  -5.138  9.686 0.0000000000
80359  45.178  -5.663  14.287 0.0000000000
80368  45.239  -5.393  13.273 0.0000000000
80367  46.041  -6.031  13.602 0.0000000000
79212  48.201  -7.310  12.315 0.0000000000
78021  48.830  -7.507  12.117 0.0000000000
57356  16.359  -24.811  39.361 0.0000000000
56197  15.686  -25.939  39.629 0.0000000000
74377  45.699  -10.861  17.657 0.0000000000
73088  46.093  -11.156  19.178 0.0000000000
73089  45.171  -11.447  18.958 0.0000000000
62140  24.607  -20.561  34.695 0.0000000000
63345  24.642  -20.038  33.200 0.0000000000
60961  25.831  -21.262  33.739 0.0000000000
60943  28.086  -21.710  33.925 0.0000000000
60927  29.403  -21.486  35.001 0.0000000000
76785  43.019  -8.463  19.626 0.0000000000
76802  42.671  -8.705  18.654 0.0000000000
76816  43.010  -8.777  17.885 0.0000000000
76828  44.184  -8.674  16.749 0.0000000000
77995  44.327  -7.704  16.738 0.0000000000
75620  44.311  -9.352  16.632 0.0000000000
74391  44.516  -10.092  16.772 0.0000000000
43458  4.187  -36.361  49.438 0.0000000000
77953  37.630  -8.013  20.590 0.0000000000
75572  37.708  -9.513  20.453 0.0000000000
76773  37.164  -8.584  20.846 0.0000000000
75561  36.554  -9.427  21.318 0.0000000000
73052  35.769  -11.300  21.759 0.0000000000
69496  33.321  -14.241  23.834 0.0000000000
69506  34.369  -14.278  23.310 0.0000000000
68376  33.674  -15.182  24.038 0.0000000000
68357  34.818  -15.835  25.134 0.0000000000
68338  35.756  -15.871  26.206 0.0000000000
67204  35.899  -16.104  27.189 0.0000000000
68306  36.216  -16.000  28.369 0.0000000000
54965  27.429  -26.790  41.350 0.0000000000
52759  13.183  -28.755  42.251 0.0000000000
52729  14.397  -29.037  44.329 0.0000000000
52744  12.780  -29.132  43.048 0.0000000000
51624  13.092  -29.904  44.574 0.0000000000
51609  12.721  -30.390  45.605 0.0000000000
51612  10.303  -30.608  45.189 0.0000000000
50443  9.638  -31.030  45.400 0.0000000000
51585  6.629  -29.049  46.946 0.0000000000
50405  5.883  -30.241  47.820 0.0000000000
49328  5.360  -31.629  47.335 0.0000000000
48166  5.162  -32.711  47.028 0.0000000000
49314  4.814  -31.574  48.639 0.0000000000
49299  4.779  -31.039  49.762 0.0000000000
49283  4.174  -31.172  50.443 0.0000000000
57388  25.312  -24.664  36.832 0.0000000000
56225  25.003  -25.302  36.377 0.0000000000
55038  23.862  -26.397  37.185 0.0000000000
55024  23.450  -26.714  38.245 0.0000000000
56181  19.423  -25.895  40.340 0.0000000000
56164  20.717  -25.936  40.832 0.0000000000
56138  20.151  -26.606  42.450 0.0000000000
73008  41.389  -11.524  23.604 0.0000000000
70510  27.574  -14.045  29.584 0.0000000000
64572  29.729  -18.637  31.661 0.0000000000
65952  29.417  -18.163  30.432 0.0000000000
65933  31.262  -17.571  32.195 0.0000000000
67150  31.920  -16.946  32.423 0.0000000000
81499  46.863  -4.017  11.441 0.0000000000
44549  1.294  -35.713  50.056 0.0000000000
74303  35.585  -10.527  24.836 0.0000000000
71760  34.966  -12.077  24.395 0.0000000000
70600  34.062  -12.968  25.094 0.0000000000
70602  32.758  -13.915  24.329 0.0000000000
69476  32.234  -14.590  24.688 0.0000000000
68360  31.959  -15.650  25.304 0.0000000000
52754  18.956  -28.553  42.509 0.0000000000
51636  18.485  -29.364  43.694 0.0000000000
52755  17.939  -29.228  42.642 0.0000000000
52756  16.589  -28.960  42.474 0.0000000000
52770  14.766  -28.578  41.377 0.0000000000
53890  15.010  -26.811  39.941 0.0000000000
52780  14.244  -28.084  40.667 0.0000000000
52771  13.578  -28.375  41.213 0.0000000000
52772  12.539  -28.276  41.557 0.0000000000
53864  11.294  -27.641  41.667 0.0000000000
54953  10.140  -27.172  42.340 0.0000000000
57391  22.105  -23.822  36.771 0.0000000000
58561  21.293  -23.264  37.052 0.0000000000
58562  20.525  -23.706  37.229 0.0000000000
57353  19.560  -24.501  38.536 0.0000000000
59676  18.574  -23.259  38.357 0.0000000000
57372  19.098  -24.221  38.477 0.0000000000
56194  19.344  -25.288  39.502 0.0000000000
56182  19.143  -26.516  40.505 0.0000000000
53843  19.066  -27.735  41.743 0.0000000000
67141  27.921  -16.065  33.663 0.0000000000
68255  28.110  -15.771  31.997 0.0000000000
67143  26.713  -17.103  33.009 0.0000000000
67161  26.626  -17.575  31.394 0.0000000000
64575  26.898  -18.746  30.956 0.0000000000
63365  25.896  -19.953  32.137 0.0000000000
63363  27.592  -19.607  32.148 0.0000000000
64562  28.464  -19.307  32.071 0.0000000000
64549  29.294  -18.812  33.099 0.0000000000
65909  30.482  -18.118  34.666 0.0000000000
81484  43.780  -4.543  14.961 0.0000000000
80360  44.339  -5.136  14.430 0.0000000000
80348  45.707  -6.057  15.155 0.0000000000
77994  45.439  -7.883  16.241 0.0000000000
79174  45.948  -7.127  16.030 0.0000000000
74368  40.536  -10.590  18.520 0.0000000000
73093  41.187  -11.247  18.657 0.0000000000
74353  39.748  -10.889  19.431 0.0000000000
73065  40.112  -11.547  20.523 0.0000000000
73048  39.758  -11.411  21.492 0.0000000000
74345  38.465  -10.398  20.553 0.0000000000
74331  38.850  -10.958  21.377 0.0000000000
73009  40.305  -11.583  23.585 0.0000000000
72993  40.145  -11.924  24.712 0.0000000000
75551  35.187  -9.934  23.184 0.0000000000
73032  35.143  -11.411  22.252 0.0000000000
71784  36.524  -12.306  22.053 0.0000000000
70614  34.940  -13.556  22.865 0.0000000000
70613  36.013  -13.808  22.899 0.0000000000
70621  37.291  -13.217  23.094 0.0000000000
70610  38.265  -13.421  24.106 0.0000000000
56266  28.463  -25.000  35.774 0.0000000000
57433  29.051  -24.319  35.419 0.0000000000
57386  29.577  -24.877  37.187 0.0000000000
57366  29.715  -24.949  38.306 0.0000000000
76787  41.172  -8.431  19.010 0.0000000000
76805  40.498  -8.979  18.360 0.0000000000
54934  9.612  -27.120  42.828 0.0000000000
54914  8.662  -26.897  44.058 0.0000000000
53829  8.736  -27.952  43.470 0.0000000000
52730  8.129  -28.863  44.075 0.0000000000
50454  8.659  -30.504  44.617 0.0000000000
50444  8.358  -31.126  45.043 0.0000000000
51614  6.682  -30.176  45.578 0.0000000000
50445  7.342  -30.766  45.024 0.0000000000
49337  8.302  -32.117  45.903 0.0000000000
48181  8.711  -32.482  46.739 0.0000000000
48146  8.829  -33.040  48.686 0.0000000000
45749  5.769  -35.228  48.939 0.0000000000
46925  4.719  -33.822  47.593 0.0000000000
45765  5.241  -35.057  48.135 0.0000000000
44561  4.561  -35.503  48.519 0.0000000000
44562  3.773  -35.482  48.666 0.0000000000
44563  2.936  -35.680  49.070 0.0000000000
44556  2.078  -35.787  49.750 0.0000000000
46846  2.639  -32.825  50.559 0.0000000000
45718  1.657  -33.779  50.586 0.0000000000
45736  1.130  -34.603  50.313 0.0000000000
59715  27.011  -22.784  35.736 0.0000000000
57435  27.610  -24.607  35.306 0.0000000000
56268  27.402  -25.292  35.580 0.0000000000
56224  27.569  -26.167  37.468 0.0000000000
55020  27.430  -26.424  38.701 0.0000000000
55036  26.091  -26.446  36.999 0.0000000000
55021  26.784  -26.558  38.074 0.0000000000
55006  26.928  -26.605  39.335 0.0000000000
56251  22.161  -25.117  36.573 0.0000000000
55040  22.384  -26.270  37.644 0.0000000000
55010  22.925  -26.712  39.265 0.0000000000
54970  21.610  -26.288  41.046 0.0000000000
54969  22.413  -26.598  41.237 0.0000000000
53873  23.530  -26.885  41.034 0.0000000000
73063  42.160  -11.974  20.459 0.0000000000
71731  30.467  -12.840  26.635 0.0000000000
69478  30.739  -14.990  25.590 0.0000000000
67239  31.227  -16.412  26.202 0.0000000000
68266  27.979  -15.336  31.377 0.0000000000
68281  27.609  -15.572  29.907 0.0000000000
69420  27.750  -15.090  28.761 0.0000000000
67179  29.457  -16.701  29.595 0.0000000000
68295  29.072  -16.054  29.018 0.0000000000
68312  28.442  -15.428  28.236 0.0000000000
68325  30.243  -16.106  27.695 0.0000000000
67209  31.212  -16.463  27.578 0.0000000000
67208  32.274  -16.677  27.460 0.0000000000
67176  33.615  -16.454  28.873 0.0000000000
58571  29.851  -23.511  35.765 0.0000000000
59702  30.296  -22.525  36.253 0.0000000000
60908  30.324  -21.393  36.622 0.0000000000
60870  30.791  -21.257  38.737 0.0000000000
62101  30.223  -19.878  37.241 0.0000000000
80399  49.440  -4.904  8.979 0.0000000000
81500  45.833  -4.762  11.905 0.0000000000
81509  46.624  -4.992  11.141 0.0000000000
79206  47.103  -6.512  13.400 0.0000000000
79221  46.818  -6.687  11.784 0.0000000000
80390  47.609  -6.291  10.574 0.0000000000
78045  48.495  -7.085  10.406 0.0000000000
78063  49.629  -6.955  9.497 0.0000000000
74366  42.419  -11.107  17.953 0.0000000000
73091  43.099  -11.528  18.460 0.0000000000
73092  41.995  -11.517  18.555 0.0000000000
58605  27.583  -23.429  34.782 0.0000000000
58604  27.966  -23.263  34.557 0.0000000000
74381  41.802  -10.105  17.721 0.0000000000
43461  1.917  -36.541  49.778 0.0000000000
67236  33.690  -16.175  25.453 0.0000000000
52762  10.349  -28.330  42.615 0.0000000000
51642  10.439  -29.513  43.787 0.0000000000
52747  9.832  -28.677  43.224 0.0000000000
57390  23.195  -23.952  37.133 0.0000000000
57413  23.374  -24.821  36.475 0.0000000000
52738  19.474  -28.310  43.252 0.0000000000
52737  19.724  -27.999  43.830 0.0000000000
69380  28.515  -14.911  32.562 0.0000000000
55014  16.997  -27.076  38.933 0.0000000000
53875  17.024  -28.101  39.829 0.0000000000
56212  17.007  -25.707  38.525 0.0000000000
55028  17.262  -26.278  38.755 0.0000000000
55013  17.841  -26.582  39.180 0.0000000000
65928  24.796  -18.138  33.265 0.0000000000
64537  24.222  -18.711  33.964 0.0000000000
62125  28.721  -20.522  34.688 0.0000000000
63309  28.779  -19.628  35.003 0.0000000000
79143  43.713  -6.351  18.150 0.0000000000
79177  43.626  -6.315  16.732 0.0000000000
74389  46.220  -10.407  17.191 0.0000000000
75618  46.454  -9.764  16.734 0.0000000000
75605  46.696  -10.228  17.196 0.0000000000
75604  47.334  -10.013  17.269 0.0000000000
44546  5.648  -35.607  50.500 0.0000000000
77967  38.690  -8.216  19.588 0.0000000000
76790  38.295  -8.843  19.655 0.0000000000
71783  37.531  -12.491  22.756 0.0000000000
68372  36.980  -15.149  25.338 0.0000000000
56191  28.399  -25.959  39.696 0.0000000000
52757  15.398  -28.766  42.401 0.0000000000
52742  14.879  -28.846  43.387 0.0000000000
50433  10.064  -31.742  46.615 0.0000000000
49335  9.459  -32.112  46.584 0.0000000000
48184  5.848  -33.093  46.619 0.0000000000
46948  6.060  -33.625  46.901 0.0000000000
46881  3.926  -33.252  48.920 0.0000000000
48134  3.535  -32.897  49.650 0.0000000000
46882  3.321  -33.806  49.302 0.0000000000
48122  3.142  -32.457  50.318 0.0000000000
57387  26.061  -24.344  36.718 0.0000000000
58558  26.559  -23.829  37.465 0.0000000000
53886  24.377  -26.907  39.997 0.0000000000
53871  24.790  -27.024  40.520 0.0000000000
56193  20.033  -24.988  38.890 0.0000000000
56192  20.896  -25.413  38.588 0.0000000000
73026  41.588  -11.694  22.562 0.0000000000
70525  27.881  -13.642  28.511 0.0000000000
70544  28.341  -13.529  27.659 0.0000000000
70543  28.909  -13.534  27.021 0.0000000000
69449  28.145  -14.286  27.420 0.0000000000
65953  28.248  -17.971  30.019 0.0000000000
68262  32.726  -15.804  31.030 0.0000000000
81507  48.166  -4.053  10.582 0.0000000000
81515  48.819  -3.853  10.040 0.0000000000
81516  48.254  -4.711  10.101 0.0000000000
80358  46.317  -5.927  14.534 0.0000000000
57342  16.366  -24.339  40.295 0.0000000000
56183  15.776  -25.257  40.156 0.0000000000
58528  16.687  -24.175  39.421 0.0000000000
73102  44.885  -11.296  18.062 0.0000000000
73073  44.666  -11.627  19.692 0.0000000000
60946  25.127  -21.089  34.663 0.0000000000
60962  25.400  -21.284  34.117 0.0000000000
59725  28.593  -22.628  34.324 0.0000000000
60942  28.893  -21.964  34.322 0.0000000000
60928  28.700  -21.273  34.308 0.0000000000
76815  43.621  -8.478  17.349 0.0000000000
75606  43.789  -9.101  16.876 0.0000000000
75621  43.762  -9.456  16.811 0.0000000000
74378  44.675  -10.785  17.297 0.0000000000
77940  37.602  -7.572  21.298 0.0000000000
76759  36.636  -8.249  21.877 0.0000000000
74334  36.115  -10.474  21.549 0.0000000000
68387  33.893  -14.599  23.602 0.0000000000
67235  34.260  -16.004  25.366 0.0000000000
68356  35.670  -15.693  25.341 0.0000000000
68323  35.980  -15.980  26.848 0.0000000000
67191  35.146  -16.479  28.209 0.0000000000
67190  35.832  -16.203  27.611 0.0000000000
68307  35.633  -16.212  28.796 0.0000000000
68289  35.085  -16.259  29.264 0.0000000000
51641  11.421  -29.701  43.684 0.0000000000
51640  12.429  -29.690  43.702 0.0000000000
50440  11.993  -30.627  45.653 0.0000000000
51610  11.693  -30.520  45.121 0.0000000000
51611  10.861  -30.516  45.096 0.0000000000
50453  9.294  -30.362  44.622 0.0000000000
50420  5.728  -30.892  47.470 0.0000000000
50406  5.410  -30.780  48.168 0.0000000000
49300  4.349  -31.730  49.527 0.0000000000
57368  25.027  -24.388  37.681 0.0000000000
57367  25.871  -24.236  37.587 0.0000000000
56249  23.508  -25.415  36.329 0.0000000000
56248  23.792  -25.436  36.284 0.0000000000
55039  22.933  -26.414  37.423 0.0000000000
56166  19.555  -26.472  41.153 0.0000000000
56165  19.919  -25.949  41.115 0.0000000000
56152  19.902  -26.502  41.861 0.0000000000
70494  27.786  -13.758  30.304 0.0000000000
64560  29.965  -18.589  32.427 0.0000000000
65942  30.430  -17.979  31.420 0.0000000000
65934  30.743  -18.175  32.767 0.0000000000
65923  32.292  -17.299  33.588 0.0000000000
67140  32.292  -17.096  33.120 0.0000000000
44550  0.331  -35.119  50.219 0.0000000000
72995  35.120  -11.488  24.360 0.0000000000
70601  33.547  -13.346  24.402 0.0000000000
70561  31.777  -13.106  25.736 0.0000000000
69477  31.307  -14.915  25.284 0.0000000000
52769  15.894  -28.677  41.397 0.0000000000
52779  15.244  -28.286  40.565 0.0000000000
55016  15.343  -26.436  39.783 0.0000000000
53889  15.472  -27.117  39.570 0.0000000000
53877  14.654  -27.378  40.115 0.0000000000
53878  13.613  -27.464  40.550 0.0000000000
53861  13.408  -27.869  40.790 0.0000000000
53862  12.798  -27.580  40.897 0.0000000000
54951  11.951  -26.196  41.899 0.0000000000
54977  11.522  -27.269  41.510 0.0000000000
53844  10.642  -27.789  42.023 0.0000000000
58560  22.252  -23.102  37.654 0.0000000000
59691  21.151  -22.616  37.750 0.0000000000
58542  19.857  -23.255  37.767 0.0000000000
59692  20.524  -22.951  37.409 0.0000000000
57371  19.910  -24.215  37.970 0.0000000000
57373  18.360  -24.858  38.623 0.0000000000
57355  18.859  -25.157  39.118 0.0000000000
53859  18.545  -27.819  40.806 0.0000000000
67142  27.381  -16.543  33.375 0.0000000000
65936  25.456  -18.159  32.185 0.0000000000
65935  26.056  -17.791  31.823 0.0000000000
65945  26.289  -18.134  31.199 0.0000000000
62181  25.282  -20.433  33.000 0.0000000000
63366  24.935  -19.786  32.637 0.0000000000
62179  26.224  -20.251  32.489 0.0000000000
63343  28.065  -19.537  33.074 0.0000000000
64550  28.733  -19.127  32.821 0.0000000000
64561  29.252  -18.972  32.206 0.0000000000
64515  29.708  -18.874  35.801 0.0000000000
64522  30.031  -18.433  35.215 0.0000000000
77976  43.877  -7.208  18.962 0.0000000000
82568  43.888  -3.442  15.417 0.0000000000
82569  43.531  -4.161  15.612 0.0000000000
80349  44.283  -5.837  15.390 0.0000000000
79188  45.297  -6.499  15.685 0.0000000000
76827  44.899  -8.676  16.410 0.0000000000
75597  40.128  -9.728  18.357 0.0000000000
74369  39.757  -10.152  18.733 0.0000000000
75573  37.134  -9.334  20.851 0.0000000000
74319  38.502  -11.059  21.908 0.0000000000
72994  39.442  -12.217  24.242 0.0000000000
75540  35.745  -9.232  23.537 0.0000000000
71786  34.949  -12.093  22.494 0.0000000000
71785  35.555  -12.131  22.018 0.0000000000
69505  35.348  -14.583  23.426 0.0000000000
70612  36.867  -13.734  23.221 0.0000000000
70622  36.693  -13.161  22.630 0.0000000000
70611  37.625  -13.597  23.694 0.0000000000
56244  28.552  -25.243  36.232 0.0000000000
56243  28.912  -25.077  36.388 0.0000000000
56222  28.987  -25.246  36.796 0.0000000000
76806  39.654  -9.130  18.649 0.0000000000
52739  17.852  -29.417  43.504 0.0000000000
51637  17.874  -29.483  43.987 0.0000000000
51622  17.667  -29.444  44.322 0.0000000000
51638  13.798  -29.169  44.016 0.0000000000
51597  12.040  -30.575  47.127 0.0000000000
54933  10.121  -26.450  42.743 0.0000000000
53797  7.820  -27.460  45.282 0.0000000000
54894  8.595  -26.593  44.727 0.0000000000
52748  8.872  -28.597  43.529 0.0000000000
51629  7.859  -29.916  44.425 0.0000000000
50455  8.007  -30.642  44.634 0.0000000000
51598  6.758  -29.255  45.954 0.0000000000
50446  6.721  -30.856  45.445 0.0000000000
49347  7.806  -31.809  45.477 0.0000000000
48182  7.862  -32.599  46.420 0.0000000000
46922  7.337  -33.424  47.216 0.0000000000
48165  8.191  -33.233  47.770 0.0000000000
48147  8.288  -33.468  48.434 0.0000000000
45764  6.208  -34.668  48.353 0.0000000000
45763  6.878  -34.482  48.815 0.0000000000
45748  6.454  -34.894  49.324 0.0000000000
48148  4.859  -32.320  47.790 0.0000000000
48167  4.744  -33.138  47.631 0.0000000000
45783  4.528  -34.140  47.846 0.0000000000
43467  4.179  -35.967  48.848 0.0000000000
45750  3.055  -34.370  49.383 0.0000000000
45768  3.006  -35.124  49.187 0.0000000000
48108  2.219  -31.825  51.162 0.0000000000
45735  1.846  -34.891  50.135 0.0000000000
59716  26.532  -22.102  35.442 0.0000000000
58586  27.322  -23.662  35.240 0.0000000000
55049  26.925  -26.071  36.151 0.0000000000
56245  27.600  -25.801  36.267 0.0000000000
55051  25.811  -26.235  36.384 0.0000000000
54989  26.390  -26.731  40.198 0.0000000000
57392  21.283  -24.153  36.837 0.0000000000
57415  21.894  -24.544  36.609 0.0000000000
56229  21.454  -25.111  37.011 0.0000000000
55012  21.420  -25.842  38.941 0.0000000000
55026  21.820  -26.054  38.027 0.0000000000
55025  22.595  -26.478  38.263 0.0000000000
54945  22.451  -26.641  42.212 0.0000000000
54992  23.259  -26.812  40.426 0.0000000000
73076  41.403  -11.778  19.436 0.0000000000
71711  31.105  -12.217  27.087 0.0000000000
69460  29.380  -14.451  26.383 0.0000000000
69459  30.100  -14.745  25.972 0.0000000000
68361  30.883  -15.786  25.786 0.0000000000
67224  30.821  -16.410  26.610 0.0000000000
68256  27.602  -16.276  31.605 0.0000000000
69421  27.585  -14.721  29.438 0.0000000000
68297  27.749  -15.406  29.298 0.0000000000
65951  30.060  -17.679  30.604 0.0000000000
67167  29.785  -17.337  30.086 0.0000000000
68326  29.066  -15.518  27.272 0.0000000000
68324  31.011  -16.186  28.220 0.0000000000
67195  31.452  -16.277  28.268 0.0000000000
67193  33.011  -16.604  28.198 0.0000000000
67177  32.832  -16.378  28.907 0.0000000000
68276  33.704  -15.938  30.280 0.0000000000
57385  29.895  -24.225  36.567 0.0000000000
57406  29.614  -24.168  35.994 0.0000000000
59688  30.520  -22.423  37.331 0.0000000000
60926  30.063  -21.773  35.761 0.0000000000
60889  30.522  -21.388  37.743 0.0000000000
62110  30.339  -20.598  37.210 0.0000000000
81527  49.037  -4.635  9.450 0.0000000000
80416  49.576  -5.717  8.840 0.0000000000
79239  49.534  -6.317  9.157 0.0000000000
82577  44.561  -3.945  13.584 0.0000000000
81501  45.367  -4.593  12.514 0.0000000000
80383  46.349  -6.013  11.499 0.0000000000
78022  48.146  -7.365  11.832 0.0000000000
79213  47.445  -7.111  12.194 0.0000000000
79220  47.282  -6.676  11.162 0.0000000000
79228  47.712  -6.685  10.734 0.0000000000
79227  48.077  -6.578  10.390 0.0000000000
75595  41.781  -9.462  18.010 0.0000000000
75608  42.222  -9.765  17.647 0.0000000000
74392  43.845  -9.802  16.807 0.0000000000
43469  3.052  -36.470  49.104 0.0000000000
75550  35.527  -9.349  22.572 0.0000000000
67220  34.561  -16.239  26.024 0.0000000000
67206  34.342  -16.614  27.123 0.0000000000
67192  33.993  -16.655  28.100 0.0000000000
50392  5.126  -30.504  49.156 0.0000000000
56250  22.821  -25.326  36.424 0.0000000000
54929  19.497  -27.264  42.092 0.0000000000
54928  19.813  -26.985  42.637 0.0000000000
53826  19.759  -27.559  43.354 0.0000000000
65908  31.200  -17.810  34.498 0.0000000000
70560  32.688  -12.776  26.023 0.0000000000
53874  17.981  -27.808  40.094 0.0000000000
53860  17.857  -28.341  40.616 0.0000000000
53876  15.776  -27.923  39.834 0.0000000000
54997  14.565  -26.282  40.422 0.0000000000
54973  14.297  -25.817  41.011 0.0000000000
54999  13.322  -26.927  40.585 0.0000000000
59675  19.174  -22.874  38.281 0.0000000000
58527  17.200  -23.669  39.072 0.0000000000
57374  17.328  -24.994  38.470 0.0000000000
65910  26.069  -17.261  33.492 0.0000000000
65911  25.242  -17.555  33.758 0.0000000000
65927  25.120  -18.044  32.864 0.0000000000
64577  25.395  -18.755  31.871 0.0000000000
62139  27.383  -20.806  33.595 0.0000000000
63323  27.744  -20.125  33.617 0.0000000000
64524  28.708  -19.091  34.414 0.0000000000
80340  43.465  -5.698  16.385 0.0000000000
80339  43.834  -6.059  15.957 0.0000000000
76825  47.289  -8.857  16.483 0.0000000000
75583  39.085  -9.716  19.140 0.0000000000
74333  36.971  -10.481  21.303 0.0000000000
73049  37.956  -10.967  21.926 0.0000000000
73011  38.485  -12.030  23.180 0.0000000000
71771  38.418  -12.702  23.638 0.0000000000
74311  34.942  -11.258  23.559 0.0000000000
74322  34.841  -11.217  23.296 0.0000000000
69495  35.469  -15.040  23.945 0.0000000000
69494  36.065  -14.916  24.074 0.0000000000
69492  38.028  -14.130  24.625 0.0000000000
56205  29.003  -25.418  37.811 0.0000000000
77938  40.006  -6.830  21.176 0.0000000000
77965  40.000  -7.656  19.801 0.0000000000
52727  16.510  -29.077  44.609 0.0000000000
50442  10.726  -30.848  45.695 0.0000000000
50417  10.640  -31.374  47.640 0.0000000000
49324  10.182  -31.806  47.753 0.0000000000
48163  9.551  -32.327  47.837 0.0000000000
52718  7.731  -28.259  44.589 0.0000000000
50419  6.051  -30.593  46.937 0.0000000000
50434  6.331  -30.772  45.980 0.0000000000
48200  7.137  -32.283  45.903 0.0000000000
46923  6.489  -34.014  47.539 0.0000000000
46883  2.907  -34.047  49.746 0.0000000000
46849  1.158  -33.058  50.600 0.0000000000
57436  27.009  -24.927  35.504 0.0000000000
55050  26.373  -26.158  36.226 0.0000000000
54990  25.586  -26.894  40.271 0.0000000000
56230  20.975  -25.047  37.467 0.0000000000
56136  21.229  -26.427  42.716 0.0000000000
54926  21.794  -26.483  42.899 0.0000000000
71695  29.099  -12.417  28.371 0.0000000000
71713  29.273  -12.847  27.419 0.0000000000
71732  29.856  -12.871  26.918 0.0000000000
68341  29.298  -15.068  26.438 0.0000000000
68265  30.788  -16.725  30.975 0.0000000000
67178  30.182  -16.830  30.024 0.0000000000
68280  30.731  -16.585  30.480 0.0000000000
68310  30.670  -16.097  28.710 0.0000000000
68293  31.356  -16.209  29.538 0.0000000000
68292  32.230  -16.163  29.359 0.0000000000
68277  32.864  -15.970  30.277 0.0000000000
57348  30.324  -24.287  38.794 0.0000000000
58556  30.359  -23.432  36.901 0.0000000000
81489  44.608  -5.001  13.692 0.0000000000
79207  46.268  -6.341  12.996 0.0000000000
78030  48.549  -7.452  11.139 0.0000000000
78029  49.563  -7.707  11.310 0.0000000000
55030  16.361  -26.041  38.915 0.0000000000
55015  16.054  -26.515  39.114 0.0000000000
56196  16.160  -25.635  39.167 0.0000000000
57375  16.613  -25.190  38.689 0.0000000000
74365  46.252  -10.957  18.371 0.0000000000
73101  45.618  -11.194  18.413 0.0000000000
63311  24.190  -19.393  35.251 0.0000000000
63346  24.376  -19.606  33.428 0.0000000000
62163  24.168  -20.018  33.930 0.0000000000
62161  25.724  -20.789  33.200 0.0000000000
60960  26.231  -21.102  33.407 0.0000000000
60944  26.862  -21.671  33.759 0.0000000000
60909  29.885  -20.989  35.804 0.0000000000
44547  4.868  -36.132  49.972 0.0000000000
76772  37.738  -8.490  20.258 0.0000000000
73051  36.611  -11.345  21.620 0.0000000000
71794  36.485  -11.829  21.791 0.0000000000
71762  34.030  -13.096  23.916 0.0000000000
70615  34.014  -13.527  23.478 0.0000000000
69507  33.851  -14.178  23.483 0.0000000000
68386  34.457  -14.958  23.653 0.0000000000
68375  34.571  -15.476  24.274 0.0000000000
68374  35.440  -15.422  24.460 0.0000000000
68355  36.394  -15.526  25.730 0.0000000000
68322  36.350  -15.847  27.376 0.0000000000
68321  36.939  -15.547  27.977 0.0000000000
68287  36.751  -15.746  29.113 0.0000000000
54987  27.891  -26.308  40.472 0.0000000000
54964  28.313  -26.396  41.299 0.0000000000
52743  13.789  -28.980  43.310 0.0000000000
51639  13.300  -29.430  43.839 0.0000000000
50441  11.453  -30.708  45.696 0.0000000000
51586  6.225  -29.666  47.394 0.0000000000
49327  5.802  -31.167  47.040 0.0000000000
49315  4.422  -32.092  48.981 0.0000000000
56226  24.067  -25.652  36.378 0.0000000000
56151  20.328  -26.231  41.863 0.0000000000
56137  20.572  -26.508  42.739 0.0000000000
70509  27.833  -13.508  29.307 0.0000000000
70526  27.633  -14.127  28.949 0.0000000000
64573  29.089  -18.968  31.208 0.0000000000
65943  29.703  -18.474  31.141 0.0000000000
65941  30.997  -17.385  31.669 0.0000000000
67158  31.366  -16.973  31.785 0.0000000000
68254  31.736  -16.579  31.872 0.0000000000
68253  32.330  -16.149  32.052 0.0000000000
82588  47.711  -3.730  11.147 0.0000000000
75541  35.522  -9.909  24.147 0.0000000000
72996  34.933  -12.024  24.111 0.0000000000
71761  34.474  -12.561  24.257 0.0000000000
69497  32.753  -14.386  24.216 0.0000000000
51635  19.183  -28.931  43.567 0.0000000000
51651  18.783  -29.064  43.060 0.0000000000
53863  11.946  -27.664  41.398 0.0000000000
52773  11.702  -28.190  41.784 0.0000000000
52774  11.175  -28.076  41.872 0.0000000000
53845  10.015  -27.725  42.478 0.0000000000
58544  18.419  -23.893  38.345 0.0000000000
57354  19.188  -24.749  38.896 0.0000000000
56167  19.343  -26.715  41.017 0.0000000000
54972  19.116  -27.110  41.012 0.0000000000
54948  19.376  -27.146  41.619 0.0000000000
68247  28.250  -15.566  33.117 0.0000000000
67151  27.889  -16.171  32.884 0.0000000000
67152  27.394  -16.601  32.308 0.0000000000
67153  26.650  -17.270  32.081 0.0000000000
65944  26.936  -17.729  30.671 0.0000000000
64591  27.251  -18.236  30.538 0.0000000000
64590  27.693  -18.531  30.442 0.0000000000
63367  24.570  -19.334  32.969 0.0000000000
63385  25.120  -19.179  32.135 0.0000000000
63384  25.575  -19.345  31.895 0.0000000000
63364  26.713  -19.939  32.240 0.0000000000
63383  26.334  -19.442  31.589 0.0000000000
63382  27.091  -19.445  31.550 0.0000000000
64574  27.914  -19.234  31.131 0.0000000000
64548  29.985  -18.491  33.438 0.0000000000
64535  29.222  -18.675  34.014 0.0000000000
64534  29.919  -18.412  34.380 0.0000000000
82572  44.310  -3.617  14.307 0.0000000000
81490  44.250  -4.445  14.030 0.0000000000
79175  44.928  -7.034  16.110 0.0000000000
79187  46.375  -6.542  15.660 0.0000000000
74352  40.632  -11.291  19.100 0.0000000000
73077  40.533  -11.596  19.756 0.0000000000
75563  35.204  -10.024  22.399 0.0000000000
74321  34.915  -10.754  22.764 0.0000000000
74335  35.355  -10.600  21.975 0.0000000000
71795  36.167  -11.809  21.753 0.0000000000
70623  35.776  -13.013  22.353 0.0000000000
71772  37.714  -13.007  23.287 0.0000000000
71759  38.659  -13.164  24.275 0.0000000000
70599  37.962  -13.878  24.309 0.0000000000
70598  38.582  -13.664  24.721 0.0000000000
57434  28.515  -24.587  35.414 0.0000000000
57407  29.152  -24.707  36.128 0.0000000000
76786  42.181  -8.461  19.406 0.0000000000
76804  41.280  -9.051  18.242 0.0000000000
75596  41.110  -9.800  17.986 0.0000000000
52726  17.429  -29.343  44.846 0.0000000000
54954  9.840  -27.388  42.599 0.0000000000
53846  9.670  -27.585  42.790 0.0000000000
54913  9.163  -26.702  43.641 0.0000000000
53828  9.151  -27.709  43.216 0.0000000000
51628  8.886  -29.711  44.135 0.0000000000
49346  8.730  -31.731  45.619 0.0000000000
49336  8.808  -32.200  46.279 0.0000000000
49326  9.149  -32.341  46.863 0.0000000000
48164  8.970  -32.621  47.490 0.0000000000
45734  5.980  -35.290  49.754 0.0000000000
44554  5.393  -35.657  49.491 0.0000000000
45782  4.932  -34.367  47.656 0.0000000000
44560  5.164  -35.521  48.794 0.0000000000
44555  4.751  -35.910  49.132 0.0000000000
43468  3.579  -36.229  48.985 0.0000000000
46868  2.389  -33.771  50.272 0.0000000000
46847  2.086  -32.550  50.957 0.0000000000
44548  1.740  -35.507  50.025 0.0000000000
67118  26.629  -16.638  35.037 0.0000000000
59728  26.556  -22.206  34.887 0.0000000000
56267  28.057  -25.180  35.657 0.0000000000
56207  27.504  -26.337  38.167 0.0000000000
54988  27.156  -26.593  40.330 0.0000000000
56228  22.236  -25.872  37.016 0.0000000000
56208  21.652  -25.683  37.414 0.0000000000
54994  21.487  -26.072  39.964 0.0000000000
54993  22.288  -26.523  40.178 0.0000000000
54991  23.831  -26.861  40.137 0.0000000000
53872  24.009  -26.945  40.650 0.0000000000
73062  43.239  -11.900  20.477 0.0000000000
73007  42.436  -11.604  23.581 0.0000000000
71710  32.294  -12.182  26.828 0.0000000000
71730  31.393  -12.697  26.356 0.0000000000
70562  30.780  -13.588  25.958 0.0000000000
70583  30.845  -14.424  25.563 0.0000000000
67238  31.782  -16.401  25.926 0.0000000000
69394  27.852  -14.995  31.042 0.0000000000
68267  27.632  -15.785  30.940 0.0000000000
69409  27.650  -14.767  30.353 0.0000000000
70495  27.551  -14.298  29.927 0.0000000000
69435  27.649  -14.581  28.810 0.0000000000
67180  28.500  -16.397  29.476 0.0000000000
68296  28.189  -15.714  29.015 0.0000000000
68327  28.232  -14.890  27.436 0.0000000000
67210  30.473  -16.360  27.109 0.0000000000
67223  31.607  -16.651  26.694 0.0000000000
67222  32.526  -16.711  26.512 0.0000000000
67175  34.488  -16.455  28.815 0.0000000000
68290  34.127  -16.253  29.540 0.0000000000
58584  28.942  -23.616  34.831 0.0000000000
58583  29.542  -23.088  35.122 0.0000000000
59713  29.834  -22.511  35.384 0.0000000000
59654  31.039  -22.141  39.405 0.0000000000
62111  29.848  -20.150  36.424 0.0000000000
63276  29.974  -19.296  36.866 0.0000000000
81494  44.879  -4.441  13.012 0.0000000000
82582  46.296  -3.517  12.274 0.0000000000
81508  47.350  -4.533  10.802 0.0000000000
80366  46.847  -6.005  14.076 0.0000000000
79214  46.531  -6.533  12.401 0.0000000000
80382  47.207  -5.623  10.708 0.0000000000
80389  48.018  -5.691  10.162 0.0000000000
79226  48.807  -6.407  9.772 0.0000000000
78044  49.372  -7.388  10.264 0.0000000000
42483  1.972  -37.056  49.858 0.0000000000
51621  18.250  -29.469  44.719 0.0000000000
51650  19.132  -28.756  43.085 0.0000000000
52724  19.558  -28.539  43.916 0.0000000000
52781  13.700  -27.983  40.739 0.0000000000
53811  8.878  -27.289  43.545 0.0000000000
53887  24.063  -26.871  40.048 0.0000000000
54971  19.434  -26.846  41.337 0.0000000000
55027  21.346  -25.700  38.332 0.0000000000
56213  16.552  -25.758  38.763 0.0000000000
57408  28.680  -24.898  35.877 0.0000000000
58572  29.383  -24.112  35.579 0.0000000000
62127  24.441  -20.088  35.151 0.0000000000
62141  24.264  -20.076  34.509 0.0000000000
62162  24.814  -20.591  33.658 0.0000000000
62180  25.748  -20.380  32.677 0.0000000000
63292  29.753  -19.333  36.250 0.0000000000
63324  24.108  -19.409  34.325 0.0000000000
64552  24.533  -18.758  33.160 0.0000000000
64563  24.900  -18.753  32.494 0.0000000000
64564  24.664  -19.159  32.766 0.0000000000
65912  24.560  -18.154  33.695 0.0000000000
65946  25.786  -18.316  31.638 0.0000000000
67159  30.892  -17.077  31.304 0.0000000000
68308  31.945  -16.190  28.878 0.0000000000
68339  35.194  -15.913  25.795 0.0000000000
73012  35.009  -11.321  23.792 0.0000000000
73031  36.715  -11.830  21.838 0.0000000000
74320  38.216  -10.945  21.956 0.0000000000
79219  47.938  -7.037  10.832 0.0000000000
80375  45.302  -5.073  12.585 0.0000000000
81485  43.510  -4.569  15.595 0.0000000000
