#!ascii label  , from subject sub-THP0005 vox2ras=TkReg
981
104738  36.221  19.490  15.472 0.0000000000
104080  47.525  18.589  9.105 0.0000000000
102609  36.778  16.871  4.980 0.0000000000
97264  44.938  9.805  -4.456 0.0000000000
101668  38.517  15.521  11.225 0.0000000000
107080  39.018  22.509  10.050 0.0000000000
100858  45.958  14.514  3.254 0.0000000000
100949  34.522  14.290  -5.957 0.0000000000
106256  44.311  21.147  15.047 0.0000000000
104020  41.908  18.414  13.953 0.0000000000
100819  43.555  14.589  7.945 0.0000000000
104139  33.622  18.543  -0.175 0.0000000000
101808  38.562  15.727  -3.669 0.0000000000
104095  42.463  18.277  7.480 0.0000000000
100885  42.157  14.607  0.686 0.0000000000
103457  32.909  17.131  -6.421 0.0000000000
104693  41.299  20.362  16.757 0.0000000000
104003  38.823  18.989  15.108 0.0000000000
100804  41.802  14.310  10.462 0.0000000000
105578  35.920  20.085  5.912 0.0000000000
105598  36.374  20.718  2.674 0.0000000000
103405  34.901  17.303  2.331 0.0000000000
102693  35.877  16.516  -1.561 0.0000000000
102674  38.199  15.756  0.713 0.0000000000
105528  47.081  20.285  12.092 0.0000000000
104772  43.280  19.960  10.992 0.0000000000
104829  45.802  19.454  7.982 0.0000000000
97222  45.093  10.453  -0.847 0.0000000000
99088  42.908  12.980  2.015 0.0000000000
98225  43.357  11.539  -1.695 0.0000000000
100914  43.334  14.133  -4.066 0.0000000000
97302  43.229  10.555  -6.660 0.0000000000
93183  40.620  6.805  -5.004 0.0000000000
103255  34.119  17.735  15.355 0.0000000000
103280  37.223  17.895  13.968 0.0000000000
104087  37.239  19.176  8.275 0.0000000000
102598  47.523  16.524  6.701 0.0000000000
103367  47.422  17.731  5.637 0.0000000000
102636  49.230  16.132  3.660 0.0000000000
99128  48.023  12.798  -0.610 0.0000000000
107683  41.492  23.721  15.444 0.0000000000
106219  42.143  22.324  17.264 0.0000000000
104732  44.110  19.504  15.766 0.0000000000
103296  45.436  17.952  12.383 0.0000000000
103301  40.773  17.287  12.574 0.0000000000
102560  43.309  16.322  11.297 0.0000000000
102588  45.804  16.924  8.368 0.0000000000
100831  45.780  14.288  5.900 0.0000000000
104040  32.028  18.251  12.630 0.0000000000
105633  36.245  20.944  -0.592 0.0000000000
104904  33.585  19.307  -2.691 0.0000000000
102714  34.517  16.366  -3.592 0.0000000000
101847  36.960  15.054  -6.155 0.0000000000
100066  39.060  13.734  -4.466 0.0000000000
107053  40.286  21.788  12.889 0.0000000000
104805  40.319  19.166  9.791 0.0000000000
103358  40.259  17.296  6.405 0.0000000000
103383  44.680  17.010  4.974 0.0000000000
102621  42.231  16.570  3.905 0.0000000000
101740  40.118  15.570  1.720 0.0000000000
101784  41.218  15.334  -2.077 0.0000000000
100942  41.429  14.322  -5.350 0.0000000000
104170  32.690  17.992  -6.971 0.0000000000
104935  33.739  18.799  -6.022 0.0000000000
105456  38.270  20.026  16.441 0.0000000000
104697  37.156  18.968  16.365 0.0000000000
103377  36.193  17.482  5.458 0.0000000000
104115  34.917  18.703  4.613 0.0000000000
102645  36.096  16.736  3.366 0.0000000000
102666  36.969  16.163  1.407 0.0000000000
102656  37.628  16.040  2.346 0.0000000000
104784  47.035  19.735  11.000 0.0000000000
104800  46.259  20.197  9.885 0.0000000000
104827  47.492  19.516  8.701 0.0000000000
97250  45.050  9.888  -3.323 0.0000000000
97223  43.969  10.632  -0.890 0.0000000000
97251  43.939  10.511  -3.083 0.0000000000
98243  43.670  11.279  -4.182 0.0000000000
97289  44.204  9.974  -5.893 0.0000000000
95325  43.016  8.586  -7.048 0.0000000000
95323  44.903  8.569  -6.554 0.0000000000
102518  35.226  16.624  14.320 0.0000000000
106318  37.561  21.183  8.156 0.0000000000
106311  38.150  21.167  9.476 0.0000000000
101700  48.329  15.371  5.522 0.0000000000
102601  49.110  16.532  5.107 0.0000000000
101708  49.522  15.407  4.021 0.0000000000
100002  49.279  14.047  0.227 0.0000000000
98222  48.879  11.834  -2.134 0.0000000000
98224  47.335  11.186  -1.680 0.0000000000
104734  41.636  19.471  15.440 0.0000000000
104711  43.293  19.890  16.481 0.0000000000
103999  43.593  18.914  14.941 0.0000000000
104017  45.392  18.522  14.029 0.0000000000
103297  44.415  17.641  12.737 0.0000000000
102552  38.319  16.986  12.029 0.0000000000
103303  38.740  17.604  12.596 0.0000000000
102564  39.917  16.177  11.606 0.0000000000
100815  42.966  14.368  8.673 0.0000000000
101679  42.579  14.822  10.322 0.0000000000
101682  43.374  15.257  9.394 0.0000000000
102584  44.623  16.660  9.504 0.0000000000
101685  44.443  15.709  8.199 0.0000000000
101689  45.668  15.808  7.195 0.0000000000
100823  44.747  14.668  6.822 0.0000000000
98158  46.238  12.025  4.082 0.0000000000
104863  34.635  19.620  1.772 0.0000000000
105606  36.353  20.710  1.686 0.0000000000
105620  34.754  20.281  -0.125 0.0000000000
105635  34.731  20.362  -1.204 0.0000000000
104891  33.526  19.122  -1.588 0.0000000000
104155  33.309  18.240  -2.920 0.0000000000
103435  33.760  17.607  -2.021 0.0000000000
101799  37.498  16.023  -2.555 0.0000000000
102712  36.299  16.145  -2.942 0.0000000000
101822  37.647  15.604  -4.695 0.0000000000
100945  38.221  14.407  -5.449 0.0000000000
101835  39.085  15.027  -5.199 0.0000000000
106240  42.153  22.511  15.524 0.0000000000
107026  41.007  22.671  14.338 0.0000000000
106273  42.317  21.241  14.008 0.0000000000
104803  42.490  19.241  9.349 0.0000000000
104789  41.862  19.457  10.372 0.0000000000
104083  41.123  18.370  8.443 0.0000000000
104098  39.531  17.921  8.050 0.0000000000
103343  40.909  17.678  7.056 0.0000000000
102617  47.144  16.643  4.555 0.0000000000
103368  46.186  17.609  5.636 0.0000000000
101712  45.541  15.649  4.339 0.0000000000
99991  42.338  13.914  1.421 0.0000000000
101728  42.869  15.267  3.343 0.0000000000
102651  41.926  15.635  2.536 0.0000000000
102640  41.421  16.210  3.126 0.0000000000
101752  40.974  15.477  0.949 0.0000000000
101764  40.301  15.433  0.170 0.0000000000
101772  41.816  15.006  -1.225 0.0000000000
100086  42.990  12.935  -6.504 0.0000000000
101817  42.546  14.967  -5.052 0.0000000000
99168  41.969  12.655  -5.526 0.0000000000
100064  41.171  13.431  -4.728 0.0000000000
107729  40.175  23.803  11.547 0.0000000000
102735  32.196  15.870  -6.627 0.0000000000
101850  33.799  15.404  -6.099 0.0000000000
106231  39.650  21.462  16.488 0.0000000000
106232  38.797  20.723  16.366 0.0000000000
104714  39.782  19.493  16.033 0.0000000000
104002  40.030  19.108  14.661 0.0000000000
100792  41.040  14.777  10.985 0.0000000000
105586  35.698  20.290  4.260 0.0000000000
104856  34.692  19.438  2.857 0.0000000000
103413  34.331  17.840  1.440 0.0000000000
103428  34.599  17.154  -1.077 0.0000000000
103419  35.337  16.891  0.115 0.0000000000
102683  36.989  16.252  -0.309 0.0000000000
102700  38.047  15.880  -1.367 0.0000000000
105499  44.912  20.672  13.769 0.0000000000
105514  43.339  20.368  12.516 0.0000000000
105530  45.209  20.437  11.684 0.0000000000
104802  43.754  19.773  9.521 0.0000000000
104831  43.741  18.921  7.772 0.0000000000
99102  45.402  12.397  1.465 0.0000000000
99976  44.518  13.152  2.766 0.0000000000
98192  43.856  11.651  0.957 0.0000000000
99117  42.899  12.305  0.232 0.0000000000
99143  42.934  13.154  -1.226 0.0000000000
100901  42.413  14.497  -1.482 0.0000000000
100039  43.274  13.552  -3.039 0.0000000000
99166  43.551  12.497  -5.797 0.0000000000
97303  42.373  10.605  -6.537 0.0000000000
93193  42.087  6.964  -6.080 0.0000000000
104719  35.103  18.902  15.214 0.0000000000
103984  36.852  18.367  15.657 0.0000000000
103253  35.961  17.698  15.387 0.0000000000
103305  36.718  17.306  12.993 0.0000000000
102567  37.015  16.222  11.671 0.0000000000
106333  37.621  21.374  6.404 0.0000000000
104836  36.343  19.637  7.135 0.0000000000
103361  36.990  17.656  6.611 0.0000000000
103342  47.630  17.727  7.917 0.0000000000
104103  47.930  18.660  7.248 0.0000000000
103350  48.778  17.639  5.816 0.0000000000
103381  48.621  17.165  4.925 0.0000000000
101725  47.889  15.731  3.211 0.0000000000
101735  49.245  14.920  2.289 0.0000000000
100882  48.592  14.674  1.626 0.0000000000
99989  46.945  13.500  1.253 0.0000000000
98200  46.349  11.611  0.038 0.0000000000
97235  46.642  10.601  -1.983 0.0000000000
96267  45.677  9.804  -4.349 0.0000000000
95317  45.715  8.558  -6.265 0.0000000000
107014  42.123  22.962  16.100 0.0000000000
106227  43.742  21.516  16.488 0.0000000000
105453  41.775  20.986  17.260 0.0000000000
104691  43.605  20.583  16.948 0.0000000000
105466  45.099  20.956  15.870 0.0000000000
105482  46.873  20.129  14.026 0.0000000000
104048  46.873  19.080  12.479 0.0000000000
103321  46.578  18.393  10.352 0.0000000000
104004  37.651  18.340  14.860 0.0000000000
104022  39.575  18.633  13.959 0.0000000000
103276  41.453  17.714  13.180 0.0000000000
101665  41.347  15.375  11.348 0.0000000000
102548  42.043  16.573  12.123 0.0000000000
103298  43.301  17.319  12.741 0.0000000000
102559  44.169  16.852  11.164 0.0000000000
103333  45.174  17.343  10.022 0.0000000000
103337  46.396  17.586  8.911 0.0000000000
102593  46.187  16.593  7.624 0.0000000000
101694  46.898  15.554  6.279 0.0000000000
100829  47.781  14.420  5.093 0.0000000000
99937  45.441  13.748  5.754 0.0000000000
99050  46.518  12.914  4.732 0.0000000000
104026  33.899  18.649  14.067 0.0000000000
104027  33.028  18.271  13.898 0.0000000000
103265  31.133  16.981  13.923 0.0000000000
106384  38.670  21.476  0.255 0.0000000000
106416  36.965  21.139  -2.467 0.0000000000
104165  33.262  18.049  -5.356 0.0000000000
102722  33.626  16.570  -4.941 0.0000000000
101839  34.405  15.707  -5.529 0.0000000000
102713  35.356  16.201  -3.326 0.0000000000
101824  35.206  15.790  -4.577 0.0000000000
100089  36.005  14.359  -6.278 0.0000000000
106281  39.521  21.649  11.837 0.0000000000
105533  41.724  20.022  11.806 0.0000000000
106295  39.952  20.741  11.572 0.0000000000
106297  38.923  21.032  10.631 0.0000000000
104807  38.626  19.584  9.557 0.0000000000
103345  38.842  17.618  7.426 0.0000000000
103375  38.473  16.875  5.833 0.0000000000
104104  47.261  19.044  7.045 0.0000000000
104106  44.881  18.559  6.604 0.0000000000
103355  43.271  17.826  6.004 0.0000000000
100845  44.213  14.924  4.065 0.0000000000
103385  43.009  17.109  4.587 0.0000000000
103371  42.636  17.498  5.275 0.0000000000
103387  40.966  16.771  4.730 0.0000000000
102623  40.226  16.324  4.008 0.0000000000
102643  38.381  16.078  3.243 0.0000000000
102664  38.899  15.631  1.405 0.0000000000
101775  39.566  15.516  -0.530 0.0000000000
101797  39.500  15.662  -2.724 0.0000000000
101783  41.965  15.010  -2.281 0.0000000000
101805  41.611  15.341  -4.085 0.0000000000
101820  39.936  15.449  -4.711 0.0000000000
100943  40.423  14.577  -5.254 0.0000000000
94288  39.971  7.337  -4.239 0.0000000000
104943  33.611  19.143  -6.687 0.0000000000
104934  34.265  19.455  -6.392 0.0000000000
105487  36.745  20.012  15.250 0.0000000000
105469  36.729  19.701  15.732 0.0000000000
104717  36.598  19.176  15.969 0.0000000000
102610  36.268  17.139  4.810 0.0000000000
102626  37.029  16.553  4.210 0.0000000000
102644  37.287  16.288  3.287 0.0000000000
104069  47.334  19.040  9.942 0.0000000000
104798  47.595  19.435  9.383 0.0000000000
104079  47.754  19.178  9.036 0.0000000000
97265  44.252  10.239  -4.238 0.0000000000
97277  44.566  9.892  -5.164 0.0000000000
96301  44.429  9.350  -6.510 0.0000000000
96293  44.968  9.547  -5.886 0.0000000000
107739  39.515  23.130  10.730 0.0000000000
107085  38.468  22.039  9.356 0.0000000000
107081  38.705  21.627  10.268 0.0000000000
100841  48.766  14.449  4.446 0.0000000000
101709  49.346  15.219  4.519 0.0000000000
100840  49.420  14.867  4.205 0.0000000000
99140  49.266  12.817  -1.405 0.0000000000
98232  49.096  11.372  -2.916 0.0000000000
98233  48.527  11.302  -2.984 0.0000000000
100059  34.996  13.656  -4.976 0.0000000000
104000  42.376  18.966  14.754 0.0000000000
104019  43.071  18.392  14.104 0.0000000000
104018  44.217  18.409  14.218 0.0000000000
103274  43.705  17.917  13.452 0.0000000000
102565  38.930  16.235  11.604 0.0000000000
101667  39.523  15.481  11.266 0.0000000000
100812  42.960  14.692  9.371 0.0000000000
101686  43.702  15.194  8.486 0.0000000000
101681  44.105  15.937  9.001 0.0000000000
101691  44.055  15.089  7.833 0.0000000000
101690  44.758  15.319  7.406 0.0000000000
100818  44.074  14.436  7.322 0.0000000000
104138  33.914  18.584  0.664 0.0000000000
105608  34.858  20.161  0.808 0.0000000000
104869  33.792  19.205  0.013 0.0000000000
104878  34.176  19.780  -0.527 0.0000000000
104145  33.517  18.536  -0.948 0.0000000000
104150  33.429  18.421  -1.829 0.0000000000
103429  33.754  17.844  -1.002 0.0000000000
101809  37.243  15.917  -3.424 0.0000000000
101821  38.821  15.465  -4.712 0.0000000000
106257  43.087  21.492  15.003 0.0000000000
106258  41.853  22.028  14.731 0.0000000000
104821  42.676  18.921  8.594 0.0000000000
104070  42.241  18.848  8.813 0.0000000000
104082  42.109  18.534  8.297 0.0000000000
104096  41.513  18.096  7.671 0.0000000000
104109  41.891  17.867  6.868 0.0000000000
101711  46.565  15.921  4.203 0.0000000000
102618  46.072  16.436  4.753 0.0000000000
100843  45.679  15.090  3.905 0.0000000000
100005  42.408  13.827  0.456 0.0000000000
100874  42.173  14.700  1.835 0.0000000000
101738  41.607  15.391  1.877 0.0000000000
101751  41.645  15.167  0.870 0.0000000000
101762  41.731  15.089  -0.167 0.0000000000
99167  42.421  12.390  -6.194 0.0000000000
100075  42.620  13.215  -6.268 0.0000000000
98255  42.188  11.696  -5.886 0.0000000000
103458  32.492  16.777  -6.816 0.0000000000
103464  32.158  16.362  -6.871 0.0000000000
103463  32.421  16.219  -6.912 0.0000000000
101851  32.937  15.138  -6.232 0.0000000000
102729  33.088  16.449  -6.614 0.0000000000
106242  38.616  21.302  15.663 0.0000000000
105467  38.273  20.525  16.156 0.0000000000
103967  38.439  19.221  16.299 0.0000000000
104695  38.802  19.492  16.392 0.0000000000
104715  39.057  19.256  15.791 0.0000000000
104735  40.484  19.409  15.377 0.0000000000
105581  36.408  20.541  5.524 0.0000000000
105585  36.376  20.671  4.595 0.0000000000
105582  35.756  20.199  5.173 0.0000000000
103397  35.108  17.571  3.529 0.0000000000
104122  34.611  18.651  3.606 0.0000000000
103398  34.469  18.203  3.116 0.0000000000
103406  34.366  17.988  2.490 0.0000000000
103412  34.975  17.068  1.275 0.0000000000
102675  37.388  16.055  0.596 0.0000000000
102676  36.437  16.423  0.415 0.0000000000
102682  37.803  15.911  -0.070 0.0000000000
102691  37.538  16.053  -0.914 0.0000000000
102690  38.256  15.778  -0.596 0.0000000000
105511  46.609  20.643  12.860 0.0000000000
105512  45.627  20.603  12.768 0.0000000000
105529  46.281  20.519  11.904 0.0000000000
104818  45.977  19.937  8.934 0.0000000000
104801  44.949  20.193  9.869 0.0000000000
104819  44.757  19.696  8.758 0.0000000000
104830  44.570  19.217  7.898 0.0000000000
98201  45.246  11.167  0.261 0.0000000000
98191  44.690  11.619  0.973 0.0000000000
97211  44.468  10.762  -0.258 0.0000000000
97224  43.545  11.034  -1.265 0.0000000000
98214  43.445  11.356  -0.623 0.0000000000
99130  43.036  12.044  -0.340 0.0000000000
99131  42.805  12.730  -0.473 0.0000000000
99142  43.089  12.319  -1.232 0.0000000000
100029  43.192  13.095  -1.928 0.0000000000
99149  43.316  12.414  -2.372 0.0000000000
98248  43.691  11.552  -5.423 0.0000000000
99161  43.630  12.457  -4.807 0.0000000000
98254  43.411  11.609  -6.225 0.0000000000
98261  42.940  11.617  -6.606 0.0000000000
96303  42.644  9.585  -7.032 0.0000000000
94305  43.464  7.831  -6.533 0.0000000000
94306  42.347  7.647  -6.660 0.0000000000
103986  34.909  18.355  15.392 0.0000000000
103254  35.034  17.684  15.436 0.0000000000
103282  35.688  16.889  13.941 0.0000000000
102554  36.329  16.506  12.310 0.0000000000
105566  37.342  20.436  8.439 0.0000000000
105567  36.916  20.187  7.945 0.0000000000
104088  36.888  19.395  8.002 0.0000000000
103347  36.796  18.294  7.299 0.0000000000
104100  37.360  18.569  7.989 0.0000000000
102591  47.896  17.451  7.069 0.0000000000
102597  48.368  16.918  6.403 0.0000000000
102600  49.249  16.278  4.581 0.0000000000
103380  49.006  16.967  4.961 0.0000000000
102615  49.018  16.628  4.414 0.0000000000
102616  48.128  16.736  4.415 0.0000000000
102637  48.473  16.266  3.762 0.0000000000
100869  49.501  14.481  2.534 0.0000000000
100001  49.850  13.959  0.724 0.0000000000
100017  48.508  13.319  -0.540 0.0000000000
100892  48.883  14.350  0.891 0.0000000000
100003  48.166  13.636  0.291 0.0000000000
100883  47.630  14.278  1.604 0.0000000000
100004  47.343  13.180  0.514 0.0000000000
99115  46.787  12.576  0.505 0.0000000000
99129  47.202  12.154  -0.326 0.0000000000
97234  47.392  10.921  -2.351 0.0000000000
97248  46.980  10.595  -2.999 0.0000000000
97249  46.164  10.177  -3.010 0.0000000000
96266  46.548  10.095  -4.263 0.0000000000
96279  46.271  9.710  -5.124 0.0000000000
106997  41.634  22.616  17.174 0.0000000000
107007  41.727  23.186  16.689 0.0000000000
107006  42.275  22.599  16.846 0.0000000000
107013  42.546  22.384  16.554 0.0000000000
106228  42.925  21.987  17.029 0.0000000000
105454  40.554  20.968  17.164 0.0000000000
105446  40.863  21.573  17.297 0.0000000000
104710  44.397  20.193  16.477 0.0000000000
104689  44.802  20.924  16.750 0.0000000000
104731  45.301  20.109  15.401 0.0000000000
105483  46.177  20.391  14.413 0.0000000000
104036  46.156  18.522  13.094 0.0000000000
104049  46.273  18.415  11.980 0.0000000000
104058  46.846  18.995  11.282 0.0000000000
104059  46.268  18.294  11.140 0.0000000000
103260  36.585  17.788  14.936 0.0000000000
104005  37.022  18.125  15.102 0.0000000000
104024  37.854  18.263  14.067 0.0000000000
103302  39.779  17.510  12.536 0.0000000000
103278  39.167  18.131  13.227 0.0000000000
103277  40.260  18.026  13.160 0.0000000000
100791  41.644  14.879  11.050 0.0000000000
101663  42.832  15.790  11.131 0.0000000000
102561  42.507  16.128  11.534 0.0000000000
102547  42.897  16.694  12.098 0.0000000000
103316  43.807  17.020  11.974 0.0000000000
102589  44.931  16.441  8.677 0.0000000000
102583  45.472  17.164  9.183 0.0000000000
103332  46.106  17.721  9.766 0.0000000000
102587  46.732  17.371  8.104 0.0000000000
100821  46.198  15.022  6.191 0.0000000000
101695  45.994  15.402  6.570 0.0000000000
101701  47.509  15.175  5.763 0.0000000000
100830  46.480  14.551  5.778 0.0000000000
99052  44.757  12.620  5.458 0.0000000000
99065  46.039  12.366  4.509 0.0000000000
99064  46.871  12.612  4.195 0.0000000000
104749  34.156  19.001  13.311 0.0000000000
104039  32.951  18.513  12.856 0.0000000000
104028  32.383  18.071  13.366 0.0000000000
103263  32.916  17.673  14.703 0.0000000000
103283  32.369  17.756  13.973 0.0000000000
105618  36.464  20.834  0.499 0.0000000000
105617  37.103  20.923  1.090 0.0000000000
106385  37.641  21.154  0.091 0.0000000000
106399  38.585  21.478  -0.844 0.0000000000
106400  37.744  21.327  -1.116 0.0000000000
106415  37.745  21.360  -2.205 0.0000000000
106401  36.966  21.197  -1.402 0.0000000000
104903  33.979  19.928  -2.671 0.0000000000
105680  33.869  19.584  -3.748 0.0000000000
104925  33.615  18.781  -4.989 0.0000000000
104915  33.453  18.954  -3.867 0.0000000000
103441  33.652  17.252  -3.209 0.0000000000
103446  33.357  17.258  -4.537 0.0000000000
102715  33.826  16.639  -3.957 0.0000000000
102727  34.023  16.079  -5.155 0.0000000000
101825  34.479  15.898  -4.932 0.0000000000
102685  35.351  16.741  -1.149 0.0000000000
102694  35.050  16.716  -1.859 0.0000000000
102703  35.632  16.413  -2.420 0.0000000000
101823  36.456  15.686  -4.635 0.0000000000
101810  36.003  15.915  -3.796 0.0000000000
101837  36.808  15.409  -5.546 0.0000000000
101838  35.689  15.468  -5.445 0.0000000000
100957  36.494  14.607  -6.301 0.0000000000
100079  36.493  13.906  -5.918 0.0000000000
100946  37.190  14.473  -6.043 0.0000000000
100933  38.812  14.090  -5.075 0.0000000000
108330  41.277  24.445  14.486 0.0000000000
107042  40.426  22.400  13.363 0.0000000000
107698  40.582  23.341  13.721 0.0000000000
107043  39.932  22.692  12.864 0.0000000000
107715  39.818  23.101  12.448 0.0000000000
107054  39.714  22.216  12.389 0.0000000000
105532  42.793  20.090  11.724 0.0000000000
105515  42.249  20.375  12.552 0.0000000000
104790  40.748  19.523  10.569 0.0000000000
105550  40.060  19.945  10.856 0.0000000000
105536  39.292  20.632  10.782 0.0000000000
104792  39.268  19.791  10.084 0.0000000000
104806  39.480  19.297  9.719 0.0000000000
103344  39.888  17.585  7.241 0.0000000000
103359  39.198  17.216  6.576 0.0000000000
103360  38.101  17.368  6.666 0.0000000000
103374  39.572  16.879  5.726 0.0000000000
103351  48.214  18.022  6.446 0.0000000000
103352  46.843  18.320  6.205 0.0000000000
102605  44.978  16.985  5.061 0.0000000000
103353  45.539  18.116  6.095 0.0000000000
103369  44.877  17.382  5.407 0.0000000000
103354  44.350  17.886  6.061 0.0000000000
99964  44.045  13.669  3.415 0.0000000000
100860  43.519  14.536  3.648 0.0000000000
102639  42.339  15.902  3.204 0.0000000000
102638  43.045  15.751  3.640 0.0000000000
103386  41.950  17.071  4.573 0.0000000000
103372  41.638  17.259  5.398 0.0000000000
102653  40.682  15.789  2.423 0.0000000000
102641  40.471  16.044  3.161 0.0000000000
102624  39.162  16.248  4.098 0.0000000000
102642  39.445  15.939  3.205 0.0000000000
102655  38.662  15.814  2.321 0.0000000000
101741  39.694  15.562  1.685 0.0000000000
101774  40.320  15.451  -0.799 0.0000000000
101765  39.601  15.470  0.356 0.0000000000
101786  39.469  15.576  -1.565 0.0000000000
101785  40.361  15.471  -1.866 0.0000000000
100040  42.960  14.169  -2.731 0.0000000000
100908  42.567  14.539  -2.529 0.0000000000
100915  42.904  14.535  -3.483 0.0000000000
101832  42.045  14.860  -5.420 0.0000000000
101818  41.829  15.230  -4.891 0.0000000000
101806  40.715  15.559  -3.967 0.0000000000
101833  41.164  14.984  -5.229 0.0000000000
101834  40.184  15.077  -5.178 0.0000000000
99157  41.417  12.128  -3.322 0.0000000000
100052  41.189  12.891  -3.799 0.0000000000
94298  40.603  7.478  -5.721 0.0000000000
93184  40.179  7.007  -4.539 0.0000000000
104171  31.982  17.478  -6.366 0.0000000000
104176  33.182  18.313  -7.110 0.0000000000
104169  33.254  18.134  -6.524 0.0000000000
105468  37.486  20.143  15.931 0.0000000000
104696  37.813  19.337  16.407 0.0000000000
103983  37.917  18.731  15.781 0.0000000000
104111  35.549  18.980  6.275 0.0000000000
104113  35.206  18.937  5.550 0.0000000000
103378  35.434  18.243  5.503 0.0000000000
103396  35.811  17.109  3.929 0.0000000000
102646  35.387  17.031  2.890 0.0000000000
102658  35.605  16.764  2.260 0.0000000000
102657  36.567  16.354  2.333 0.0000000000
102665  37.948  15.864  1.463 0.0000000000
105546  46.735  20.272  11.258 0.0000000000
104785  46.761  20.128  10.545 0.0000000000
104817  47.012  19.874  9.098 0.0000000000
104828  46.909  19.542  8.275 0.0000000000
97237  44.473  10.247  -1.979 0.0000000000
97238  43.678  10.812  -1.941 0.0000000000
98234  43.493  11.471  -2.808 0.0000000000
97278  43.969  10.586  -5.188 0.0000000000
97290  43.761  10.746  -6.048 0.0000000000
96302  43.559  9.473  -6.903 0.0000000000
97301  43.804  9.996  -6.418 0.0000000000
95324  44.015  8.596  -6.813 0.0000000000
94304  44.477  7.907  -6.398 0.0000000000
102512  34.347  17.018  15.224 0.0000000000
102511  35.167  17.026  15.058 0.0000000000
106326  38.015  21.790  7.832 0.0000000000
106317  38.005  21.611  8.697 0.0000000000
106312  37.687  21.002  8.826 0.0000000000
105558  37.804  20.433  9.133 0.0000000000
101693  47.944  15.986  6.072 0.0000000000
102602  48.767  16.245  5.774 0.0000000000
101699  49.042  15.493  5.100 0.0000000000
101698  49.369  15.857  4.604 0.0000000000
102635  49.421  15.779  3.769 0.0000000000
100028  49.372  13.349  -1.130 0.0000000000
99127  48.664  13.067  -1.015 0.0000000000
99141  48.460  12.335  -1.406 0.0000000000
98210  47.660  11.870  -1.168 0.0000000000
98223  48.060  11.461  -2.098 0.0000000000
97247  47.789  10.941  -3.072 0.0000000000
106998  41.311  22.389  17.237 0.0000000000
104713  40.873  19.804  16.103 0.0000000000
104712  42.073  19.866  16.274 0.0000000000
104733  42.855  19.429  15.627 0.0000000000
103998  44.833  19.015  14.973 0.0000000000
103273  44.594  18.108  13.527 0.0000000000
103304  37.694  17.606  12.753 0.0000000000
103279  38.159  18.122  13.382 0.0000000000
102551  39.343  16.920  12.009 0.0000000000
102550  40.325  16.794  12.028 0.0000000000
100813  42.532  14.265  9.529 0.0000000000
101683  42.944  14.897  9.843 0.0000000000
101678  43.140  15.574  10.475 0.0000000000
102577  43.753  16.342  10.630 0.0000000000
102585  43.847  16.134  9.875 0.0000000000
102594  45.262  16.169  7.877 0.0000000000
101696  45.295  15.172  6.810 0.0000000000
100822  45.459  14.532  6.245 0.0000000000
99066  45.316  12.174  4.834 0.0000000000
98169  46.542  11.576  3.476 0.0000000000
104862  35.083  19.982  2.320 0.0000000000
105607  35.469  20.380  1.407 0.0000000000
105619  35.507  20.602  0.212 0.0000000000
105634  35.454  20.687  -0.855 0.0000000000
104890  34.056  19.877  -1.806 0.0000000000
103440  34.102  16.828  -2.830 0.0000000000
102711  36.995  16.105  -2.584 0.0000000000
101836  37.799  15.097  -5.636 0.0000000000
101846  37.277  14.875  -6.157 0.0000000000
100944  39.421  14.589  -5.245 0.0000000000
107025  41.605  22.893  15.182 0.0000000000
107684  41.092  23.494  14.594 0.0000000000
106259  41.013  22.086  14.024 0.0000000000
106274  41.074  21.452  13.433 0.0000000000
104788  42.914  19.791  10.277 0.0000000000
104773  42.325  19.753  11.072 0.0000000000
104804  41.301  19.112  9.722 0.0000000000
104072  40.730  18.706  9.163 0.0000000000
104073  39.806  18.750  9.259 0.0000000000
104084  40.152  18.322  8.607 0.0000000000
104097  40.530  17.952  7.865 0.0000000000
103382  47.778  17.291  4.961 0.0000000000
102603  46.718  17.135  5.122 0.0000000000
102604  45.601  16.995  5.150 0.0000000000
102619  44.824  16.498  4.729 0.0000000000
99089  42.558  13.439  1.790 0.0000000000
100861  42.645  14.553  2.923 0.0000000000
101729  42.261  15.288  2.614 0.0000000000
102652  41.476  15.775  2.487 0.0000000000
101739  40.859  15.609  1.747 0.0000000000
101753  40.235  15.470  1.025 0.0000000000
101763  41.050  15.416  0.004 0.0000000000
101773  41.104  15.321  -1.017 0.0000000000
100921  43.466  14.148  -4.944 0.0000000000
100922  43.035  14.675  -4.548 0.0000000000
100930  43.038  14.641  -5.378 0.0000000000
100941  42.524  14.258  -5.837 0.0000000000
100076  41.929  13.628  -5.660 0.0000000000
99162  41.578  12.394  -4.440 0.0000000000
103459  31.858  16.580  -6.523 0.0000000000
100961  33.391  14.704  -5.981 0.0000000000
100960  33.818  14.738  -6.171 0.0000000000
105455  39.333  20.412  16.674 0.0000000000
104694  40.082  20.043  16.630 0.0000000000
104001  41.191  19.033  14.633 0.0000000000
100793  40.122  14.783  10.883 0.0000000000
100805  40.757  14.110  10.512 0.0000000000
99905  41.707  13.870  10.138 0.0000000000
99914  41.881  13.716  9.757 0.0000000000
100816  42.590  14.039  8.953 0.0000000000
99918  42.786  13.871  8.272 0.0000000000
99923  43.228  13.686  7.569 0.0000000000
99922  43.875  13.958  7.141 0.0000000000
105588  37.106  21.109  3.962 0.0000000000
105590  35.702  20.350  3.339 0.0000000000
104841  35.171  19.612  4.825 0.0000000000
104847  35.180  19.850  3.908 0.0000000000
104855  35.146  19.929  3.090 0.0000000000
104134  34.124  18.748  1.644 0.0000000000
103420  34.202  17.689  0.124 0.0000000000
102684  35.996  16.564  -0.624 0.0000000000
102667  35.958  16.564  1.303 0.0000000000
102692  36.719  16.316  -1.231 0.0000000000
102701  37.378  16.078  -1.870 0.0000000000
101798  38.317  15.847  -2.299 0.0000000000
105485  44.717  20.873  14.519 0.0000000000
106272  43.430  21.043  14.183 0.0000000000
105500  43.854  20.645  13.453 0.0000000000
105513  44.484  20.464  12.598 0.0000000000
105531  43.981  20.182  11.387 0.0000000000
105547  45.982  20.394  10.864 0.0000000000
104786  44.582  20.213  10.333 0.0000000000
104787  44.018  20.070  10.527 0.0000000000
104820  43.552  19.253  8.531 0.0000000000
104094  43.371  18.477  7.320 0.0000000000
99975  45.847  13.547  2.339 0.0000000000
99962  45.659  13.920  2.951 0.0000000000
99086  44.784  12.682  2.147 0.0000000000
99103  44.275  12.069  1.612 0.0000000000
99087  43.799  12.567  2.227 0.0000000000
98202  44.051  11.101  0.228 0.0000000000
98203  43.350  11.735  0.313 0.0000000000
99104  43.175  12.324  1.187 0.0000000000
99118  42.583  12.953  0.344 0.0000000000
100018  42.633  13.676  -0.654 0.0000000000
100894  42.282  14.533  -0.379 0.0000000000
100030  42.915  13.864  -1.919 0.0000000000
99156  43.507  12.447  -3.588 0.0000000000
100051  43.532  13.400  -4.314 0.0000000000
100063  43.555  13.359  -5.349 0.0000000000
99174  42.789  12.499  -6.508 0.0000000000
97304  41.746  10.025  -6.346 0.0000000000
94308  40.936  7.660  -6.332 0.0000000000
93194  41.544  7.185  -6.328 0.0000000000
93188  41.443  6.818  -5.631 0.0000000000
104718  35.670  18.940  15.538 0.0000000000
103985  35.814  18.354  15.641 0.0000000000
103281  36.301  17.345  13.969 0.0000000000
102553  37.304  16.889  12.146 0.0000000000
102566  37.923  16.277  11.577 0.0000000000
105580  37.045  20.909  5.949 0.0000000000
105577  36.431  20.282  6.481 0.0000000000
106327  37.565  21.299  7.321 0.0000000000
105574  36.701  20.241  7.348 0.0000000000
104837  35.908  19.599  6.446 0.0000000000
103362  36.012  18.282  6.469 0.0000000000
103376  37.367  17.101  5.792 0.0000000000
103335  47.789  18.481  8.392 0.0000000000
103341  48.059  18.268  7.539 0.0000000000
102596  48.908  17.173  5.895 0.0000000000
103365  48.976  17.309  5.359 0.0000000000
103366  48.389  17.573  5.538 0.0000000000
101710  47.526  16.162  3.932 0.0000000000
101726  46.874  15.487  3.534 0.0000000000
100854  49.361  14.465  3.611 0.0000000000
101723  49.344  15.355  3.171 0.0000000000
100891  49.426  14.336  0.821 0.0000000000
101750  49.062  14.931  1.991 0.0000000000
101736  48.858  15.334  2.463 0.0000000000
100871  48.021  15.016  2.270 0.0000000000
100872  46.840  14.294  2.349 0.0000000000
99974  46.676  13.824  1.942 0.0000000000
99990  46.097  13.045  1.546 0.0000000000
99116  45.928  11.970  0.794 0.0000000000
98212  45.924  10.921  -0.466 0.0000000000
98211  46.769  11.224  -0.923 0.0000000000
97221  46.020  10.589  -1.198 0.0000000000
97236  45.578  10.156  -2.005 0.0000000000
96280  45.382  9.638  -5.177 0.0000000000
96292  45.883  9.205  -5.834 0.0000000000
95316  46.592  8.618  -5.935 0.0000000000
107677  41.732  23.870  16.118 0.0000000000
106239  42.819  22.064  15.968 0.0000000000
106238  43.843  21.465  15.836 0.0000000000
107009  40.243  22.168  16.610 0.0000000000
106221  41.057  22.054  17.345 0.0000000000
106229  42.123  21.685  17.353 0.0000000000
104692  42.494  20.444  16.905 0.0000000000
105452  42.825  21.143  17.194 0.0000000000
105451  43.784  21.228  16.976 0.0000000000
106226  44.273  21.381  16.248 0.0000000000
105484  45.257  20.785  14.849 0.0000000000
105498  45.993  20.693  13.761 0.0000000000
105496  47.266  20.231  13.438 0.0000000000
103996  46.521  19.467  14.258 0.0000000000
104745  47.233  19.809  13.541 0.0000000000
104770  47.253  19.711  12.174 0.0000000000
103331  46.912  18.255  9.438 0.0000000000
104023  38.516  18.467  14.085 0.0000000000
104021  40.737  18.516  13.886 0.0000000000
103275  42.625  17.783  13.364 0.0000000000
101666  40.475  15.434  11.311 0.0000000000
102563  40.843  16.079  11.644 0.0000000000
101664  42.257  15.284  11.088 0.0000000000
102562  41.712  16.020  11.611 0.0000000000
102549  41.216  16.621  12.092 0.0000000000
103300  41.564  17.056  12.533 0.0000000000
103299  42.317  17.161  12.685 0.0000000000
103315  44.754  17.400  11.785 0.0000000000
102576  44.400  16.794  10.346 0.0000000000
103323  44.968  17.369  10.897 0.0000000000
103314  45.621  17.842  11.474 0.0000000000
103322  45.826  17.796  10.617 0.0000000000
103336  47.248  18.005  8.654 0.0000000000
102592  47.144  16.977  7.404 0.0000000000
101688  46.566  16.172  6.930 0.0000000000
100842  48.135  14.174  4.667 0.0000000000
99927  44.350  13.747  6.542 0.0000000000
99926  45.052  14.029  6.141 0.0000000000
99051  45.832  12.876  5.106 0.0000000000
99936  46.804  13.631  5.085 0.0000000000
99949  47.789  13.653  4.425 0.0000000000
104747  35.674  19.612  14.194 0.0000000000
104740  34.974  19.128  14.689 0.0000000000
104025  34.425  18.805  14.510 0.0000000000
104007  33.998  18.454  14.800 0.0000000000
104038  33.576  18.660  13.339 0.0000000000
104008  33.440  18.260  14.588 0.0000000000
103262  33.608  18.059  15.106 0.0000000000
103256  33.433  17.586  15.154 0.0000000000
103284  31.581  17.643  13.377 0.0000000000
103264  31.975  17.229  14.318 0.0000000000
105647  35.466  20.663  -1.901 0.0000000000
105661  36.224  20.833  -2.716 0.0000000000
105677  36.244  20.763  -3.847 0.0000000000
104924  34.255  19.315  -5.661 0.0000000000
103452  33.143  17.207  -5.641 0.0000000000
104159  33.192  18.070  -4.138 0.0000000000
102728  33.458  16.321  -5.877 0.0000000000
100959  34.639  14.768  -6.144 0.0000000000
103434  34.253  16.987  -2.265 0.0000000000
102704  34.695  16.588  -2.771 0.0000000000
101811  35.383  15.968  -3.901 0.0000000000
102720  34.951  16.066  -3.950 0.0000000000
101849  35.040  15.160  -5.951 0.0000000000
100081  35.074  14.140  -5.991 0.0000000000
100070  35.730  13.616  -5.472 0.0000000000
100078  37.277  13.935  -5.508 0.0000000000
108331  40.841  23.895  14.119 0.0000000000
107730  39.539  22.920  11.705 0.0000000000
107069  39.192  22.109  11.197 0.0000000000
105501  42.806  20.696  13.350 0.0000000000
105502  41.860  20.772  13.248 0.0000000000
105516  41.180  20.531  12.570 0.0000000000
104774  41.420  19.690  11.119 0.0000000000
105534  40.557  20.167  11.556 0.0000000000
106280  40.172  21.200  12.218 0.0000000000
106296  39.427  21.160  11.313 0.0000000000
107070  39.026  21.493  10.871 0.0000000000
106309  38.547  20.918  10.088 0.0000000000
104808  38.058  19.901  9.296 0.0000000000
104822  38.083  19.472  9.122 0.0000000000
104085  39.183  18.386  8.742 0.0000000000
103338  38.566  18.080  8.181 0.0000000000
104099  37.809  18.372  8.155 0.0000000000
103346  37.785  17.971  7.611 0.0000000000
102608  37.752  16.633  5.025 0.0000000000
104090  47.703  19.071  7.978 0.0000000000
104091  47.218  19.294  7.720 0.0000000000
104835  46.257  19.272  7.252 0.0000000000
104105  46.040  18.849  6.651 0.0000000000
104092  45.302  19.104  7.218 0.0000000000
104093  44.283  18.769  7.232 0.0000000000
104107  43.837  18.251  6.662 0.0000000000
104108  42.854  18.059  6.727 0.0000000000
100844  45.086  14.966  4.039 0.0000000000
101713  44.408  15.597  4.309 0.0000000000
101714  43.559  15.407  3.888 0.0000000000
102620  43.406  16.245  4.178 0.0000000000
103384  44.079  17.029  4.809 0.0000000000
103370  43.699  17.522  5.312 0.0000000000
103356  42.269  17.673  6.069 0.0000000000
103357  41.286  17.443  6.233 0.0000000000
103373  40.630  17.018  5.571 0.0000000000
102622  41.221  16.567  3.887 0.0000000000
102606  39.922  16.596  4.869 0.0000000000
102607  38.838  16.559  4.968 0.0000000000
102625  38.078  16.349  4.152 0.0000000000
102673  38.730  15.610  0.751 0.0000000000
101754  39.512  15.513  1.166 0.0000000000
101766  39.051  15.548  0.524 0.0000000000
102681  38.492  15.682  0.171 0.0000000000
101787  38.763  15.692  -1.104 0.0000000000
101804  42.403  15.044  -4.247 0.0000000000
101795  41.412  15.403  -3.114 0.0000000000
101796  40.514  15.601  -2.949 0.0000000000
101807  39.701  15.642  -3.847 0.0000000000
100932  39.723  14.152  -4.966 0.0000000000
100931  40.572  14.111  -4.953 0.0000000000
100065  40.043  13.721  -4.403 0.0000000000
96300  45.210  9.055  -6.292 0.0000000000
94303  45.277  8.026  -6.250 0.0000000000
93187  42.213  6.880  -5.299 0.0000000000
93189  40.938  7.061  -6.023 0.0000000000
93195  41.194  7.387  -6.374 0.0000000000
94287  40.302  7.440  -4.977 0.0000000000
94296  43.954  7.396  -5.768 0.0000000000
95328  40.696  8.047  -6.125 0.0000000000
96256  46.306  10.139  -3.630 0.0000000000
96257  45.942  9.957  -3.700 0.0000000000
97212  44.054  10.804  -0.283 0.0000000000
97263  46.648  10.313  -3.578 0.0000000000
98190  45.320  11.750  0.918 0.0000000000
98213  43.830  10.922  -0.354 0.0000000000
99101  46.241  12.686  1.138 0.0000000000
99105  42.552  13.191  1.235 0.0000000000
99114  47.511  12.886  0.073 0.0000000000
99173  43.181  12.444  -6.361 0.0000000000
99935  47.461  13.901  4.875 0.0000000000
99950  47.000  13.190  4.628 0.0000000000
99963  45.150  13.761  3.189 0.0000000000
99965  43.135  13.852  3.186 0.0000000000
99977  43.443  13.225  2.768 0.0000000000
99978  42.627  13.757  2.356 0.0000000000
99988  47.749  13.945  1.038 0.0000000000
100016  49.103  13.598  -0.730 0.0000000000
100027  49.706  13.352  -1.036 0.0000000000
100071  35.039  13.909  -5.679 0.0000000000
100074  43.239  13.246  -6.124 0.0000000000
100077  37.853  13.885  -5.210 0.0000000000
100080  35.650  14.060  -6.097 0.0000000000
100087  42.746  12.902  -6.461 0.0000000000
100088  36.265  14.208  -6.204 0.0000000000
100828  48.559  14.905  5.107 0.0000000000
100856  47.888  15.373  2.756 0.0000000000
100857  47.255  15.083  2.891 0.0000000000
100859  44.669  14.328  3.729 0.0000000000
100870  48.682  15.019  2.087 0.0000000000
100873  46.217  14.114  2.655 0.0000000000
100881  49.382  14.538  1.594 0.0000000000
100884  47.029  13.981  1.787 0.0000000000
100893  48.225  14.226  1.070 0.0000000000
100929  43.302  14.041  -5.780 0.0000000000
100935  34.349  14.012  -5.357 0.0000000000
100940  43.016  13.814  -6.226 0.0000000000
100947  36.625  14.276  -6.172 0.0000000000
100948  35.092  14.362  -6.144 0.0000000000
100956  37.013  14.769  -6.267 0.0000000000
100958  35.584  14.641  -6.238 0.0000000000
101669  37.461  15.544  11.238 0.0000000000
101724  48.764  15.814  3.119 0.0000000000
101727  46.133  15.306  3.881 0.0000000000
101737  48.327  15.499  2.742 0.0000000000
101749  49.263  14.803  1.958 0.0000000000
101755  39.044  15.551  0.960 0.0000000000
101776  38.949  15.598  -0.208 0.0000000000
101794  42.185  15.036  -3.291 0.0000000000
101819  40.939  15.422  -4.794 0.0000000000
101831  42.580  14.744  -5.473 0.0000000000
101840  33.741  15.856  -6.029 0.0000000000
101848  36.115  15.120  -6.080 0.0000000000
102536  35.962  16.810  13.224 0.0000000000
102614  49.404  16.060  4.177 0.0000000000
102627  36.295  16.934  4.303 0.0000000000
102654  39.684  15.675  2.211 0.0000000000
102663  39.449  15.573  1.622 0.0000000000
102702  36.494  16.286  -2.103 0.0000000000
102705  34.083  16.674  -3.232 0.0000000000
102721  34.335  16.143  -4.427 0.0000000000
102733  33.417  16.006  -6.390 0.0000000000
102734  32.934  15.934  -6.770 0.0000000000
103252  36.439  17.934  15.406 0.0000000000
103259  37.096  18.048  14.758 0.0000000000
103261  35.806  17.226  14.652 0.0000000000
103339  38.050  18.264  8.201 0.0000000000
103348  36.339  18.623  7.107 0.0000000000
103363  35.477  18.573  5.995 0.0000000000
103388  35.822  17.329  4.459 0.0000000000
103389  35.346  17.863  4.645 0.0000000000
103421  33.670  18.102  -0.461 0.0000000000
103427  35.305  16.828  -0.674 0.0000000000
103968  38.159  19.065  16.289 0.0000000000
103969  37.562  18.839  16.218 0.0000000000
103982  38.512  19.085  16.027 0.0000000000
103987  34.206  18.264  15.207 0.0000000000
103995  46.706  19.534  14.147 0.0000000000
103997  45.884  19.282  14.631 0.0000000000
104006  34.570  18.660  15.023 0.0000000000
104015  46.797  19.446  13.953 0.0000000000
104016  46.370  18.997  13.977 0.0000000000
104035  46.882  19.213  13.366 0.0000000000
104037  45.215  18.123  13.167 0.0000000000
104068  47.613  19.366  9.531 0.0000000000
104071  41.675  18.752  8.991 0.0000000000
104074  39.010  18.882  9.285 0.0000000000
104081  42.996  18.708  8.006 0.0000000000
104086  38.106  18.783  8.712 0.0000000000
104101  36.623  19.008  7.642 0.0000000000
104110  36.015  18.995  6.932 0.0000000000
104116  34.694  19.030  4.048 0.0000000000
104121  34.956  18.169  4.115 0.0000000000
104128  34.330  18.803  2.619 0.0000000000
104175  33.345  18.577  -6.999 0.0000000000
104690  44.451  20.803  16.812 0.0000000000
104709  44.899  20.711  16.430 0.0000000000
104716  37.326  19.447  16.291 0.0000000000
104729  46.795  19.726  14.112 0.0000000000
104730  46.327  19.854  14.522 0.0000000000
104736  39.519  19.275  15.416 0.0000000000
104737  39.105  19.191  15.460 0.0000000000
104739  35.587  19.348  15.065 0.0000000000
104744  47.393  19.937  13.286 0.0000000000
104756  47.481  19.941  13.072 0.0000000000
104757  47.297  19.620  12.925 0.0000000000
104769  47.467  19.938  12.781 0.0000000000
104771  43.745  20.047  10.963 0.0000000000
104791  39.883  19.630  10.282 0.0000000000
104799  47.201  19.646  9.788 0.0000000000
104816  47.507  19.563  9.189 0.0000000000
104823  37.613  19.687  8.808 0.0000000000
104824  37.065  19.755  8.249 0.0000000000
104832  36.703  19.697  7.758 0.0000000000
104834  46.730  19.347  7.641 0.0000000000
104839  35.513  19.581  5.732 0.0000000000
104842  34.875  19.340  4.231 0.0000000000
104848  34.777  19.410  3.638 0.0000000000
104868  34.272  19.521  0.631 0.0000000000
104879  33.659  19.241  -0.804 0.0000000000
105445  41.326  21.545  17.404 0.0000000000
105450  44.587  21.164  16.545 0.0000000000
105457  37.677  19.713  16.355 0.0000000000
105495  47.395  20.117  13.233 0.0000000000
105497  46.812  20.531  13.634 0.0000000000
105509  47.446  20.147  13.027 0.0000000000
105510  47.218  20.399  12.959 0.0000000000
105527  47.385  20.125  12.630 0.0000000000
105535  39.764  20.448  11.137 0.0000000000
105548  44.820  20.297  10.652 0.0000000000
105549  44.261  20.173  10.846 0.0000000000
105551  39.506  20.122  10.581 0.0000000000
105552  38.898  20.347  10.223 0.0000000000
105555  45.426  20.331  10.286 0.0000000000
105556  45.060  20.315  10.250 0.0000000000
105557  38.317  20.390  9.659 0.0000000000
105573  37.150  20.712  7.699 0.0000000000
105576  37.058  20.813  6.878 0.0000000000
105584  37.062  21.059  4.970 0.0000000000
105589  36.376  20.721  3.636 0.0000000000
105599  35.663  20.369  2.426 0.0000000000
105646  36.200  20.956  -1.641 0.0000000000
106220  41.610  22.113  17.413 0.0000000000
106230  40.541  21.817  17.013 0.0000000000
106237  44.625  21.317  15.900 0.0000000000
106255  44.914  21.116  15.483 0.0000000000
106271  44.248  20.862  14.222 0.0000000000
106386  37.004  21.106  -0.487 0.0000000000
106996  42.003  22.734  17.094 0.0000000000
107089  38.484  22.260  8.406 0.0000000000
