#!ascii label  , from subject sub-THP0005 vox2ras=TkReg
1083
109182  43.792  25.544  -1.092 0.0000000000
113137  44.805  30.740  -4.121 0.0000000000
107134  47.116  22.783  2.163 0.0000000000
109187  38.183  25.530  -0.839 0.0000000000
107905  39.518  22.941  -6.161 0.0000000000
109984  43.258  26.329  -8.122 0.0000000000
118556  42.713  38.679  -1.840 0.0000000000
116565  41.807  35.557  -6.414 0.0000000000
109089  45.876  25.499  8.882 0.0000000000
107120  39.342  22.381  4.377 0.0000000000
109219  47.157  25.623  -5.510 0.0000000000
105656  47.121  20.262  -3.361 0.0000000000
109157  47.558  24.974  -0.337 0.0000000000
110651  47.364  27.622  4.985 0.0000000000
116600  39.837  35.315  -11.270 0.0000000000
113198  42.966  30.896  -8.910 0.0000000000
106429  40.198  21.368  -2.558 0.0000000000
109184  41.254  26.044  -1.011 0.0000000000
108534  39.002  24.168  -3.041 0.0000000000
107853  42.005  23.927  -1.924 0.0000000000
110752  44.775  27.293  -4.464 0.0000000000
110734  42.182  28.084  -1.710 0.0000000000
117219  38.817  36.933  -4.170 0.0000000000
109779  44.602  26.723  12.081 0.0000000000
108395  41.962  25.150  9.829 0.0000000000
109032  41.752  25.424  12.604 0.0000000000
117300  42.423  36.425  -14.180 0.0000000000
111553  46.876  28.284  -4.738 0.0000000000
109193  47.961  25.561  -2.962 0.0000000000
111536  46.552  28.555  -2.832 0.0000000000
113058  44.936  30.817  2.057 0.0000000000
112264  46.507  29.993  2.521 0.0000000000
112237  45.971  29.285  4.653 0.0000000000
111400  46.589  28.096  7.442 0.0000000000
115211  43.130  34.424  -5.425 0.0000000000
115856  44.560  34.802  -7.702 0.0000000000
113166  43.940  30.958  -6.583 0.0000000000
111580  45.850  27.995  -7.580 0.0000000000
105627  47.148  20.046  -0.469 0.0000000000
104913  43.976  19.618  -3.863 0.0000000000
106394  43.417  21.146  -0.245 0.0000000000
107897  36.300  23.053  -4.539 0.0000000000
106475  36.614  21.550  -5.534 0.0000000000
110838  43.125  26.968  -12.529 0.0000000000
110805  40.619  26.633  -9.705 0.0000000000
115835  43.612  34.970  -2.935 0.0000000000
113848  45.554  31.835  -1.709 0.0000000000
116584  34.849  35.870  -7.327 0.0000000000
116581  37.633  34.988  -7.702 0.0000000000
117946  41.159  37.267  -4.881 0.0000000000
108443  45.771  24.475  5.089 0.0000000000
107810  42.998  23.371  2.920 0.0000000000
108419  42.600  24.270  6.453 0.0000000000
107096  38.629  22.304  7.459 0.0000000000
109195  45.881  25.184  -2.801 0.0000000000
107851  44.590  23.193  -1.358 0.0000000000
107864  47.517  23.535  -2.701 0.0000000000
107186  48.688  22.236  -1.640 0.0000000000
107820  49.194  23.103  1.541 0.0000000000
111484  45.689  29.014  0.216 0.0000000000
109898  47.200  26.173  2.453 0.0000000000
108440  48.552  24.538  4.680 0.0000000000
109095  47.684  25.641  7.564 0.0000000000
110561  46.884  27.288  10.365 0.0000000000
118642  40.962  38.697  -11.772 0.0000000000
115898  42.369  33.705  -12.656 0.0000000000
115234  43.581  33.485  -10.637 0.0000000000
113253  43.778  30.320  -11.963 0.0000000000
110802  44.550  26.671  -9.680 0.0000000000
109969  45.858  25.924  -6.400 0.0000000000
107225  43.399  21.749  -5.032 0.0000000000
105706  40.811  20.690  -5.836 0.0000000000
106433  36.990  21.018  -3.569 0.0000000000
106367  39.874  22.030  1.642 0.0000000000
109183  42.446  25.890  -1.059 0.0000000000
107854  41.359  24.274  -1.898 0.0000000000
108504  42.830  24.584  -1.131 0.0000000000
109949  44.545  26.913  -2.692 0.0000000000
110744  43.436  27.933  -2.697 0.0000000000
109940  43.210  27.096  -1.437 0.0000000000
109941  41.867  27.047  -1.073 0.0000000000
109743  44.385  27.377  13.646 0.0000000000
109758  42.999  26.314  12.516 0.0000000000
109004  42.406  26.020  14.215 0.0000000000
105721  34.699  20.488  -6.622 0.0000000000
112366  45.904  29.599  -4.502 0.0000000000
111545  46.972  28.246  -3.865 0.0000000000
113123  45.972  29.938  -3.092 0.0000000000
111452  44.325  29.402  2.561 0.0000000000
112253  45.537  30.137  3.005 0.0000000000
114572  43.111  32.646  -4.709 0.0000000000
114579  43.410  32.564  -5.575 0.0000000000
113907  44.103  30.945  -5.353 0.0000000000
113164  45.352  29.615  -5.749 0.0000000000
106361  47.255  21.528  1.075 0.0000000000
106392  45.191  20.696  -0.163 0.0000000000
106363  45.250  21.727  0.863 0.0000000000
109188  37.285  25.349  -0.663 0.0000000000
108524  37.442  24.314  -2.171 0.0000000000
107894  39.117  23.572  -5.142 0.0000000000
107883  37.628  23.719  -4.002 0.0000000000
107895  38.007  23.534  -4.974 0.0000000000
107243  36.310  22.439  -5.302 0.0000000000
107255  38.888  22.448  -6.338 0.0000000000
109256  42.919  25.387  -10.360 0.0000000000
109258  41.358  25.505  -11.077 0.0000000000
109993  42.242  26.422  -9.034 0.0000000000
109170  39.290  26.479  -0.552 0.0000000000
109172  37.569  26.043  -0.318 0.0000000000
117200  43.532  36.996  -2.914 0.0000000000
115834  44.041  34.935  -2.239 0.0000000000
117163  43.784  36.820  -1.243 0.0000000000
117906  40.505  37.713  -3.675 0.0000000000
117927  40.541  37.613  -4.485 0.0000000000
118580  42.057  38.597  -4.336 0.0000000000
117215  42.682  36.901  -4.459 0.0000000000
108417  45.370  25.048  7.146 0.0000000000
108431  43.628  24.261  5.570 0.0000000000
108418  43.897  24.739  6.772 0.0000000000
107738  40.154  23.887  10.150 0.0000000000
107747  40.320  23.713  8.087 0.0000000000
107084  38.983  22.746  9.013 0.0000000000
109203  46.641  24.870  -3.804 0.0000000000
109194  46.608  24.509  -3.087 0.0000000000
108543  47.551  24.629  -3.803 0.0000000000
109178  47.844  25.300  -1.966 0.0000000000
109177  48.117  24.534  -1.919 0.0000000000
108488  48.022  24.406  -0.707 0.0000000000
107831  48.957  22.929  0.431 0.0000000000
108478  48.674  23.794  0.689 0.0000000000
114559  46.186  32.900  -0.573 0.0000000000
113093  46.040  31.064  -0.828 0.0000000000
113078  46.214  30.737  0.246 0.0000000000
110664  46.892  27.923  3.855 0.0000000000
110678  46.547  28.062  2.810 0.0000000000
109883  47.255  26.710  3.523 0.0000000000
109128  48.475  24.916  2.963 0.0000000000
109872  48.265  25.683  4.819 0.0000000000
108413  48.356  24.922  5.923 0.0000000000
109859  48.124  25.997  5.935 0.0000000000
111385  45.451  28.252  8.031 0.0000000000
110603  46.652  27.855  8.505 0.0000000000
117282  40.163  36.777  -11.939 0.0000000000
116616  40.806  35.976  -12.806 0.0000000000
115891  40.605  34.793  -11.729 0.0000000000
116580  38.901  34.876  -7.270 0.0000000000
115872  38.964  34.797  -8.869 0.0000000000
115861  40.623  34.707  -7.941 0.0000000000
114602  44.168  32.936  -8.477 0.0000000000
115875  44.137  34.182  -8.850 0.0000000000
114614  44.040  32.390  -9.691 0.0000000000
114617  44.480  32.600  -11.101 0.0000000000
113958  42.994  30.851  -9.984 0.0000000000
112467  43.220  28.883  -10.395 0.0000000000
112453  43.380  29.245  -9.372 0.0000000000
110772  47.011  26.995  -6.722 0.0000000000
109980  46.225  26.270  -7.544 0.0000000000
109220  46.695  25.572  -5.930 0.0000000000
109213  46.184  25.885  -4.895 0.0000000000
106410  46.124  21.517  -2.168 0.0000000000
107213  44.250  21.671  -3.469 0.0000000000
105687  45.318  20.472  -4.820 0.0000000000
105660  41.842  20.859  -2.610 0.0000000000
105689  42.437  20.322  -4.668 0.0000000000
105676  40.821  20.790  -4.399 0.0000000000
106458  38.589  21.236  -5.091 0.0000000000
106431  38.563  21.387  -3.038 0.0000000000
107124  40.829  22.802  3.528 0.0000000000
107158  41.503  22.359  1.491 0.0000000000
106349  39.434  22.179  2.780 0.0000000000
108507  39.700  25.089  -1.345 0.0000000000
108523  38.408  24.461  -2.211 0.0000000000
108521  40.207  24.402  -2.090 0.0000000000
107869  40.187  24.043  -2.844 0.0000000000
107880  41.194  23.415  -4.254 0.0000000000
110767  43.927  27.290  -6.198 0.0000000000
109942  40.770  27.026  -0.871 0.0000000000
109061  45.000  26.073  10.383 0.0000000000
109091  44.042  25.353  8.983 0.0000000000
109063  43.408  25.731  10.418 0.0000000000
108385  41.475  25.042  11.040 0.0000000000
110757  47.532  27.064  -5.006 0.0000000000
109202  47.808  25.565  -3.768 0.0000000000
110749  47.427  27.375  -4.150 0.0000000000
109947  47.527  26.817  -2.817 0.0000000000
109929  46.683  26.552  -1.282 0.0000000000
113817  45.728  31.899  1.998 0.0000000000
113066  46.507  30.933  1.710 0.0000000000
113808  46.241  30.906  2.614 0.0000000000
113042  46.355  29.888  3.484 0.0000000000
111427  46.990  28.817  4.973 0.0000000000
111426  47.198  28.154  5.776 0.0000000000
111416  46.540  28.624  6.004 0.0000000000
111401  45.512  28.270  6.804 0.0000000000
111386  44.457  28.122  7.636 0.0000000000
116602  38.662  35.951  -10.397 0.0000000000
115853  43.218  35.433  -5.963 0.0000000000
116576  43.322  35.379  -7.399 0.0000000000
115852  43.764  34.904  -6.196 0.0000000000
114593  43.925  32.793  -7.422 0.0000000000
113182  44.030  30.502  -7.243 0.0000000000
112440  44.027  29.190  -8.388 0.0000000000
112404  44.895  29.682  -6.683 0.0000000000
111569  46.096  28.483  -6.565 0.0000000000
104898  47.546  19.033  -2.845 0.0000000000
104911  45.792  19.320  -4.211 0.0000000000
104888  45.652  19.298  -2.209 0.0000000000
105643  43.824  20.353  -1.718 0.0000000000
105645  42.143  20.923  -1.686 0.0000000000
106336  37.720  21.460  5.413 0.0000000000
106343  37.943  21.497  3.257 0.0000000000
107887  34.984  22.983  -3.075 0.0000000000
108535  38.049  24.065  -3.115 0.0000000000
108537  36.476  23.667  -3.218 0.0000000000
107216  35.154  22.877  -3.860 0.0000000000
107244  35.140  22.155  -5.417 0.0000000000
106476  35.595  21.493  -6.024 0.0000000000
105707  35.848  20.917  -5.696 0.0000000000
110839  42.358  26.955  -12.935 0.0000000000
110023  40.635  26.301  -11.689 0.0000000000
113863  43.843  31.877  -3.545 0.0000000000
113861  45.278  31.283  -2.542 0.0000000000
114564  44.215  32.841  -2.655 0.0000000000
115195  45.293  33.533  -1.401 0.0000000000
115187  45.694  33.521  -0.677 0.0000000000
114542  44.711  32.790  0.453 0.0000000000
113825  44.555  32.023  0.991 0.0000000000
116582  36.354  35.365  -7.419 0.0000000000
116568  38.232  35.281  -6.495 0.0000000000
116567  39.429  35.367  -6.394 0.0000000000
116555  41.177  36.053  -5.614 0.0000000000
116551  42.586  35.839  -4.760 0.0000000000
115839  42.624  34.872  -4.333 0.0000000000
107793  46.815  23.837  3.902 0.0000000000
107136  44.938  22.912  1.902 0.0000000000
107784  44.101  24.020  4.013 0.0000000000
107786  42.543  23.595  4.334 0.0000000000
107112  40.568  22.905  5.030 0.0000000000
108408  41.558  24.154  7.397 0.0000000000
107752  40.622  23.641  7.219 0.0000000000
107105  39.579  22.633  6.146 0.0000000000
109196  45.062  26.022  -2.359 0.0000000000
108503  44.070  24.301  -1.077 0.0000000000
109180  45.719  24.626  -1.947 0.0000000000
107849  46.672  23.169  -2.177 0.0000000000
107188  47.304  22.366  -2.242 0.0000000000
108530  48.072  24.196  -2.968 0.0000000000
107200  48.250  22.818  -2.155 0.0000000000
106407  48.554  21.359  -2.187 0.0000000000
105640  48.849  20.440  -1.050 0.0000000000
106374  48.509  21.200  0.477 0.0000000000
107133  48.095  22.566  2.334 0.0000000000
113108  45.729  30.469  -2.164 0.0000000000
111501  45.823  28.603  -1.212 0.0000000000
109922  46.188  26.615  -0.043 0.0000000000
112280  46.387  29.916  1.550 0.0000000000
109914  46.536  26.475  1.352 0.0000000000
109148  47.522  25.145  1.014 0.0000000000
109136  48.416  24.723  1.958 0.0000000000
107790  49.272  23.480  3.183 0.0000000000
107792  48.028  23.478  3.809 0.0000000000
107782  47.614  23.912  4.765 0.0000000000
108415  47.568  24.796  6.418 0.0000000000
109096  47.013  25.410  7.954 0.0000000000
110619  47.390  27.443  7.346 0.0000000000
109833  47.392  26.540  8.950 0.0000000000
109075  46.355  25.837  9.554 0.0000000000
109799  46.267  26.777  11.220 0.0000000000
118009  41.611  38.153  -12.782 0.0000000000
115910  41.884  34.912  -13.402 0.0000000000
115259  43.126  33.260  -13.189 0.0000000000
115868  43.188  34.601  -8.577 0.0000000000
115236  41.837  33.802  -10.885 0.0000000000
115241  42.918  33.411  -11.468 0.0000000000
114627  44.103  32.453  -12.211 0.0000000000
113270  44.003  30.766  -12.967 0.0000000000
112483  43.374  28.879  -11.680 0.0000000000
110815  44.000  26.501  -10.737 0.0000000000
109254  44.335  25.433  -9.475 0.0000000000
111596  44.873  28.015  -8.695 0.0000000000
109989  45.053  26.114  -8.696 0.0000000000
109976  44.824  26.228  -7.102 0.0000000000
109963  45.213  26.608  -5.628 0.0000000000
109948  45.377  26.179  -3.291 0.0000000000
107852  43.268  23.225  -1.859 0.0000000000
107215  42.908  22.469  -4.314 0.0000000000
107227  42.108  22.357  -5.838 0.0000000000
105703  43.598  20.043  -5.659 0.0000000000
106485  41.813  20.896  -6.625 0.0000000000
107253  40.296  21.841  -6.587 0.0000000000
106473  38.605  21.550  -5.891 0.0000000000
106460  37.079  21.251  -5.313 0.0000000000
107169  42.966  22.132  0.908 0.0000000000
106381  41.687  21.983  0.596 0.0000000000
106397  40.508  21.662  -0.625 0.0000000000
106351  37.952  21.329  2.202 0.0000000000
106399  38.585  21.478  -0.844 0.0000000000
108330  41.277  24.445  14.486 0.0000000000
107714  40.316  23.662  12.798 0.0000000000
109939  44.317  26.394  -1.750 0.0000000000
109950  43.935  27.150  -2.052 0.0000000000
109744  43.881  27.200  13.948 0.0000000000
113136  45.361  30.180  -4.346 0.0000000000
112348  45.781  29.936  -3.955 0.0000000000
113124  45.484  30.486  -3.348 0.0000000000
113878  43.596  31.823  -4.213 0.0000000000
113894  43.560  31.683  -5.091 0.0000000000
113893  44.152  31.116  -4.595 0.0000000000
113151  44.710  30.472  -4.943 0.0000000000
107153  46.681  22.237  1.480 0.0000000000
106362  46.258  21.611  0.942 0.0000000000
107154  45.624  22.305  1.396 0.0000000000
108509  37.810  24.899  -1.380 0.0000000000
107906  38.415  22.899  -5.925 0.0000000000
107915  38.996  22.762  -6.291 0.0000000000
109248  43.346  25.425  -9.500 0.0000000000
110000  42.677  25.663  -9.704 0.0000000000
109992  42.960  25.993  -8.782 0.0000000000
109186  39.109  25.711  -0.827 0.0000000000
109171  38.475  26.263  -0.450 0.0000000000
118564  43.869  38.723  -2.078 0.0000000000
117180  43.841  36.858  -1.937 0.0000000000
117874  43.831  37.977  -1.511 0.0000000000
117888  41.383  38.227  -3.114 0.0000000000
117905  41.272  38.334  -4.069 0.0000000000
118572  42.954  39.511  -3.315 0.0000000000
118578  43.383  39.093  -3.808 0.0000000000
109105  45.849  25.223  7.730 0.0000000000
108405  44.940  25.186  7.768 0.0000000000
107745  39.543  23.269  9.599 0.0000000000
109212  46.754  25.293  -4.879 0.0000000000
108544  47.146  24.783  -4.179 0.0000000000
109211  47.435  25.351  -4.481 0.0000000000
109166  47.327  25.567  -1.160 0.0000000000
109165  47.756  24.962  -1.134 0.0000000000
108487  48.474  23.719  -0.243 0.0000000000
108479  48.075  24.355  0.246 0.0000000000
114550  46.440  32.879  0.091 0.0000000000
113092  46.344  31.527  0.093 0.0000000000
113832  46.481  32.178  0.479 0.0000000000
110652  47.051  28.374  4.471 0.0000000000
110663  47.295  27.144  4.267 0.0000000000
109873  47.834  26.362  4.590 0.0000000000
109867  48.217  25.868  5.362 0.0000000000
109868  47.865  26.574  5.642 0.0000000000
111369  44.533  28.410  8.765 0.0000000000
116607  39.674  35.989  -11.409 0.0000000000
117283  39.618  36.805  -11.438 0.0000000000
116606  40.216  35.938  -11.965 0.0000000000
116579  40.050  34.959  -7.157 0.0000000000
116578  41.192  35.175  -7.180 0.0000000000
113931  43.146  31.399  -8.723 0.0000000000
114610  44.240  32.705  -9.303 0.0000000000
113941  43.581  32.174  -9.148 0.0000000000
113957  43.732  31.687  -10.173 0.0000000000
112468  42.950  29.667  -10.048 0.0000000000
113213  43.460  29.810  -8.848 0.0000000000
109967  47.344  26.180  -5.980 0.0000000000
109225  47.053  25.736  -6.169 0.0000000000
106426  46.507  20.861  -2.987 0.0000000000
106439  45.851  20.683  -3.532 0.0000000000
106428  40.970  21.217  -2.539 0.0000000000
105675  41.369  20.721  -3.663 0.0000000000
106442  40.717  21.124  -3.085 0.0000000000
106444  39.395  21.216  -3.832 0.0000000000
106430  39.411  21.423  -2.784 0.0000000000
107119  40.200  22.684  4.312 0.0000000000
107125  39.778  22.413  3.391 0.0000000000
107126  39.318  22.315  3.787 0.0000000000
108506  40.643  25.165  -1.335 0.0000000000
107868  40.989  23.906  -2.717 0.0000000000
107881  39.892  23.842  -3.792 0.0000000000
110760  44.007  27.719  -5.211 0.0000000000
110745  42.732  28.182  -2.197 0.0000000000
111537  42.765  28.614  -3.237 0.0000000000
109185  40.053  26.217  -0.761 0.0000000000
109800  45.314  26.545  11.244 0.0000000000
109062  44.160  25.891  10.366 0.0000000000
109801  44.426  26.312  11.103 0.0000000000
109031  42.371  25.853  12.148 0.0000000000
109050  42.512  25.744  11.316 0.0000000000
108375  41.307  24.947  12.022 0.0000000000
108376  40.879  24.560  11.511 0.0000000000
108360  40.741  24.356  12.393 0.0000000000
118667  42.468  38.232  -13.415 0.0000000000
118655  42.767  38.956  -13.021 0.0000000000
111558  47.236  27.499  -5.360 0.0000000000
111544  47.143  27.924  -4.410 0.0000000000
110742  47.239  27.495  -3.045 0.0000000000
109938  47.174  26.801  -2.297 0.0000000000
110732  46.575  27.660  -2.065 0.0000000000
113810  45.450  31.333  2.194 0.0000000000
113816  46.337  31.562  2.124 0.0000000000
113809  45.922  31.230  2.487 0.0000000000
112245  45.775  29.739  3.682 0.0000000000
113043  46.203  30.077  3.473 0.0000000000
112244  46.444  29.489  4.077 0.0000000000
112236  46.516  29.206  4.883 0.0000000000
112228  46.639  29.027  5.320 0.0000000000
112229  46.271  29.035  5.295 0.0000000000
111417  45.535  28.557  5.443 0.0000000000
111402  44.342  27.974  6.299 0.0000000000
115847  43.160  35.041  -5.673 0.0000000000
115846  43.414  34.557  -5.760 0.0000000000
113908  43.757  31.505  -6.032 0.0000000000
114585  43.700  32.713  -6.450 0.0000000000
113920  43.739  31.718  -6.967 0.0000000000
113181  44.594  29.918  -6.853 0.0000000000
112385  46.016  29.121  -5.386 0.0000000000
111560  46.076  28.749  -5.992 0.0000000000
111559  46.720  28.100  -5.678 0.0000000000
104886  47.695  19.283  -1.721 0.0000000000
104887  46.738  19.116  -2.092 0.0000000000
104877  46.151  19.404  -1.428 0.0000000000
106393  44.351  20.928  -0.198 0.0000000000
105630  44.072  20.566  -0.924 0.0000000000
105631  43.177  20.733  -0.952 0.0000000000
105644  42.976  20.548  -1.741 0.0000000000
105632  42.449  20.918  -1.023 0.0000000000
107871  35.255  23.285  -2.729 0.0000000000
107870  35.872  23.549  -2.985 0.0000000000
108522  39.305  24.499  -2.137 0.0000000000
107896  37.133  23.338  -4.685 0.0000000000
107884  36.801  23.523  -3.904 0.0000000000
107885  36.118  23.333  -3.726 0.0000000000
107898  35.826  23.059  -4.084 0.0000000000
107229  35.450  22.743  -4.475 0.0000000000
107228  36.021  22.769  -4.812 0.0000000000
107242  37.417  22.281  -5.852 0.0000000000
110849  42.988  27.560  -13.216 0.0000000000
110002  40.974  26.224  -10.161 0.0000000000
110014  40.654  25.865  -10.845 0.0000000000
110003  40.067  26.292  -10.202 0.0000000000
110806  39.706  26.782  -9.690 0.0000000000
115200  43.378  34.007  -3.270 0.0000000000
115197  43.964  34.024  -2.680 0.0000000000
115196  44.647  33.954  -1.982 0.0000000000
114551  44.487  33.393  -0.295 0.0000000000
114535  44.914  32.306  1.166 0.0000000000
116590  35.620  35.635  -8.022 0.0000000000
116583  35.485  35.654  -7.275 0.0000000000
116569  37.062  35.437  -6.559 0.0000000000
117947  40.936  37.436  -4.772 0.0000000000
117233  40.539  36.930  -4.955 0.0000000000
117232  41.629  36.814  -5.064 0.0000000000
116554  42.473  35.819  -5.599 0.0000000000
117231  42.315  36.540  -4.964 0.0000000000
116547  43.276  35.950  -3.259 0.0000000000
116548  42.782  35.912  -3.996 0.0000000000
115838  42.991  34.928  -3.561 0.0000000000
114568  43.309  32.862  -3.627 0.0000000000
108450  45.701  24.240  4.248 0.0000000000
108451  44.908  24.178  3.894 0.0000000000
108444  44.650  24.345  4.745 0.0000000000
107772  43.018  23.861  4.906 0.0000000000
108432  42.697  23.970  5.567 0.0000000000
107787  41.773  23.375  4.509 0.0000000000
107760  41.360  23.600  6.039 0.0000000000
108394  42.616  25.262  9.508 0.0000000000
108401  43.052  25.145  8.931 0.0000000000
108402  41.849  24.679  8.584 0.0000000000
107753  39.806  23.264  7.601 0.0000000000
108409  40.842  23.933  7.763 0.0000000000
107095  39.327  22.734  7.073 0.0000000000
107106  38.837  22.273  6.506 0.0000000000
106335  38.324  21.842  5.935 0.0000000000
106332  38.157  21.815  6.912 0.0000000000
109181  44.963  25.276  -1.564 0.0000000000
108518  46.897  23.812  -2.724 0.0000000000
108500  46.567  23.605  -2.281 0.0000000000
107189  46.355  22.292  -1.911 0.0000000000
107202  47.164  22.919  -2.371 0.0000000000
109210  47.820  24.911  -3.834 0.0000000000
109201  48.038  24.893  -3.318 0.0000000000
107848  48.366  23.245  -1.791 0.0000000000
108516  48.188  24.032  -2.214 0.0000000000
107187  48.149  22.197  -2.275 0.0000000000
106423  48.770  20.546  -2.252 0.0000000000
106406  48.981  21.064  -1.434 0.0000000000
107830  49.156  22.591  1.001 0.0000000000
107168  49.064  21.995  0.576 0.0000000000
107167  49.069  22.479  1.329 0.0000000000
107151  48.588  22.094  1.420 0.0000000000
107150  49.055  22.727  1.984 0.0000000000
113849  44.923  32.058  -2.347 0.0000000000
112295  45.835  29.892  -0.302 0.0000000000
112310  45.781  29.662  -1.419 0.0000000000
111502  45.654  28.844  -0.694 0.0000000000
110722  45.956  27.864  -0.917 0.0000000000
110711  45.607  28.501  -0.095 0.0000000000
111467  46.421  28.993  2.171 0.0000000000
109899  46.676  27.092  2.545 0.0000000000
110694  46.259  27.901  1.765 0.0000000000
109913  47.242  25.769  1.777 0.0000000000
109147  48.332  24.556  1.389 0.0000000000
109137  47.803  25.405  2.237 0.0000000000
109119  48.341  25.310  4.132 0.0000000000
108448  49.031  24.128  3.577 0.0000000000
107791  48.820  23.453  3.521 0.0000000000
107781  48.496  23.859  4.327 0.0000000000
107770  48.191  24.196  5.112 0.0000000000
109102  47.948  25.261  6.724 0.0000000000
109103  47.258  25.222  7.124 0.0000000000
111415  47.121  27.984  6.660 0.0000000000
111399  47.088  27.891  7.160 0.0000000000
110582  46.765  27.662  9.400 0.0000000000
110602  47.227  27.281  8.528 0.0000000000
110581  47.158  27.088  9.476 0.0000000000
109074  47.108  26.003  9.358 0.0000000000
109815  47.175  26.687  9.731 0.0000000000
109816  46.718  26.367  10.168 0.0000000000
118627  40.511  39.020  -11.135 0.0000000000
119264  40.125  40.273  -9.795 0.0000000000
119279  40.706  39.836  -10.513 0.0000000000
118010  41.100  37.727  -12.688 0.0000000000
116615  41.292  35.315  -13.043 0.0000000000
116627  41.228  35.961  -13.203 0.0000000000
115909  42.538  33.910  -13.460 0.0000000000
116575  44.075  35.390  -7.601 0.0000000000
115859  42.754  35.004  -7.975 0.0000000000
115858  43.631  35.121  -8.064 0.0000000000
115228  44.080  33.569  -9.614 0.0000000000
115876  43.614  34.180  -9.103 0.0000000000
115230  42.726  33.889  -9.876 0.0000000000
115235  42.544  33.726  -10.534 0.0000000000
115242  42.067  33.699  -11.460 0.0000000000
113973  44.009  31.298  -11.243 0.0000000000
114618  44.297  32.694  -11.541 0.0000000000
113252  44.243  31.287  -12.068 0.0000000000
113269  44.187  31.465  -12.481 0.0000000000
112498  43.672  29.326  -12.854 0.0000000000
110803  44.047  27.164  -10.270 0.0000000000
111622  43.491  27.622  -10.873 0.0000000000
110011  44.050  25.662  -10.626 0.0000000000
110010  44.404  25.728  -9.934 0.0000000000
111581  45.121  28.529  -7.968 0.0000000000
111595  45.553  27.420  -8.345 0.0000000000
109232  46.003  25.875  -7.401 0.0000000000
109981  45.510  26.089  -8.067 0.0000000000
109975  45.589  25.984  -7.318 0.0000000000
109982  44.808  25.941  -8.037 0.0000000000
109970  45.150  26.441  -6.118 0.0000000000
109204  46.054  25.543  -4.046 0.0000000000
109955  45.507  26.425  -4.388 0.0000000000
107191  44.260  22.488  -2.000 0.0000000000
107214  43.725  21.981  -4.028 0.0000000000
107205  43.155  22.591  -3.435 0.0000000000
107891  42.099  22.629  -5.411 0.0000000000
107226  42.680  22.261  -5.384 0.0000000000
104912  44.766  19.268  -4.094 0.0000000000
104922  44.936  19.303  -4.973 0.0000000000
104923  44.199  19.538  -4.768 0.0000000000
105705  41.327  20.500  -5.735 0.0000000000
105704  42.168  20.278  -5.671 0.0000000000
105719  41.603  20.553  -6.208 0.0000000000
107252  41.216  21.564  -6.556 0.0000000000
106486  40.659  21.030  -6.276 0.0000000000
106487  39.572  21.645  -6.277 0.0000000000
106472  39.491  21.221  -5.724 0.0000000000
106446  37.774  21.138  -4.365 0.0000000000
106459  37.780  21.284  -5.239 0.0000000000
106447  37.011  21.055  -4.634 0.0000000000
105692  36.269  20.854  -5.000 0.0000000000
105677  36.244  20.763  -3.847 0.0000000000
107809  44.080  23.315  2.559 0.0000000000
107137  44.081  22.817  1.803 0.0000000000
107138  43.194  22.945  2.120 0.0000000000
107159  40.536  22.229  1.870 0.0000000000
106365  41.354  22.156  1.082 0.0000000000
106382  40.697  21.886  0.421 0.0000000000
106383  39.657  21.755  0.396 0.0000000000
105597  37.141  21.050  2.954 0.0000000000
105605  37.141  20.948  1.970 0.0000000000
108505  41.627  24.895  -1.347 0.0000000000
110743  44.393  27.494  -3.465 0.0000000000
110753  43.919  28.048  -4.085 0.0000000000
110733  42.945  27.882  -1.909 0.0000000000
109756  44.724  27.183  13.192 0.0000000000
109780  43.669  26.338  11.750 0.0000000000
109757  43.840  26.729  12.851 0.0000000000
109745  43.060  26.538  13.552 0.0000000000
109014  42.343  25.944  13.130 0.0000000000
112365  46.490  28.939  -4.532 0.0000000000
112347  46.249  29.464  -3.596 0.0000000000
112254  44.855  29.958  2.564 0.0000000000
113052  45.495  30.708  2.579 0.0000000000
112246  45.244  29.658  3.190 0.0000000000
111428  45.189  28.836  4.160 0.0000000000
115205  43.145  33.170  -5.247 0.0000000000
115210  43.449  33.760  -5.787 0.0000000000
113165  44.591  30.242  -6.092 0.0000000000
113150  45.338  29.871  -5.172 0.0000000000
105615  47.449  20.502  0.120 0.0000000000
105628  46.022  20.021  -0.541 0.0000000000
106377  45.851  20.929  0.328 0.0000000000
106378  44.787  21.290  0.371 0.0000000000
106379  43.744  21.623  0.494 0.0000000000
107882  38.617  23.834  -4.043 0.0000000000
107908  36.768  22.978  -5.036 0.0000000000
107907  37.337  22.945  -5.372 0.0000000000
109265  42.734  25.419  -11.308 0.0000000000
109274  42.387  25.473  -11.997 0.0000000000
109257  42.069  25.464  -10.871 0.0000000000
110001  41.965  26.207  -9.693 0.0000000000
110804  41.268  26.514  -9.672 0.0000000000
109931  38.708  27.094  -0.362 0.0000000000
109932  37.826  26.896  -0.110 0.0000000000
109189  36.851  25.239  -0.512 0.0000000000
116534  43.660  35.922  -2.467 0.0000000000
116533  43.864  35.751  -2.072 0.0000000000
117929  39.318  37.155  -3.877 0.0000000000
117928  39.723  37.409  -4.057 0.0000000000
117926  41.558  37.734  -4.645 0.0000000000
117216  42.183  37.251  -4.756 0.0000000000
117925  42.684  38.084  -4.480 0.0000000000
117201  43.114  36.928  -3.758 0.0000000000
108429  46.132  24.738  5.957 0.0000000000
108430  44.893  24.657  5.864 0.0000000000
108396  40.946  24.445  9.406 0.0000000000
108403  40.920  24.177  8.363 0.0000000000
107744  40.225  23.826  9.028 0.0000000000
107748  39.630  23.306  8.560 0.0000000000
107088  39.104  22.809  8.018 0.0000000000
108532  47.081  24.341  -3.547 0.0000000000
108531  47.622  24.027  -3.147 0.0000000000
109937  47.646  26.211  -2.562 0.0000000000
109192  48.107  24.753  -2.592 0.0000000000
108498  48.290  23.933  -1.311 0.0000000000
107839  48.673  22.996  -0.846 0.0000000000
107178  49.028  22.026  -0.550 0.0000000000
107821  48.990  23.443  1.075 0.0000000000
113840  46.027  32.188  -0.950 0.0000000000
112281  46.033  29.883  0.669 0.0000000000
111451  46.610  28.976  3.161 0.0000000000
109884  46.780  27.434  3.210 0.0000000000
109129  47.825  25.732  3.214 0.0000000000
109120  47.854  26.028  3.873 0.0000000000
109109  48.431  25.228  5.118 0.0000000000
109101  48.266  25.354  5.961 0.0000000000
109860  47.910  26.254  6.696 0.0000000000
110620  47.024  27.711  7.960 0.0000000000
111384  46.105  28.243  8.461 0.0000000000
111367  46.223  28.279  9.290 0.0000000000
118628  39.767  38.739  -10.794 0.0000000000
117997  39.735  37.854  -11.332 0.0000000000
117996  40.311  37.586  -11.884 0.0000000000
117292  40.560  36.803  -12.477 0.0000000000
115900  40.814  35.191  -12.469 0.0000000000
115899  41.623  34.257  -12.455 0.0000000000
115863  38.620  34.764  -8.076 0.0000000000
115862  39.522  34.653  -8.010 0.0000000000
115221  44.345  33.613  -7.754 0.0000000000
115866  44.374  34.487  -8.328 0.0000000000
114601  44.398  33.425  -8.664 0.0000000000
114609  44.424  33.227  -9.141 0.0000000000
115233  44.298  33.119  -10.723 0.0000000000
114613  44.439  32.711  -10.070 0.0000000000
113956  44.355  32.072  -10.830 0.0000000000
113232  43.257  30.267  -10.751 0.0000000000
111611  43.963  27.903  -9.661 0.0000000000
111579  46.547  27.452  -7.138 0.0000000000
110779  46.535  26.983  -7.456 0.0000000000
109974  46.682  26.306  -7.006 0.0000000000
109226  46.634  25.815  -6.561 0.0000000000
109221  46.402  25.768  -6.360 0.0000000000
109961  46.357  25.752  -5.663 0.0000000000
107190  45.286  22.135  -1.830 0.0000000000
107203  44.636  21.772  -2.698 0.0000000000
106440  45.023  21.034  -3.795 0.0000000000
106454  44.688  20.916  -4.794 0.0000000000
105673  43.355  20.061  -3.384 0.0000000000
105688  43.366  19.950  -4.353 0.0000000000
105674  42.517  20.372  -3.554 0.0000000000
105690  41.500  20.560  -4.936 0.0000000000
105691  40.803  20.724  -5.206 0.0000000000
106457  39.393  21.132  -4.851 0.0000000000
106445  38.569  21.187  -4.101 0.0000000000
106432  37.756  21.230  -3.300 0.0000000000
107139  41.944  23.041  2.733 0.0000000000
107140  40.756  22.534  2.554 0.0000000000
107141  40.077  22.252  2.367 0.0000000000
108508  38.768  25.001  -1.437 0.0000000000
108533  39.715  24.158  -2.784 0.0000000000
108520  40.953  24.506  -1.840 0.0000000000
107893  40.298  23.349  -5.258 0.0000000000
110774  43.705  26.772  -7.186 0.0000000000
110775  43.100  27.305  -7.298 0.0000000000
111561  43.273  28.013  -6.058 0.0000000000
111546  43.082  28.638  -3.889 0.0000000000
110735  41.091  27.912  -1.257 0.0000000000
109169  39.661  26.599  -0.611 0.0000000000
117203  38.828  36.727  -3.333 0.0000000000
117890  39.845  36.933  -2.912 0.0000000000
117889  40.504  37.291  -2.704 0.0000000000
109076  45.487  25.741  9.650 0.0000000000
109099  44.623  25.332  8.527 0.0000000000
109077  44.584  25.663  9.678 0.0000000000
109078  43.750  25.560  9.757 0.0000000000
109080  42.416  25.415  10.231 0.0000000000
109049  43.157  25.937  11.110 0.0000000000
109065  42.130  25.440  10.754 0.0000000000
108386  40.880  24.537  10.572 0.0000000000
109960  47.503  26.225  -5.247 0.0000000000
109954  47.625  26.342  -4.375 0.0000000000
109946  47.668  26.597  -3.419 0.0000000000
110750  47.288  27.613  -3.652 0.0000000000
110741  47.444  27.288  -3.563 0.0000000000
109179  47.349  26.083  -1.874 0.0000000000
114533  46.075  32.407  1.499 0.0000000000
113824  46.441  31.949  1.265 0.0000000000
113057  46.426  30.788  2.431 0.0000000000
113050  46.306  30.275  2.984 0.0000000000
113051  45.988  30.518  3.032 0.0000000000
112252  46.491  29.637  3.397 0.0000000000
111438  46.857  28.956  4.010 0.0000000000
116601  39.129  35.958  -10.912 0.0000000000
116577  42.315  35.330  -7.254 0.0000000000
116564  43.006  35.418  -6.527 0.0000000000
116563  43.953  35.417  -6.928 0.0000000000
115851  44.452  34.840  -6.961 0.0000000000
115216  44.124  33.859  -6.817 0.0000000000
113930  43.507  31.784  -8.009 0.0000000000
113197  43.471  30.468  -8.379 0.0000000000
112422  44.027  29.817  -7.803 0.0000000000
112421  44.846  29.248  -7.397 0.0000000000
112420  45.614  28.789  -6.999 0.0000000000
112403  45.468  29.270  -6.367 0.0000000000
111568  46.567  27.771  -6.669 0.0000000000
110765  46.934  27.483  -6.238 0.0000000000
110764  47.318  27.037  -5.852 0.0000000000
105669  47.770  19.472  -3.274 0.0000000000
105671  46.462  20.023  -3.927 0.0000000000
104910  46.869  19.249  -3.642 0.0000000000
104900  45.298  19.170  -3.259 0.0000000000
104901  44.370  19.560  -3.150 0.0000000000
105641  45.492  19.748  -1.317 0.0000000000
105657  44.309  19.943  -2.364 0.0000000000
105658  43.645  20.152  -2.614 0.0000000000
105659  42.735  20.461  -2.586 0.0000000000
106411  41.249  21.321  -1.619 0.0000000000
106338  38.508  21.962  4.862 0.0000000000
106342  38.889  22.088  3.607 0.0000000000
106339  37.856  21.542  4.345 0.0000000000
107872  34.569  22.994  -2.563 0.0000000000
108536  37.145  23.889  -3.128 0.0000000000
107886  35.406  23.092  -3.565 0.0000000000
107217  34.608  22.774  -3.523 0.0000000000
107230  34.324  22.216  -4.895 0.0000000000
106489  34.949  21.057  -6.450 0.0000000000
110022  41.278  25.698  -11.996 0.0000000000
110036  41.037  26.918  -12.283 0.0000000000
111582  42.208  27.527  -7.927 0.0000000000
110783  42.018  27.319  -8.281 0.0000000000
113877  44.276  31.314  -3.856 0.0000000000
113125  44.805  31.026  -3.616 0.0000000000
113862  44.540  31.570  -3.084 0.0000000000
114563  45.218  32.913  -2.009 0.0000000000
114560  45.732  32.869  -1.244 0.0000000000
114541  45.754  33.069  0.978 0.0000000000
114534  45.398  32.443  1.356 0.0000000000
113818  44.942  31.709  1.615 0.0000000000
116566  40.611  35.497  -6.373 0.0000000000
117218  39.859  37.161  -4.551 0.0000000000
116556  39.994  35.947  -5.563 0.0000000000
115842  42.773  34.957  -5.111 0.0000000000
115206  42.852  33.778  -4.800 0.0000000000
114573  42.911  33.111  -4.311 0.0000000000
107807  46.424  23.444  2.789 0.0000000000
107135  46.014  22.906  2.006 0.0000000000
107808  45.266  23.433  2.623 0.0000000000
107795  44.581  23.793  3.294 0.0000000000
107796  43.630  23.653  3.419 0.0000000000
107785  43.296  23.774  4.166 0.0000000000
107797  42.829  23.538  3.625 0.0000000000
107123  41.471  23.132  3.865 0.0000000000
107118  40.934  22.933  4.340 0.0000000000
107113  39.832  22.640  5.203 0.0000000000
108406  44.180  25.184  8.039 0.0000000000
108407  42.839  24.716  7.685 0.0000000000
108420  41.735  23.924  6.479 0.0000000000
107761  40.734  23.387  6.344 0.0000000000
107104  40.283  22.974  5.836 0.0000000000
107114  39.055  22.303  5.504 0.0000000000
109168  44.450  24.917  -1.094 0.0000000000
108502  45.075  24.255  -1.300 0.0000000000
108519  46.269  24.394  -2.489 0.0000000000
108501  46.164  23.864  -1.985 0.0000000000
107850  45.725  23.132  -1.568 0.0000000000
106409  46.935  21.501  -2.301 0.0000000000
106425  47.388  20.762  -2.783 0.0000000000
108542  47.891  24.484  -3.488 0.0000000000
107878  47.819  23.733  -2.874 0.0000000000
107863  48.067  23.520  -2.572 0.0000000000
107201  47.792  22.906  -2.436 0.0000000000
106408  47.790  21.481  -2.453 0.0000000000
106424  48.163  20.649  -2.628 0.0000000000
105654  48.357  19.790  -2.720 0.0000000000
105653  48.894  20.030  -1.827 0.0000000000
104874  48.230  19.971  -0.694 0.0000000000
106391  48.930  21.142  -0.380 0.0000000000
105614  48.166  20.612  0.144 0.0000000000
106375  47.773  20.975  0.642 0.0000000000
107152  47.685  22.092  1.603 0.0000000000
113107  45.836  30.117  -2.807 0.0000000000
112328  46.019  29.567  -2.566 0.0000000000
112309  45.893  29.447  -1.992 0.0000000000
111518  46.008  28.777  -1.828 0.0000000000
109158  46.849  25.668  -0.239 0.0000000000
113077  46.481  31.361  0.822 0.0000000000
113067  46.372  30.595  1.015 0.0000000000
111483  46.056  28.946  1.152 0.0000000000
110710  45.752  27.894  0.423 0.0000000000
109149  46.643  25.875  0.538 0.0000000000
108467  49.269  23.637  2.240 0.0000000000
108458  49.059  24.223  2.552 0.0000000000
107803  49.281  23.188  2.508 0.0000000000
107132  48.794  22.705  2.395 0.0000000000
107805  48.466  23.056  3.019 0.0000000000
107806  47.553  23.247  2.975 0.0000000000
107783  46.922  23.994  4.651 0.0000000000
108442  46.798  24.239  5.226 0.0000000000
108427  47.879  24.400  5.743 0.0000000000
108428  47.124  24.493  5.933 0.0000000000
108416  46.684  24.916  6.676 0.0000000000
109104  46.434  25.190  7.470 0.0000000000
109097  46.226  25.352  8.160 0.0000000000
110638  47.568  27.380  6.195 0.0000000000
109848  47.643  26.487  7.967 0.0000000000
109087  47.408  25.829  8.492 0.0000000000
109088  46.712  25.609  8.748 0.0000000000
109817  45.901  26.207  10.370 0.0000000000
109777  46.076  27.346  11.874 0.0000000000
109778  45.463  27.104  12.311 0.0000000000
117301  42.034  36.573  -13.777 0.0000000000
117302  41.248  36.754  -13.218 0.0000000000
116626  41.707  35.830  -13.493 0.0000000000
116625  42.427  35.456  -14.111 0.0000000000
115924  43.051  33.568  -13.884 0.0000000000
115258  43.377  33.034  -13.531 0.0000000000
114002  43.792  31.613  -13.510 0.0000000000
115887  39.502  35.110  -10.608 0.0000000000
115886  40.355  34.489  -10.677 0.0000000000
115860  41.726  34.845  -7.921 0.0000000000
115890  41.268  34.048  -11.270 0.0000000000
115246  42.374  33.601  -12.117 0.0000000000
115239  44.374  32.920  -11.258 0.0000000000
115240  43.847  33.047  -11.627 0.0000000000
115245  42.949  33.282  -12.484 0.0000000000
115244  43.580  32.898  -12.707 0.0000000000
114639  43.791  32.380  -13.113 0.0000000000
111635  43.354  27.643  -11.924 0.0000000000
110825  43.485  26.761  -11.628 0.0000000000
109264  43.442  25.428  -10.772 0.0000000000
109255  43.852  25.218  -10.039 0.0000000000
109991  43.685  25.729  -8.578 0.0000000000
111597  43.982  28.529  -8.964 0.0000000000
110789  44.851  27.213  -9.150 0.0000000000
110780  45.960  26.889  -8.082 0.0000000000
110788  45.196  26.743  -8.790 0.0000000000
110801  44.894  26.354  -9.154 0.0000000000
109990  44.838  25.849  -8.547 0.0000000000
109234  44.449  25.811  -8.322 0.0000000000
109983  43.966  26.091  -7.994 0.0000000000
110773  44.282  26.463  -6.993 0.0000000000
110759  44.802  27.008  -5.580 0.0000000000
109962  45.650  26.325  -5.455 0.0000000000
110751  45.233  26.786  -5.043 0.0000000000
109956  45.006  26.934  -3.615 0.0000000000
107867  42.296  23.105  -3.221 0.0000000000
107204  43.738  22.352  -2.850 0.0000000000
107866  43.079  22.802  -2.800 0.0000000000
107879  42.125  22.863  -4.721 0.0000000000
107892  41.410  22.822  -5.574 0.0000000000
107904  40.556  22.782  -6.127 0.0000000000
105686  45.870  19.943  -4.778 0.0000000000
105702  44.724  20.354  -5.462 0.0000000000
106469  43.826  20.963  -5.674 0.0000000000
105717  43.164  20.429  -6.398 0.0000000000
106470  43.267  21.202  -6.278 0.0000000000
107251  42.029  21.415  -6.529 0.0000000000
107239  40.826  22.233  -6.495 0.0000000000
107240  40.129  22.439  -6.491 0.0000000000
107254  39.489  22.277  -6.491 0.0000000000
107241  38.284  22.121  -6.185 0.0000000000
106474  37.662  21.703  -5.661 0.0000000000
107155  44.640  22.320  1.356 0.0000000000
106364  44.393  21.820  0.911 0.0000000000
107157  42.554  22.550  1.557 0.0000000000
107170  42.190  22.204  0.961 0.0000000000
106395  42.505  21.335  -0.315 0.0000000000
106396  41.609  21.453  -0.610 0.0000000000
106412  40.318  21.509  -1.627 0.0000000000
106350  38.779  21.839  2.465 0.0000000000
106368  38.783  21.630  1.356 0.0000000000
106369  37.886  21.209  1.169 0.0000000000
106384  38.670  21.476  0.255 0.0000000000
106398  39.517  21.629  -0.691 0.0000000000
106413  39.431  21.547  -1.737 0.0000000000
106414  38.570  21.498  -1.947 0.0000000000
106415  37.745  21.360  -2.205 0.0000000000
109015  41.661  25.306  13.733 0.0000000000
108342  41.212  24.711  13.683 0.0000000000
108343  40.820  24.201  13.474 0.0000000000
104875  47.786  19.694  -0.904 0.0000000000
104876  46.940  19.531  -1.188 0.0000000000
104885  48.445  19.787  -1.223 0.0000000000
104889  44.861  19.512  -2.537 0.0000000000
104897  48.359  19.370  -2.099 0.0000000000
104899  46.339  18.974  -3.109 0.0000000000
104902  43.833  19.819  -3.258 0.0000000000
104909  47.433  19.254  -3.445 0.0000000000
104921  45.454  19.557  -5.235 0.0000000000
104930  45.187  19.872  -5.584 0.0000000000
104931  44.767  19.682  -5.552 0.0000000000
104932  44.418  19.578  -5.303 0.0000000000
105613  48.458  20.718  0.101 0.0000000000
105616  46.669  20.472  0.015 0.0000000000
105625  48.493  20.477  -0.375 0.0000000000
105626  47.927  20.168  -0.339 0.0000000000
105629  44.990  20.355  -0.822 0.0000000000
105642  44.754  19.984  -1.710 0.0000000000
105655  47.754  20.089  -3.170 0.0000000000
105670  47.287  19.673  -3.573 0.0000000000
105672  45.699  20.380  -4.197 0.0000000000
105701  45.464  20.059  -5.356 0.0000000000
105718  42.553  20.480  -6.281 0.0000000000
105720  41.097  20.595  -6.099 0.0000000000
106341  39.347  22.249  3.255 0.0000000000
106359  48.458  21.576  0.995 0.0000000000
106360  48.108  21.515  1.076 0.0000000000
106366  40.928  22.100  1.186 0.0000000000
106376  46.877  20.944  0.576 0.0000000000
106380  42.744  21.769  0.371 0.0000000000
106427  45.546  21.285  -2.761 0.0000000000
106441  44.326  21.351  -4.177 0.0000000000
106443  40.302  21.115  -3.565 0.0000000000
106455  44.051  21.267  -4.844 0.0000000000
106456  40.153  20.987  -4.581 0.0000000000
106468  44.362  20.852  -5.254 0.0000000000
106471  40.208  20.938  -5.479 0.0000000000
106483  43.371  20.679  -6.218 0.0000000000
106484  42.757  20.926  -6.564 0.0000000000
106488  38.941  21.984  -6.367 0.0000000000
107117  41.334  23.137  4.399 0.0000000000
107131  49.118  22.880  2.492 0.0000000000
107156  43.639  22.320  1.303 0.0000000000
107160  40.153  22.160  1.963 0.0000000000
107171  41.776  22.202  1.003 0.0000000000
107206  34.330  22.803  -2.885 0.0000000000
107236  43.233  21.622  -5.816 0.0000000000
107237  42.595  21.737  -6.227 0.0000000000
107238  41.647  22.146  -6.340 0.0000000000
107699  40.093  23.064  13.109 0.0000000000
107751  41.197  23.735  6.697 0.0000000000
107759  42.018  23.845  5.814 0.0000000000
107762  40.027  23.144  6.691 0.0000000000
107771  47.840  24.103  5.304 0.0000000000
107773  42.261  23.684  5.076 0.0000000000
107774  41.580  23.483  5.315 0.0000000000
107775  40.947  23.242  5.576 0.0000000000
107788  41.189  23.155  4.868 0.0000000000
107794  45.618  23.911  3.411 0.0000000000
107798  42.147  23.370  3.709 0.0000000000
107804  49.070  23.033  2.926 0.0000000000
107811  42.461  23.354  3.236 0.0000000000
107865  46.845  23.216  -2.470 0.0000000000
107877  48.145  24.007  -3.039 0.0000000000
107903  41.115  22.528  -6.204 0.0000000000
107914  39.210  22.624  -6.397 0.0000000000
108359  41.225  24.829  12.986 0.0000000000
108400  43.747  25.235  8.643 0.0000000000
108414  48.191  24.815  6.138 0.0000000000
108426  48.366  24.724  5.570 0.0000000000
108441  47.488  24.186  5.419 0.0000000000
108445  43.721  24.057  4.678 0.0000000000
108447  49.285  23.724  3.259 0.0000000000
108449  46.418  24.181  4.620 0.0000000000
108457  49.331  23.710  2.923 0.0000000000
108468  48.922  24.018  1.548 0.0000000000
108469  48.336  24.365  0.988 0.0000000000
108489  44.798  24.535  -1.196 0.0000000000
108490  44.561  24.568  -1.131 0.0000000000
108499  47.995  24.612  -1.428 0.0000000000
108517  47.382  23.768  -2.893 0.0000000000
109051  41.883  25.446  11.633 0.0000000000
109064  42.741  25.619  10.592 0.0000000000
109079  42.907  25.418  9.812 0.0000000000
109090  44.996  25.456  8.977 0.0000000000
109092  43.427  25.370  9.357 0.0000000000
109098  45.270  25.291  8.148 0.0000000000
109167  44.766  24.780  -1.215 0.0000000000
109227  46.164  25.770  -6.875 0.0000000000
109231  46.359  25.920  -7.089 0.0000000000
109233  44.610  25.849  -8.279 0.0000000000
109239  44.552  25.768  -8.488 0.0000000000
109240  44.117  25.571  -8.608 0.0000000000
109241  43.621  25.496  -8.916 0.0000000000
109246  44.441  25.554  -8.909 0.0000000000
109247  43.977  25.284  -9.227 0.0000000000
109266  41.777  25.349  -11.616 0.0000000000
109267  41.066  25.622  -11.480 0.0000000000
109275  41.867  25.642  -12.230 0.0000000000
109755  45.175  27.267  12.932 0.0000000000
109781  42.918  26.074  11.749 0.0000000000
109802  43.758  26.062  10.928 0.0000000000
109968  46.403  25.724  -6.108 0.0000000000
109973  47.066  26.205  -6.503 0.0000000000
109977  44.199  26.356  -7.301 0.0000000000
109998  45.011  26.233  -8.968 0.0000000000
109999  44.726  25.917  -9.181 0.0000000000
110012  42.238  25.698  -10.255 0.0000000000
110013  41.510  25.789  -10.509 0.0000000000
110020  43.513  25.836  -11.388 0.0000000000
110021  42.931  25.681  -11.927 0.0000000000
110033  43.180  26.201  -12.059 0.0000000000
110034  42.516  26.087  -12.421 0.0000000000
110035  41.563  26.371  -12.390 0.0000000000
110498  44.506  27.640  13.809 0.0000000000
110540  46.423  27.500  11.452 0.0000000000
110560  47.146  27.025  9.863 0.0000000000
110723  45.668  28.256  -0.337 0.0000000000
110758  45.225  26.686  -5.391 0.0000000000
110766  44.459  26.698  -6.519 0.0000000000
110771  47.240  26.581  -6.286 0.0000000000
110781  43.409  26.495  -7.809 0.0000000000
110782  42.721  26.906  -8.012 0.0000000000
110790  42.392  26.562  -8.696 0.0000000000
110791  41.609  26.913  -8.956 0.0000000000
110792  40.422  27.158  -9.258 0.0000000000
110814  44.341  26.072  -10.306 0.0000000000
111519  45.749  28.962  -1.328 0.0000000000
111552  47.209  27.736  -4.893 0.0000000000
111610  44.587  27.443  -9.310 0.0000000000
112329  45.872  29.789  -2.053 0.0000000000
112384  46.556  28.637  -5.081 0.0000000000
112439  44.730  28.748  -8.108 0.0000000000
112454  43.021  29.874  -9.667 0.0000000000
113214  43.081  30.340  -9.306 0.0000000000
113233  42.887  30.223  -9.973 0.0000000000
113839  46.312  32.155  -0.284 0.0000000000
113942  43.092  31.306  -9.404 0.0000000000
113972  44.418  31.941  -11.519 0.0000000000
113987  44.359  31.908  -12.136 0.0000000000
113988  44.104  31.784  -12.751 0.0000000000
114565  43.679  33.412  -3.016 0.0000000000
114567  43.870  32.205  -3.136 0.0000000000
114569  42.854  33.381  -4.139 0.0000000000
114626  44.361  32.352  -11.683 0.0000000000
115169  46.060  33.426  0.566 0.0000000000
115186  46.213  33.351  -0.166 0.0000000000
115201  42.854  33.936  -3.903 0.0000000000
115215  44.510  34.272  -7.440 0.0000000000
115220  44.542  34.126  -8.051 0.0000000000
115224  44.349  33.820  -8.694 0.0000000000
115225  44.420  33.607  -8.336 0.0000000000
115229  43.267  33.834  -9.838 0.0000000000
115857  44.289  35.075  -8.065 0.0000000000
115867  43.932  34.662  -8.516 0.0000000000
115877  42.746  34.128  -9.299 0.0000000000
115908  43.064  33.410  -13.565 0.0000000000
116562  44.434  35.253  -7.346 0.0000000000
116572  34.681  35.971  -6.873 0.0000000000
116574  44.438  35.212  -7.690 0.0000000000
116591  35.120  35.805  -7.722 0.0000000000
117179  43.770  36.280  -1.494 0.0000000000
117255  34.276  36.123  -7.109 0.0000000000
117887  43.869  38.009  -2.516 0.0000000000
117903  43.442  38.100  -3.683 0.0000000000
117904  43.027  37.544  -4.161 0.0000000000
117907  39.657  37.125  -3.441 0.0000000000
117908  39.154  36.995  -3.738 0.0000000000
117924  43.187  38.715  -4.202 0.0000000000
118022  41.779  37.639  -13.287 0.0000000000
118023  41.356  37.386  -13.108 0.0000000000
118554  43.824  38.539  -1.706 0.0000000000
118555  43.485  38.652  -1.704 0.0000000000
118565  43.252  39.179  -2.352 0.0000000000
118566  42.292  38.907  -2.645 0.0000000000
118571  43.729  38.992  -3.002 0.0000000000
118573  42.075  38.979  -3.667 0.0000000000
118579  42.756  39.148  -4.234 0.0000000000
118643  40.242  38.387  -11.394 0.0000000000
119289  40.938  39.371  -11.190 0.0000000000
