#!ascii label  , from subject sub-THP0005 vox2ras=TkReg
894
70084  13.652  -14.615  -29.506 0.2500000000
68997  14.447  -15.281  -29.891 0.2500000000
67888  14.727  -15.898  -29.693 0.7500000000
72455  12.479  -12.770  -29.180 0.2500000000
71249  13.181  -13.379  -29.733 0.1250000000
72471  13.419  -12.698  -30.310 0.3750000000
70085  13.116  -14.092  -29.215 0.2500000000
67887  15.147  -15.963  -30.028 0.8750000000
67886  15.926  -16.125  -30.489 0.8750000000
70094  13.972  -14.085  -30.237 0.3750000000
69033  16.587  -15.255  -31.485 1.0000000000
69009  15.659  -15.121  -30.879 1.0000000000
70093  14.820  -14.649  -30.664 0.8750000000
67909  16.512  -15.973  -31.018 1.0000000000
68996  15.390  -15.486  -30.508 0.8750000000
66765  16.974  -16.303  -31.171 1.0000000000
72472  12.992  -12.389  -29.780 0.2500000000
71248  13.743  -13.189  -30.486 0.7500000000
71264  14.356  -13.344  -31.022 0.8750000000
70104  14.537  -13.997  -30.822 0.8750000000
70103  15.196  -13.835  -31.402 1.0000000000
67937  17.696  -16.009  -31.635 1.0000000000
67938  17.154  -15.876  -31.445 1.0000000000
67939  16.813  -15.857  -31.284 1.0000000000
73748  12.451  -11.987  -29.312 0.1250000000
72487  14.541  -12.756  -31.425 1.0000000000
72488  13.957  -12.344  -31.140 0.8750000000
130042  14.823  -13.145  -31.402 1.0000000000
69055  17.688  -14.713  -32.343 1.0000000000
69056  17.097  -14.672  -32.156 1.0000000000
69034  16.023  -14.455  -31.559 1.0000000000
70139  15.779  -13.904  -31.990 1.0000000000
69031  18.000  -15.427  -32.080 1.0000000000
69032  17.371  -15.320  -31.862 1.0000000000
69029  19.640  -15.271  -31.756 1.0000000000
67936  18.288  -16.166  -31.785 1.0000000000
76180  11.262  -9.045  -30.038 0.2500000000
73763  12.762  -11.389  -30.111 0.3750000000
73762  13.333  -12.074  -30.411 0.5000000000
72506  14.314  -11.851  -31.747 1.0000000000
73775  13.411  -11.558  -30.883 0.6250000000
130040  15.841  -12.846  -32.482 1.0000000000
72505  14.969  -12.294  -32.034 1.0000000000
69054  18.409  -14.732  -32.377 1.0000000000
71311  16.877  -13.021  -33.025 1.0000000000
70134  18.974  -14.073  -32.521 1.0000000000
70115  19.559  -14.273  -32.036 1.0000000000
70114  20.447  -14.420  -31.626 1.0000000000
74995  12.202  -9.423  -30.973 0.5000000000
74982  11.955  -9.938  -30.443 0.3750000000
74981  12.514  -10.563  -30.553 0.5000000000
74994  12.647  -10.040  -31.197 0.5000000000
73792  13.847  -11.200  -31.779 0.8750000000
73791  14.444  -11.636  -32.078 1.0000000000
73811  13.924  -10.660  -32.522 1.0000000000
72521  16.329  -12.848  -32.799 1.0000000000
72523  15.214  -11.892  -32.560 1.0000000000
71309  18.391  -12.944  -32.881 1.0000000000
72546  17.354  -12.941  -33.024 1.0000000000
71297  20.280  -13.104  -32.014 1.0000000000
71298  19.604  -13.352  -32.363 1.0000000000
76179  11.646  -8.978  -30.517 0.5000000000
76193  12.561  -9.292  -31.531 0.6250000000
75010  13.090  -9.742  -32.026 0.6250000000
75009  13.525  -10.400  -32.197 1.0000000000
73793  13.240  -10.436  -31.661 0.7500000000
73825  15.003  -10.678  -33.205 1.0000000000
73807  19.190  -11.678  -33.186 1.0000000000
73821  18.258  -11.806  -33.555 1.0000000000
73822  17.469  -11.807  -33.631 1.0000000000
72536  16.229  -11.934  -33.203 1.0000000000
72519  19.406  -12.478  -32.747 1.0000000000
72520  18.846  -12.442  -32.993 1.0000000000
72544  18.130  -12.514  -33.173 1.0000000000
72518  20.068  -12.461  -32.365 0.8750000000
71278  21.055  -13.475  -31.661 0.8750000000
76194  12.168  -8.835  -31.171 0.5000000000
75026  13.274  -9.237  -32.508 0.8750000000
76234  15.741  -9.354  -34.007 1.0000000000
75039  14.429  -10.056  -33.304 1.0000000000
75034  18.552  -11.027  -33.816 1.0000000000
75036  17.029  -10.656  -34.006 1.0000000000
73824  15.640  -11.260  -33.214 1.0000000000
76221  18.657  -9.551  -33.546 1.0000000000
73790  20.632  -11.598  -32.270 1.0000000000
73806  19.825  -11.641  -32.701 1.0000000000
75022  19.077  -10.607  -33.468 1.0000000000
75007  20.282  -10.605  -32.561 1.0000000000
77412  11.685  -8.143  -30.837 0.5000000000
76211  12.483  -8.816  -31.605 0.8750000000
76224  13.231  -8.790  -32.552 1.0000000000
77454  14.591  -8.225  -33.783 1.0000000000
76235  14.914  -9.219  -33.796 1.0000000000
76237  13.923  -8.942  -33.338 1.0000000000
78650  18.628  -7.554  -33.267 1.0000000000
77439  18.072  -8.547  -33.711 1.0000000000
77427  19.787  -8.573  -32.737 1.0000000000
77438  18.960  -8.566  -33.162 1.0000000000
77450  17.701  -9.115  -34.048 1.0000000000
76207  21.068  -9.571  -32.344 1.0000000000
76209  19.343  -9.520  -33.070 1.0000000000
75006  21.362  -10.651  -32.149 0.8750000000
82011  12.690  -4.477  -32.518 1.0000000000
82002  11.862  -4.504  -31.358 0.3750000000
82026  13.196  -4.441  -33.072 0.8750000000
78665  14.146  -7.135  -33.605 1.0000000000
78651  17.871  -7.416  -33.613 1.0000000000
78662  16.513  -7.364  -34.228 1.0000000000
84197  13.336  -3.153  -33.491 0.8750000000
83111  13.201  -3.722  -33.157 1.0000000000
82025  13.694  -4.342  -33.573 1.0000000000
80924  13.672  -5.221  -33.479 1.0000000000
82041  14.101  -4.231  -34.077 1.0000000000
79835  15.242  -6.179  -34.394 1.0000000000
79815  17.550  -6.492  -33.691 1.0000000000
79833  16.813  -6.367  -34.063 1.0000000000
79814  18.300  -6.574  -33.339 1.0000000000
84198  12.985  -2.765  -33.082 0.7500000000
83125  14.367  -3.581  -34.470 1.0000000000
80958  15.081  -4.461  -34.607 1.0000000000
82036  17.654  -4.430  -33.738 1.0000000000
80940  15.556  -5.100  -34.566 1.0000000000
80939  16.426  -5.317  -34.351 1.0000000000
83126  14.004  -3.425  -34.297 1.0000000000
82058  14.701  -3.845  -34.537 1.0000000000
82038  16.046  -4.335  -34.574 1.0000000000
89633  13.745  2.206  -33.097 0.1250000000
90612  13.576  3.234  -33.399 0.1250000000
89632  14.706  2.056  -32.981 0.2500000000
89631  15.641  2.036  -33.221 0.3750000000
90610  15.511  3.000  -33.037 0.2500000000
90631  17.402  3.202  -33.910 0.3750000000
90609  16.471  3.070  -33.423 0.2500000000
91589  17.190  4.143  -34.067 0.2500000000
91588  17.759  4.032  -34.615 0.2500000000
91599  17.960  4.322  -35.527 0.2500000000
68987  13.330  -14.723  -28.862 0.1250000000
70095  13.434  -14.065  -29.700 0.2500000000
71234  12.534  -13.536  -28.881 0.1250000000
66762  18.481  -16.927  -31.598 1.0000000000
68976  13.322  -15.390  -28.145 0.1250000000
66720  16.213  -17.078  -30.220 0.7500000000
65499  17.214  -16.780  -31.038 1.0000000000
66761  19.208  -17.013  -31.502 1.0000000000
74968  11.504  -10.209  -29.531 0.2500000000
73764  12.118  -10.661  -29.978 0.2500000000
69028  20.928  -15.307  -31.438 0.8750000000
72502  21.851  -12.601  -31.680 0.8750000000
70113  21.730  -14.428  -31.551 0.8750000000
73788  22.423  -11.850  -31.816 0.8750000000
81992  11.236  -4.506  -30.489 0.1250000000
80892  11.167  -5.264  -30.486 0.1250000000
77428  12.682  -7.778  -32.196 0.6250000000
76208  20.103  -9.518  -32.648 1.0000000000
75005  22.399  -10.906  -31.965 0.8750000000
82012  12.281  -4.511  -31.895 0.5000000000
80911  12.134  -5.334  -31.893 0.3750000000
79796  12.554  -6.208  -32.429 0.8750000000
79813  19.165  -6.614  -32.942 1.0000000000
80922  18.733  -5.553  -33.124 1.0000000000
83110  13.573  -3.455  -33.712 1.0000000000
80938  17.302  -5.424  -33.873 1.0000000000
85293  13.578  -1.993  -34.076 0.8750000000
84218  14.423  -2.334  -34.546 1.0000000000
83138  15.248  -3.286  -34.671 1.0000000000
82037  16.844  -4.412  -34.230 1.0000000000
89635  12.043  2.777  -33.798 0.1250000000
88537  13.203  1.222  -32.865 0.1250000000
87445  14.345  0.260  -33.387 0.6250000000
88535  14.930  0.931  -33.278 0.6250000000
89630  16.577  2.004  -33.551 0.5000000000
90611  14.499  3.050  -32.957 0.2500000000
91571  16.386  3.888  -33.436 0.2500000000
90630  18.322  3.359  -34.778 0.5000000000
91600  17.665  4.787  -35.107 0.2500000000
90640  18.472  3.938  -36.043 0.3750000000
91610  17.869  4.526  -36.550 0.2500000000
68986  13.827  -15.373  -28.972 0.3750000000
67874  14.414  -15.940  -29.269 0.5000000000
66721  15.534  -16.538  -29.947 0.7500000000
68995  15.771  -15.731  -30.617 0.8750000000
66742  16.720  -16.674  -30.787 1.0000000000
69008  15.990  -15.596  -30.849 1.0000000000
66764  17.427  -16.515  -31.322 1.0000000000
66763  17.902  -16.763  -31.502 1.0000000000
130041  15.367  -12.883  -32.015 1.0000000000
69030  18.716  -15.465  -32.059 1.0000000000
70151  16.452  -13.857  -32.154 1.0000000000
70137  16.036  -13.408  -32.506 1.0000000000
67935  19.058  -16.252  -31.785 1.0000000000
73776  13.092  -10.840  -31.021 0.5000000000
72522  15.825  -12.404  -32.736 1.0000000000
69053  19.033  -14.785  -32.216 1.0000000000
70135  18.174  -13.847  -32.663 1.0000000000
70136  17.228  -14.056  -32.487 1.0000000000
70149  17.587  -13.489  -32.739 1.0000000000
71279  20.108  -13.722  -31.870 1.0000000000
73810  14.653  -11.221  -32.702 1.0000000000
75024  14.123  -10.486  -32.887 1.0000000000
72535  16.837  -12.514  -33.190 1.0000000000
73809  15.353  -11.685  -32.789 1.0000000000
71299  19.286  -13.260  -32.733 1.0000000000
72503  20.867  -12.492  -31.940 0.8750000000
75025  13.652  -9.900  -32.799 1.0000000000
75021  19.591  -10.969  -33.006 1.0000000000
73808  18.710  -11.972  -33.321 1.0000000000
73823  16.561  -11.468  -33.569 1.0000000000
75035  17.927  -10.762  -34.025 1.0000000000
75040  13.923  -9.394  -33.260 1.0000000000
76233  16.621  -9.523  -34.145 1.0000000000
75037  16.151  -10.422  -33.794 1.0000000000
75023  18.482  -10.331  -33.833 1.0000000000
76232  17.433  -9.718  -34.138 1.0000000000
75008  19.642  -10.254  -32.936 1.0000000000
77429  12.336  -8.270  -31.598 0.6250000000
77442  13.181  -8.197  -32.626 0.7500000000
77455  13.992  -8.355  -33.440 1.0000000000
77441  13.574  -7.794  -33.158 1.0000000000
77453  15.319  -8.297  -34.121 1.0000000000
78664  14.915  -7.216  -34.099 1.0000000000
78663  15.691  -7.290  -34.295 1.0000000000
78649  19.472  -7.614  -32.852 1.0000000000
77440  17.585  -7.955  -33.871 1.0000000000
77452  16.174  -8.400  -34.272 1.0000000000
80925  13.144  -5.282  -32.998 1.0000000000
80910  12.606  -5.315  -32.496 0.7500000000
78652  13.599  -7.046  -33.262 1.0000000000
79834  16.033  -6.271  -34.392 1.0000000000
79816  13.611  -6.153  -33.388 1.0000000000
79837  14.143  -6.136  -33.748 1.0000000000
84210  13.519  -2.732  -33.882 0.8750000000
80942  14.148  -5.156  -33.924 1.0000000000
80941  14.798  -5.053  -34.471 1.0000000000
80923  17.948  -5.831  -33.472 1.0000000000
83139  14.580  -3.283  -34.595 1.0000000000
83124  15.739  -3.645  -34.637 1.0000000000
83140  14.221  -2.824  -34.551 1.0000000000
89634  12.648  2.347  -33.496 0.1250000000
88536  14.116  1.128  -33.046 0.3750000000
88534  15.779  1.163  -33.392 0.7500000000
67873  14.942  -16.376  -29.577 0.7500000000
66741  16.860  -17.232  -30.644 1.0000000000
80900  11.553  -5.309  -30.992 0.5000000000
78634  12.102  -7.148  -31.673 0.6250000000
78633  12.618  -7.062  -32.271 0.7500000000
78653  13.140  -7.058  -32.762 0.8750000000
79797  12.036  -6.234  -31.898 0.8750000000
79817  13.121  -6.173  -32.894 1.0000000000
84219  13.934  -2.324  -34.394 1.0000000000
84209  15.552  -2.133  -34.646 1.0000000000
83123  16.398  -3.439  -34.507 1.0000000000
88549  15.342  0.388  -33.573 0.7500000000
63028  16.803  -19.929  -28.853 0.7500000000
63026  18.692  -20.883  -29.402 0.7500000000
63029  16.210  -19.435  -28.823 0.7500000000
63048  18.618  -20.218  -29.792 0.7500000000
64191  17.451  -19.725  -29.415 0.7500000000
64192  16.890  -19.146  -29.499 0.7500000000
64193  16.047  -18.763  -29.177 0.7500000000
63049  18.015  -19.832  -29.700 0.7500000000
64216  17.761  -19.199  -30.045 0.7500000000
66707  15.978  -17.489  -29.806 0.7500000000
66708  15.354  -17.164  -29.491 0.6250000000
64217  17.308  -18.614  -30.201 0.7500000000
65446  16.976  -18.071  -30.432 0.8750000000
65447  16.419  -17.759  -30.046 0.8750000000
64214  19.417  -19.631  -30.230 0.7500000000
64215  18.521  -19.427  -30.202 0.7500000000
64244  18.305  -18.878  -30.494 0.7500000000
64246  17.636  -18.239  -30.733 0.8750000000
65472  17.296  -17.628  -30.777 0.8750000000
64243  19.119  -18.609  -30.557 0.7500000000
63066  18.479  -18.600  -30.639 0.7500000000
63091  17.937  -19.032  -31.667 0.8750000000
65473  17.181  -17.118  -30.861 0.8750000000
65471  19.476  -17.822  -30.922 0.7500000000
64259  18.891  -17.825  -31.255 0.8750000000
65496  18.585  -17.596  -31.437 0.8750000000
66738  21.081  -17.443  -31.117 0.8750000000
66760  19.838  -16.980  -31.334 0.8750000000
67908  20.201  -16.905  -31.266 0.8750000000
67934  20.112  -16.334  -31.410 0.8750000000
67931  23.687  -16.229  -32.671 0.3750000000
67932  23.049  -15.920  -32.086 0.6250000000
67933  21.521  -16.073  -31.403 0.7500000000
67956  23.978  -15.958  -33.342 0.5000000000
69026  23.251  -15.248  -32.138 0.7500000000
69027  22.299  -15.267  -31.705 0.7500000000
67970  24.045  -15.441  -35.287 0.1250000000
69082  23.023  -15.817  -35.411 0.3750000000
69052  23.881  -15.141  -33.286 0.6250000000
70112  23.296  -14.447  -32.018 0.6250000000
67963  25.571  -15.820  -34.383 0.1250000000
67969  24.996  -15.473  -34.827 0.1250000000
69067  24.605  -14.774  -34.800 0.1250000000
70146  24.848  -14.388  -34.813 0.1250000000
71296  24.124  -13.662  -32.829 0.6250000000
72517  23.793  -12.576  -32.440 0.6250000000
72501  22.897  -12.577  -31.843 0.7500000000
70159  25.242  -14.391  -35.196 0.1250000000
71318  25.682  -13.841  -35.906 0.1250000000
71294  25.069  -13.042  -34.421 0.1250000000
72516  24.508  -12.619  -33.280 0.5000000000
73805  23.354  -11.484  -32.162 0.7500000000
69092  26.156  -14.678  -36.009 0.1250000000
72515  24.967  -12.540  -34.134 0.5000000000
73803  24.756  -11.706  -33.768 0.5000000000
75019  23.982  -10.596  -32.840 0.6250000000
84211  13.289  -2.110  -33.640 0.6250000000
85294  13.371  -1.425  -33.820 0.5000000000
76219  23.769  -9.587  -32.781 0.6250000000
77425  21.723  -8.537  -32.367 0.6250000000
77426  20.708  -8.572  -32.496 0.8750000000
76218  24.486  -9.741  -33.766 0.5000000000
76205  23.318  -8.922  -32.500 0.6250000000
77424  22.707  -8.347  -32.351 0.6250000000
78631  21.293  -7.625  -32.447 0.7500000000
85302  13.565  -1.175  -34.131 0.7500000000
78632  20.367  -7.652  -32.595 0.8750000000
80937  18.010  -5.142  -33.502 0.8750000000
80921  19.944  -5.672  -32.703 0.8750000000
82023  19.478  -4.605  -32.962 0.8750000000
82024  18.501  -4.493  -33.328 0.8750000000
77436  24.455  -8.830  -34.006 0.3750000000
77437  24.057  -8.501  -33.258 0.5000000000
78629  23.057  -7.538  -32.573 0.5000000000
79793  21.869  -6.646  -32.436 0.6250000000
77449  24.289  -8.210  -34.381 0.2500000000
78647  23.619  -7.514  -32.955 0.3750000000
79792  22.648  -6.860  -32.637 0.5000000000
86406  13.488  -0.857  -33.855 0.6250000000
86412  14.036  -0.954  -34.233 0.7500000000
85300  14.195  -1.622  -34.422 0.8750000000
85301  13.758  -1.478  -34.271 0.7500000000
85299  14.669  -1.615  -34.453 0.8750000000
83122  17.306  -3.539  -34.048 0.8750000000
84206  17.851  -2.750  -33.823 0.7500000000
83109  19.087  -3.658  -33.193 0.8750000000
80908  21.414  -6.154  -32.448 0.6250000000
80920  21.069  -5.474  -32.506 0.7500000000
78648  23.206  -6.954  -32.900 0.3750000000
79811  23.025  -6.222  -33.076 0.5000000000
83107  21.135  -3.721  -32.813 0.7500000000
78660  24.026  -7.421  -33.829 0.2500000000
86391  13.511  -0.381  -33.440 0.6250000000
85292  15.274  -1.595  -34.509 0.8750000000
84208  16.143  -2.453  -34.593 0.8750000000
85291  16.012  -1.583  -34.491 0.7500000000
84207  17.034  -2.626  -34.273 0.8750000000
84195  19.677  -2.825  -33.204 0.7500000000
82021  21.667  -4.608  -32.635 0.5000000000
80956  23.462  -6.093  -34.713 0.2500000000
80918  22.847  -5.533  -33.219 0.5000000000
78673  23.935  -7.417  -34.955 0.2500000000
87446  13.803  0.162  -33.271 0.5000000000
87461  14.163  -0.399  -33.772 0.5000000000
87460  14.702  -0.306  -33.801 0.6250000000
87459  15.458  -0.239  -33.897 0.7500000000
86402  15.729  -0.887  -34.224 0.7500000000
87458  16.305  -0.059  -33.871 0.7500000000
86401  16.652  -0.826  -34.144 0.7500000000
86400  17.833  -0.896  -33.852 0.7500000000
87457  17.335  0.150  -33.858 0.7500000000
86390  18.127  -1.537  -33.766 0.7500000000
85280  19.229  -2.018  -33.422 0.7500000000
86388  19.691  -1.179  -33.450 0.7500000000
84193  21.591  -3.008  -33.147 0.5000000000
85278  21.339  -2.083  -33.396 0.3750000000
85279  20.236  -2.002  -33.316 0.6250000000
82035  23.070  -4.665  -34.592 0.2500000000
83105  22.434  -3.628  -33.491 0.3750000000
84205  22.438  -2.965  -33.798 0.3750000000
87456  18.477  0.363  -33.829 0.7500000000
86399  19.069  -0.431  -33.620 0.7500000000
86398  20.176  -0.300  -33.667 0.6250000000
85287  22.242  -1.992  -33.996 0.3750000000
85288  21.576  -1.239  -33.808 0.3750000000
82056  22.880  -4.708  -35.680 0.1250000000
83136  22.872  -3.786  -35.119 0.1250000000
84215  22.705  -2.840  -34.602 0.2500000000
88548  15.983  0.556  -33.622 0.6250000000
88547  16.872  1.047  -33.693 0.7500000000
87455  19.602  0.546  -33.873 0.7500000000
86397  21.216  -0.362  -33.912 0.3750000000
87454  20.661  0.548  -34.088 0.3750000000
85298  22.723  -1.808  -35.025 0.2500000000
86387  20.728  -1.162  -33.529 0.6250000000
82098  22.103  -4.371  -37.225 0.1250000000
83171  22.392  -3.718  -36.670 0.1250000000
88533  16.285  1.184  -33.521 0.6250000000
88545  19.075  1.385  -34.120 0.3750000000
88546  18.012  1.266  -33.907 0.3750000000
88544  20.105  1.416  -34.411 0.3750000000
87468  22.136  0.726  -35.185 0.2500000000
87453  21.679  0.435  -34.517 0.3750000000
85311  22.688  -1.784  -36.206 0.1250000000
86409  22.676  -0.753  -35.480 0.3750000000
86396  22.143  -0.771  -34.478 0.3750000000
82099  21.637  -4.509  -37.911 0.1250000000
90629  18.982  2.778  -35.023 0.3750000000
89648  17.693  2.240  -33.865 0.3750000000
89647  18.631  2.255  -34.342 0.3750000000
89646  19.557  2.161  -34.794 0.3750000000
89654  21.380  2.131  -35.993 0.3750000000
88559  20.579  1.758  -34.901 0.3750000000
89645  20.155  1.932  -34.881 0.3750000000
88557  21.996  1.355  -35.811 0.3750000000
88542  21.653  1.155  -35.020 0.3750000000
88543  21.014  1.235  -34.626 0.3750000000
85338  21.526  -1.667  -38.517 0.1250000000
86422  22.602  -0.742  -36.563 0.1250000000
87467  22.544  0.292  -35.886 0.2500000000
84233  21.901  -2.795  -37.776 0.1250000000
89666  19.383  3.144  -36.046 0.2500000000
89665  19.918  2.962  -36.234 0.2500000000
89656  19.511  2.767  -35.544 0.3750000000
89663  21.682  2.236  -36.900 0.1250000000
89664  20.847  2.760  -36.541 0.3750000000
89655  20.397  2.313  -35.487 0.3750000000
88569  22.171  1.511  -36.727 0.1250000000
89653  21.822  1.840  -36.334 0.2500000000
87499  21.808  0.160  -39.004 0.1250000000
88556  22.435  0.872  -36.505 0.1250000000
90639  18.975  3.282  -35.684 0.3750000000
89674  21.241  2.820  -37.272 0.1250000000
90657  20.978  3.257  -37.901 0.1250000000
90656  21.356  2.866  -38.439 0.1250000000
90666  21.139  3.072  -38.701 0.1250000000
86453  21.142  -0.544  -39.250 0.1250000000
88595  20.966  1.305  -39.838 0.1250000000
90668  19.483  4.088  -39.147 0.1250000000
89682  21.031  2.127  -40.058 0.1250000000
90675  20.339  3.467  -39.956 0.1250000000
87521  20.012  0.422  -40.249 0.1250000000
86455  19.612  -0.855  -39.882 0.1250000000
64260  18.216  -18.237  -31.241 0.8750000000
67907  20.806  -16.816  -31.188 0.6250000000
79795  20.083  -6.750  -32.668 0.8750000000
80919  22.162  -5.708  -32.583 0.5000000000
79810  23.543  -6.784  -33.432 0.3750000000
86411  14.446  -1.096  -34.271 0.8750000000
85290  16.870  -1.707  -34.276 0.7500000000
85281  18.368  -2.049  -33.659 0.7500000000
83106  22.055  -3.734  -32.942 0.5000000000
82020  22.655  -4.625  -33.369 0.5000000000
87498  22.219  0.034  -38.473 0.1250000000
90647  20.843  3.063  -37.170 0.2500000000
89683  20.953  2.913  -39.675 0.1250000000
88596  20.395  0.865  -40.127 0.1250000000
70132  24.272  -14.388  -33.809 0.5000000000
70133  23.985  -14.462  -32.944 0.6250000000
71277  22.385  -13.507  -31.634 0.7500000000
75018  24.493  -10.895  -33.497 0.3750000000
77448  24.605  -8.986  -34.787 0.2500000000
88580  22.383  0.758  -38.161 0.1250000000
77462  24.533  -9.232  -36.045 0.1250000000
61843  17.444  -21.472  -28.215 0.7500000000
63004  16.728  -20.562  -28.335 0.7500000000
63005  15.817  -20.147  -28.011 0.7500000000
64180  15.560  -19.152  -28.437 0.7500000000
61865  18.175  -21.250  -28.865 0.7500000000
63027  17.700  -20.593  -28.969 0.7500000000
61864  19.115  -21.249  -29.140 0.7500000000
65432  15.145  -17.767  -28.983 0.6250000000
63047  19.498  -20.614  -29.707 0.6250000000
64242  20.356  -18.886  -30.500 0.6250000000
65470  20.253  -18.021  -30.732 0.6250000000
65493  22.671  -17.650  -31.489 0.3750000000
65494  22.007  -17.403  -31.356 0.5000000000
66780  24.122  -16.197  -33.249 0.1250000000
66789  24.504  -16.164  -33.831 0.1250000000
66797  24.864  -16.037  -34.353 0.1250000000
67962  26.120  -15.586  -34.456 0.1250000000
69078  26.677  -14.975  -35.485 0.1250000000
69091  26.772  -15.169  -36.328 0.1250000000
70169  26.224  -14.664  -36.705 0.1250000000
85282  12.919  -1.718  -33.051 0.3750000000
71342  26.210  -13.674  -37.123 0.1250000000
72543  25.385  -12.742  -35.613 0.1250000000
73830  25.339  -11.759  -35.575 0.1250000000
75033  24.923  -10.784  -34.311 0.2500000000
78681  23.640  -7.589  -36.037 0.1250000000
77463  24.150  -8.313  -35.551 0.2500000000
79859  23.367  -7.089  -36.279 0.1250000000
80971  22.729  -5.633  -36.440 0.1250000000
80978  21.973  -5.325  -37.407 0.1250000000
82116  21.204  -4.599  -38.782 0.1250000000
80979  21.365  -5.399  -38.367 0.1250000000
85339  20.789  -2.120  -39.003 0.1250000000
84280  19.688  -2.621  -40.252 0.1250000000
91573  14.426  3.820  -33.023 0.1250000000
90659  18.696  4.112  -38.034 0.2500000000
91624  18.686  4.418  -39.290 0.1250000000
89687  20.524  2.426  -40.525 0.1250000000
90676  19.648  3.933  -40.376 0.1250000000
88605  20.212  1.324  -40.522 0.1250000000
85366  19.359  -1.265  -40.116 0.1250000000
88606  19.597  0.941  -40.945 0.1250000000
76206  22.383  -9.582  -32.216 0.7500000000
84185  12.510  -3.014  -32.235 0.3750000000
66719  16.769  -17.570  -30.457 0.8750000000
65498  17.587  -17.193  -31.124 0.8750000000
71276  23.364  -13.377  -32.033 0.6250000000
84216  15.506  -2.668  -34.682 0.8750000000
83121  18.151  -3.604  -33.554 0.8750000000
90650  18.283  4.129  -37.094 0.1250000000
63003  17.154  -20.911  -28.345 0.7500000000
65431  15.821  -17.975  -29.478 0.7500000000
66696  14.716  -17.330  -28.803 0.6250000000
65430  16.599  -18.378  -29.818 0.7500000000
64245  17.854  -18.714  -30.576 0.8750000000
63068  17.807  -18.603  -30.825 0.8750000000
64261  17.862  -17.900  -31.067 0.8750000000
64258  19.259  -17.948  -31.030 0.7500000000
66739  20.132  -17.334  -31.063 0.7500000000
65495  19.075  -17.671  -31.283 0.8750000000
66757  23.646  -16.938  -32.240 0.2500000000
66758  22.866  -16.831  -31.818 0.5000000000
66759  21.911  -16.759  -31.396 0.6250000000
67957  23.931  -15.711  -33.602 0.5000000000
66799  23.713  -15.959  -35.038 0.2500000000
69081  23.957  -15.147  -35.214 0.2500000000
69051  24.140  -14.826  -33.912 0.3750000000
69079  25.840  -15.108  -35.330 0.1250000000
69080  24.769  -15.025  -35.049 0.1250000000
71308  24.674  -14.058  -34.373 0.5000000000
71319  25.400  -13.726  -35.531 0.1250000000
71295  24.717  -13.441  -33.936 0.5000000000
70170  25.985  -14.361  -36.217 0.1250000000
71307  25.110  -13.466  -34.779 0.1250000000
72532  25.178  -12.567  -34.881 0.1250000000
73804  24.250  -11.647  -32.897 0.6250000000
73819  25.089  -11.711  -34.670 0.1250000000
75020  23.236  -10.272  -32.284 0.6250000000
78630  22.213  -7.578  -32.429 0.6250000000
82022  20.560  -4.609  -32.653 0.7500000000
83108  20.093  -3.684  -32.868 0.7500000000
80907  21.817  -6.156  -32.426 0.5000000000
87469  14.515  -0.642  -34.065 0.6250000000
84196  18.717  -2.808  -33.463 0.7500000000
79832  23.453  -6.267  -33.687 0.3750000000
85289  17.657  -1.918  -33.947 0.7500000000
84194  20.695  -2.868  -33.096 0.6250000000
80957  23.227  -5.626  -35.304 0.1250000000
79850  23.470  -6.625  -35.544 0.1250000000
79831  23.672  -6.510  -34.314 0.2500000000
85277  22.011  -2.603  -33.470 0.3750000000
83120  22.819  -3.718  -34.114 0.3750000000
84225  22.592  -2.943  -35.767 0.1250000000
83152  22.653  -3.953  -35.965 0.1250000000
83172  22.000  -3.642  -37.484 0.1250000000
82078  22.465  -4.623  -36.578 0.1250000000
84232  22.349  -2.770  -36.907 0.1250000000
87452  22.406  0.060  -35.001 0.2500000000
85323  22.222  -1.737  -37.446 0.1250000000
85324  21.800  -2.233  -38.055 0.1250000000
85337  22.166  -1.217  -37.950 0.1250000000
86442  21.713  -0.635  -38.756 0.1250000000
85353  20.559  -1.481  -39.261 0.1250000000
86432  22.393  -0.688  -37.473 0.1250000000
87489  22.507  0.071  -37.780 0.1250000000
83213  21.129  -3.913  -38.923 0.1250000000
83194  21.155  -3.327  -38.781 0.1250000000
90649  19.199  3.536  -36.769 0.2500000000
90648  20.270  3.230  -37.076 0.2500000000
88581  22.206  1.594  -37.669 0.1250000000
87507  21.156  0.334  -39.532 0.1250000000
88588  22.140  0.563  -38.652 0.1250000000
87508  20.450  0.405  -39.910 0.1250000000
90658  19.882  3.681  -37.946 0.1250000000
90667  20.599  3.448  -38.914 0.1250000000
89678  21.444  2.458  -39.157 0.1250000000
85354  19.749  -1.323  -39.712 0.1250000000
88589  21.947  1.259  -38.888 0.1250000000
91632  18.935  4.411  -40.034 0.1250000000
61844  16.674  -21.058  -27.900 0.7500000000
61866  17.786  -21.125  -28.699 0.7500000000
61842  18.374  -21.706  -28.332 0.7500000000
61845  16.248  -20.730  -27.864 0.7500000000
65469  21.462  -18.197  -31.049 0.5000000000
72553  25.909  -12.820  -36.803 0.1250000000
72564  26.256  -13.024  -37.184 0.1250000000
79851  23.176  -6.116  -36.012 0.1250000000
84265  20.309  -2.638  -39.465 0.1250000000
84266  19.844  -2.002  -39.669 0.1250000000
64181  14.896  -18.726  -28.022 0.5000000000
60573  18.068  -22.071  -27.742 0.6250000000
61823  19.405  -21.240  -27.388 0.3750000000
61841  19.281  -21.428  -28.280 0.6250000000
63002  20.537  -20.489  -28.285 0.2500000000
61863  19.974  -20.911  -28.915 0.3750000000
86392  13.098  -0.770  -33.108 0.3750000000
87447  13.172  0.155  -32.932 0.2500000000
60574  17.806  -21.953  -27.987 0.6250000000
63046  20.484  -20.411  -29.544 0.5000000000
64213  20.456  -19.790  -30.165 0.5000000000
64241  21.455  -19.125  -30.623 0.3750000000
60549  17.338  -22.653  -26.460 0.6250000000
64173  14.637  -19.043  -27.241 0.3750000000
62986  14.999  -20.021  -26.969 0.3750000000
60561  17.359  -22.145  -27.382 0.6250000000
61825  16.977  -21.861  -27.604 0.6250000000
61827  15.792  -21.164  -27.198 0.6250000000
61801  18.764  -21.844  -25.996 0.3750000000
61813  18.717  -21.803  -26.833 0.5000000000
60560  18.073  -22.237  -27.103 0.6250000000
65407  14.351  -18.310  -27.527 0.2500000000
62957  19.787  -20.864  -26.187 0.3750000000
62983  20.304  -20.579  -27.393 0.2500000000
66709  14.546  -16.670  -28.993 0.3750000000
63024  20.676  -20.395  -28.947 0.2500000000
64212  21.518  -19.755  -29.920 0.3750000000
65468  22.484  -18.552  -31.142 0.2500000000
77397  11.481  -8.491  -30.471 0.2500000000
65492  23.424  -17.880  -31.553 0.2500000000
79786  11.688  -6.216  -31.293 0.3750000000
78616  11.421  -7.120  -30.643 0.2500000000
83096  12.303  -3.785  -31.831 0.2500000000
76164  11.433  -9.517  -30.027 0.1250000000
73749  11.923  -11.216  -29.199 0.2500000000
63006  15.161  -19.421  -27.741 0.5000000000
61884  19.912  -20.782  -29.437 0.5000000000
65419  15.328  -18.392  -28.751 0.3750000000
61826  16.599  -21.578  -27.526 0.6250000000
65420  14.600  -17.926  -28.311 0.3750000000
61824  18.666  -21.809  -27.648 0.5000000000
61840  19.897  -20.949  -27.991 0.2500000000
62984  19.819  -20.866  -27.309 0.2500000000
63001  21.117  -19.989  -27.742 0.2500000000
61812  19.290  -21.291  -26.480 0.5000000000
60548  18.160  -22.361  -26.303 0.5000000000
63045  21.162  -20.064  -29.252 0.2500000000
64240  22.462  -19.253  -30.533 0.2500000000
73750  11.188  -10.759  -28.676 0.1250000000
60551  15.731  -22.261  -26.408 0.5000000000
60540  18.265  -22.423  -25.517 0.2500000000
60532  17.813  -22.965  -25.147 0.3750000000
60541  17.629  -22.823  -25.769 0.5000000000
60550  16.591  -22.539  -26.622 0.5000000000
59358  16.100  -22.870  -26.189 0.3750000000
61814  15.391  -21.591  -26.512 0.5000000000
60562  16.551  -22.067  -27.137 0.5000000000
60533  14.499  -22.097  -24.315 0.1250000000
60542  15.311  -22.761  -25.747 0.3750000000
61828  15.247  -20.712  -26.938 0.2500000000
58198  15.256  -23.937  -24.235 0.1250000000
59348  15.124  -22.980  -25.377 0.2500000000
59347  15.678  -23.375  -25.467 0.3750000000
59337  16.823  -23.846  -24.914 0.3750000000
59356  17.046  -23.152  -25.834 0.5000000000
59339  14.935  -23.264  -24.503 0.1250000000
59346  16.512  -23.622  -25.431 0.3750000000
61802  14.488  -21.270  -24.962 0.1250000000
62958  14.394  -20.552  -25.415 0.1250000000
76231  25.039  -9.860  -35.005 0.1250000000
62985  15.439  -20.521  -27.288 0.3750000000
64165  14.379  -19.268  -26.447 0.2500000000
61783  18.806  -21.941  -25.258 0.2500000000
59357  16.528  -23.076  -26.037 0.5000000000
59345  17.230  -23.374  -25.300 0.3750000000
60552  15.226  -21.803  -26.171 0.2500000000
61815  14.950  -21.056  -26.197 0.1250000000
60563  16.144  -21.795  -27.095 0.5000000000
61784  14.389  -21.450  -24.320 0.1250000000
60543  14.957  -22.224  -25.504 0.1250000000
62971  14.419  -20.032  -25.994 0.1250000000
60519  14.490  -22.797  -23.686 0.1250000000
58216  16.022  -23.971  -25.137 0.3750000000
59336  17.482  -23.541  -24.483 0.2500000000
58197  15.719  -24.377  -24.362 0.2500000000
58196  16.582  -24.364  -24.237 0.2500000000
66697  14.075  -17.035  -28.159 0.2500000000
59338  15.363  -23.779  -24.688 0.1250000000
58215  16.316  -24.095  -24.878 0.2500000000
66698  13.586  -16.796  -27.579 0.1250000000
85270  12.461  -2.197  -32.234 0.1250000000
86382  12.298  -1.123  -32.119 0.1250000000
87436  12.546  -0.120  -32.364 0.1250000000
87422  11.845  -0.342  -31.427 0.1250000000
88518  12.553  0.712  -32.553 0.1250000000
84186  11.996  -2.824  -31.376 0.1250000000
88504  12.058  0.484  -32.033 0.1250000000
89593  11.468  0.637  -32.034 0.1250000000
83086  11.696  -3.712  -30.956 0.1250000000
78617  11.211  -7.584  -30.257 0.1250000000
66672  13.684  -17.439  -26.883 0.1250000000
79772  11.189  -6.119  -30.417 0.1250000000
83077  11.228  -3.666  -30.246 0.1250000000
85257  11.845  -2.269  -30.287 0.1250000000
85271  12.022  -1.784  -31.398 0.1250000000
87423  11.719  -0.514  -30.848 0.1250000000
88498  11.279  0.752  -31.087 0.1250000000
88505  10.901  0.463  -32.077 0.1250000000
89602  11.437  0.982  -32.700 0.1250000000
67858  13.976  -16.032  -28.532 0.1250000000
65421  14.091  -17.713  -27.702 0.1250000000
65408  13.931  -17.878  -27.114 0.1250000000
78598  11.200  -6.765  -30.306 0.1250000000
67859  13.636  -16.313  -27.941 0.1250000000
66684  13.412  -16.931  -27.050 0.1250000000
66683  13.727  -17.329  -27.412 0.1250000000
86383  11.921  -1.235  -31.473 0.1250000000
87415  11.745  -0.037  -31.069 0.1250000000
89601  11.923  0.852  -32.290 0.1250000000
89600  11.963  0.739  -31.969 0.1250000000
87416  11.780  -0.154  -30.334 0.1250000000
88506  10.180  0.323  -32.337 0.1250000000
61800  19.421  -21.313  -25.572 0.1250000000
62956  20.277  -20.674  -25.557 0.1250000000
62969  20.355  -20.508  -26.471 0.1250000000
62982  21.029  -20.058  -26.834 0.1250000000
63023  21.220  -20.003  -28.596 0.1250000000
64190  21.874  -19.607  -29.098 0.1250000000
64188  23.202  -18.752  -29.162 0.1250000000
64211  22.528  -19.323  -29.715 0.1250000000
65445  23.827  -18.610  -29.964 0.1250000000
65466  24.251  -18.147  -30.633 0.1250000000
65467  23.433  -18.658  -30.880 0.1250000000
59322  17.674  -23.711  -23.650 0.1250000000
59335  18.069  -23.137  -23.958 0.1250000000
60518  18.613  -22.692  -23.743 0.1250000000
60530  18.997  -22.169  -24.045 0.1250000000
62940  20.569  -20.751  -24.636 0.1250000000
61799  19.886  -21.094  -24.927 0.1250000000
62968  20.959  -20.121  -25.959 0.1250000000
64164  21.611  -19.579  -26.248 0.1250000000
64171  22.228  -18.913  -27.379 0.1250000000
64179  21.890  -19.328  -28.127 0.1250000000
65418  23.125  -18.405  -28.012 0.1250000000
65427  24.272  -18.143  -29.348 0.1250000000
65491  24.036  -17.984  -31.333 0.1250000000
66737  24.577  -17.466  -31.152 0.1250000000
60531  18.409  -22.563  -24.598 0.1250000000
58195  17.190  -24.173  -23.882 0.1250000000
61782  19.271  -21.684  -24.636 0.1250000000
64172  21.644  -19.381  -27.144 0.1250000000
64210  23.197  -18.889  -29.516 0.1250000000
64189  22.799  -18.876  -28.826 0.1250000000
65428  23.615  -18.463  -29.033 0.1250000000
64239  23.143  -19.077  -30.176 0.1250000000
65444  24.443  -18.060  -29.904 0.1250000000
59310  17.882  -23.817  -23.037 0.1250000000
59321  18.257  -23.262  -23.337 0.1250000000
62955  21.043  -20.268  -25.185 0.1250000000
61781  19.975  -21.210  -24.277 0.1250000000
61822  19.845  -20.896  -27.556 0.2500000000
61885  19.634  -20.941  -29.348 0.5000000000
62970  19.790  -20.838  -26.878 0.2500000000
63025  19.101  -20.968  -29.482 0.7500000000
63067  18.186  -18.625  -30.731 0.7500000000
63069  17.992  -18.279  -31.052 0.8750000000
63079  18.486  -18.409  -30.865 0.7500000000
63080  17.921  -18.770  -31.019 0.8750000000
63081  17.891  -18.871  -31.173 0.8750000000
63082  18.006  -18.358  -31.276 0.8750000000
63089  18.543  -18.403  -31.198 0.8750000000
63090  18.034  -18.890  -31.476 0.8750000000
64269  19.152  -17.987  -31.203 0.8750000000
64270  18.362  -18.546  -31.272 0.8750000000
64271  18.145  -18.689  -31.512 0.8750000000
65497  18.065  -17.483  -31.379 0.8750000000
66740  19.536  -17.349  -31.251 0.8750000000
66781  24.080  -15.824  -33.764 0.5000000000
66790  24.184  -15.936  -34.021 0.2500000000
66791  23.837  -15.886  -34.586 0.2500000000
66798  24.277  -15.678  -34.587 0.1250000000
66800  23.314  -16.123  -35.323 0.2500000000
66806  23.528  -16.201  -35.584 0.1250000000
66807  23.454  -16.276  -35.762 0.2500000000
66808  23.147  -16.412  -35.826 0.2500000000
66815  23.600  -16.193  -35.956 0.1250000000
66816  23.505  -16.368  -36.167 0.3750000000
67964  23.466  -15.904  -34.957 0.3750000000
67971  22.927  -16.223  -35.601 0.3750000000
67981  23.907  -15.963  -36.008 0.1250000000
67982  23.278  -16.418  -36.131 0.3750000000
67983  22.981  -16.398  -36.154 0.3750000000
67993  27.215  -15.953  -36.874 0.1250000000
67994  23.551  -16.144  -36.244 0.1250000000
67995  23.230  -16.279  -36.417 0.3750000000
67996  22.945  -16.231  -36.428 0.3750000000
68975  13.713  -15.600  -28.546 0.2500000000
69035  15.960  -14.140  -31.679 1.0000000000
69057  16.562  -14.309  -31.963 1.0000000000
69058  16.307  -14.147  -31.836 1.0000000000
69059  16.077  -13.902  -31.859 1.0000000000
69066  26.150  -15.359  -34.867 0.1250000000
69068  24.306  -14.945  -34.487 0.1250000000
69069  23.760  -15.878  -34.634 0.3750000000
69070  16.496  -14.056  -32.005 1.0000000000
69071  15.995  -13.907  -31.911 1.0000000000
69072  16.209  -13.710  -32.090 1.0000000000
69093  23.558  -15.888  -35.897 0.3750000000
69094  22.974  -15.656  -36.048 0.3750000000
69095  22.698  -16.119  -36.058 0.3750000000
69107  23.347  -16.065  -36.448 0.3750000000
69108  23.039  -15.959  -36.554 0.3750000000
69109  22.761  -16.016  -36.405 0.3750000000
70116  15.684  -14.120  -31.556 1.0000000000
70117  15.624  -13.849  -31.680 1.0000000000
70118  15.437  -14.155  -31.984 1.0000000000
70138  16.122  -13.677  -32.087 1.0000000000
70147  24.508  -14.464  -34.405 0.5000000000
70148  18.123  -13.315  -32.785 1.0000000000
70150  16.951  -13.630  -32.829 1.0000000000
70152  15.770  -13.350  -32.052 1.0000000000
70158  25.605  -14.362  -35.709 0.1250000000
70160  17.870  -13.028  -32.684 1.0000000000
70161  17.885  -13.293  -32.792 1.0000000000
70178  26.426  -14.698  -37.512 0.1250000000
71263  14.910  -13.038  -31.586 1.0000000000
71280  15.386  -13.823  -31.562 1.0000000000
71300  16.563  -12.975  -32.845 1.0000000000
71301  15.483  -13.652  -31.701 1.0000000000
71310  17.478  -13.263  -32.830 1.0000000000
71312  15.722  -13.532  -31.944 1.0000000000
71320  18.028  -12.948  -32.944 1.0000000000
71321  17.733  -13.112  -32.891 1.0000000000
71322  17.486  -13.064  -32.931 1.0000000000
71330  26.219  -14.131  -37.119 0.1250000000
71331  25.928  -13.748  -36.502 0.1250000000
71332  25.660  -13.567  -36.038 0.1250000000
72504  15.571  -12.591  -32.388 1.0000000000
72533  18.462  -12.349  -33.173 1.0000000000
72534  17.438  -12.356  -33.367 1.0000000000
72545  17.664  -12.658  -33.185 1.0000000000
72554  25.617  -12.989  -36.280 0.1250000000
73789  21.568  -11.683  -31.914 1.0000000000
73820  18.792  -11.456  -33.557 1.0000000000
73831  17.900  -12.243  -33.395 1.0000000000
73832  17.670  -12.291  -33.398 1.0000000000
75038  15.306  -10.176  -33.578 1.0000000000
76210  12.841  -8.790  -32.100 1.0000000000
76220  23.209  -9.575  -32.383 0.6250000000
76222  18.080  -9.673  -33.985 1.0000000000
76223  13.585  -8.851  -32.981 1.0000000000
76236  14.258  -9.059  -33.551 1.0000000000
77413  11.347  -7.811  -30.454 0.1250000000
77423  23.436  -8.055  -32.598 0.5000000000
77451  17.188  -8.497  -34.167 1.0000000000
78628  23.386  -7.683  -32.677 0.5000000000
78661  17.232  -7.352  -33.930 1.0000000000
79794  20.939  -6.825  -32.498 0.6250000000
79812  22.450  -6.338  -32.630 0.5000000000
79836  14.569  -6.140  -34.072 1.0000000000
80909  20.680  -6.169  -32.543 0.6250000000
80935  23.510  -6.080  -34.353 0.3750000000
80936  23.341  -5.682  -34.035 0.2500000000
80959  14.800  -4.242  -34.534 1.0000000000
82039  15.406  -4.105  -34.620 1.0000000000
82040  14.459  -4.080  -34.384 1.0000000000
82057  14.951  -3.857  -34.605 1.0000000000
83095  12.744  -3.541  -32.584 0.2500000000
83137  15.772  -3.092  -34.667 1.0000000000
83193  21.505  -3.653  -38.310 0.1250000000
84192  22.148  -3.157  -33.325 0.3750000000
84217  15.004  -2.407  -34.656 1.0000000000
84249  21.451  -2.727  -38.379 0.1250000000
84250  20.955  -2.689  -38.890 0.1250000000
85352  21.241  -1.085  -38.961 0.1250000000
85377  19.485  -1.280  -40.727 0.1250000000
86389  18.704  -1.333  -33.583 0.7500000000
86393  9.416  0.225  -32.948 0.1250000000
86403  14.900  -0.988  -34.235 0.8750000000
86404  14.585  -0.821  -34.104 0.6250000000
86405  13.807  -0.593  -33.830 0.6250000000
86410  14.636  -1.251  -34.329 0.8750000000
86413  13.713  -0.975  -34.188 0.7500000000
86441  22.168  -0.694  -38.198 0.1250000000
86454  20.239  -0.483  -39.706 0.1250000000
86468  20.014  -0.011  -39.996 0.1250000000
87437  9.557  0.416  -32.303 0.1250000000
87448  9.259  0.292  -32.676 0.1250000000
87449  9.260  0.856  -32.597 0.1250000000
87470  14.302  -0.740  -34.047 0.6250000000
87479  22.620  0.132  -36.916 0.2500000000
88496  11.900  0.340  -31.736 0.1250000000
88503  12.067  0.546  -31.840 0.1250000000
88519  10.717  0.933  -32.779 0.1250000000
88558  21.200  1.719  -35.255 0.3750000000
88568  22.483  0.857  -37.292 0.1250000000
88604  20.742  1.665  -40.210 0.1250000000
89591  11.881  0.577  -31.795 0.1250000000
89592  11.657  0.599  -31.836 0.1250000000
89673  21.678  2.454  -38.025 0.1250000000
89679  21.084  3.028  -39.117 0.1250000000
89686  20.677  1.882  -40.379 0.1250000000
90660  18.128  4.324  -37.674 0.1250000000
90669  18.744  4.314  -38.800 0.1250000000
130037  15.932  -13.329  -32.226 1.0000000000
130038  16.046  -12.951  -32.572 1.0000000000
130039  15.201  -12.773  -31.762 1.0000000000
130043  15.492  -13.416  -31.815 1.0000000000
130044  15.588  -12.811  -32.273 1.0000000000
