#!ascii label  , from subject sub-THP0005 vox2ras=TkReg
1892
12909  42.102  -65.123  -13.819 0.2000000030
12891  42.172  -65.294  -13.097 0.2000000030
13807  42.249  -64.527  -14.579 0.2000000030
11960  41.536  -66.049  -12.879 0.2000000030
13839  42.215  -63.933  -15.931 0.1000000015
13791  42.367  -64.664  -13.565 0.3000000119
13808  41.817  -64.870  -14.774 0.1000000015
12910  41.654  -65.243  -14.262 0.2000000030
14743  43.082  -63.008  -15.541 0.1000000015
14744  42.791  -63.405  -15.988 0.1000000015
15691  43.211  -62.082  -16.709 0.1000000015
16623  43.473  -61.286  -17.164 0.1000000015
14765  42.602  -63.023  -16.834 0.1000000015
18559  44.836  -59.241  -18.207 0.1000000015
16624  43.190  -61.350  -17.804 0.1000000015
17608  43.811  -59.982  -18.548 0.1000000015
19477  44.827  -58.324  -18.828 0.2000000030
18560  44.205  -59.272  -18.855 0.1000000015
17580  42.877  -60.427  -16.492 0.1000000015
18528  44.388  -59.430  -16.111 0.1000000015
14728  43.081  -62.958  -15.232 0.2000000030
17579  43.842  -60.261  -16.665 0.1000000015
16574  43.155  -62.231  -15.880 0.1000000015
15670  43.168  -62.539  -16.053 0.1000000015
17599  44.650  -60.010  -16.895 0.1000000015
19476  45.349  -58.459  -17.843 0.1000000015
21524  43.760  -56.222  -18.782 0.2000000030
20435  45.071  -57.596  -18.260 0.2000000030
21525  42.851  -56.023  -19.028 0.1000000015
20447  44.740  -57.543  -19.523 0.2000000030
21526  41.899  -56.368  -18.773 0.2000000030
20437  40.923  -57.486  -18.768 0.1000000015
17578  44.547  -59.787  -16.463 0.1000000015
18504  44.929  -59.043  -15.585 0.1000000015
18558  45.487  -59.049  -17.374 0.1000000015
22641  42.449  -55.667  -18.316 0.2000000030
21510  41.417  -55.833  -17.951 0.2000000030
21511  40.840  -56.072  -17.460 0.2000000030
21527  41.172  -56.550  -18.106 0.2000000030
20406  40.490  -56.545  -17.260 0.1000000015
20422  39.870  -57.769  -17.795 0.2000000030
18546  45.595  -59.095  -16.596 0.1000000015
20404  45.661  -58.136  -15.621 0.1000000015
19463  45.742  -58.532  -16.942 0.1000000015
20420  45.154  -57.454  -17.089 0.2000000030
22623  43.144  -55.682  -17.651 0.2000000030
22639  43.413  -55.955  -18.138 0.3000000119
21492  39.787  -56.212  -16.308 0.3000000119
20396  38.959  -56.888  -15.961 0.2000000030
20409  37.974  -57.703  -16.829 0.2000000030
19464  39.201  -58.339  -18.599 0.2000000030
22624  42.542  -55.039  -17.589 0.3000000119
21508  44.488  -56.836  -17.935 0.2000000030
22613  39.915  -55.112  -16.236 0.3000000119
21457  38.567  -55.572  -15.024 0.3000000119
22584  37.448  -55.420  -14.159 0.3000000119
21474  38.942  -56.158  -15.511 0.3000000119
20397  38.407  -57.115  -15.990 0.2000000030
20423  38.547  -58.153  -17.842 0.2000000030
20424  37.384  -57.825  -17.950 0.2000000030
23778  37.950  -54.322  -14.241 0.4000000060
23792  39.810  -54.204  -16.125 0.3000000119
22599  38.908  -55.022  -15.216 0.3000000119
23816  41.405  -54.241  -17.583 0.2000000030
22626  41.115  -55.099  -17.564 0.2000000030
21459  37.100  -56.344  -14.762 0.3000000119
21476  36.633  -57.010  -15.788 0.2000000030
20410  36.920  -57.480  -16.949 0.2000000030
23761  36.949  -54.535  -13.677 0.3000000119
22583  38.339  -55.088  -14.651 0.3000000119
21460  36.029  -56.424  -14.886 0.2000000030
21495  34.749  -56.601  -16.759 0.2000000030
21477  35.415  -56.725  -15.814 0.2000000030
21512  35.682  -56.864  -18.361 0.2000000030
21494  35.817  -56.997  -17.087 0.2000000030
20425  36.455  -57.321  -18.084 0.2000000030
24929  35.460  -53.421  -13.173 0.3000000119
23763  34.893  -54.288  -13.404 0.3000000119
22568  36.780  -55.317  -13.820 0.3000000119
23765  33.608  -54.009  -13.905 0.2000000030
22571  34.431  -54.871  -13.763 0.3000000119
23780  33.558  -54.603  -14.277 0.2000000030
22585  36.507  -55.864  -14.145 0.3000000119
22587  34.178  -55.562  -14.496 0.1000000015
22600  33.783  -55.935  -15.325 0.1000000015
21515  33.481  -56.104  -17.120 0.1000000015
21497  33.234  -55.968  -16.441 0.1000000015
22602  32.582  -54.869  -15.694 0.1000000015
21514  34.096  -56.267  -17.586 0.1000000015
26143  34.922  -52.692  -12.891 0.3000000119
24930  34.501  -53.479  -13.275 0.2000000030
26145  33.428  -52.723  -13.756 0.2000000030
27297  33.368  -51.877  -14.927 0.2000000030
28526  34.311  -50.934  -16.146 0.1000000015
26166  33.169  -52.630  -14.534 0.1000000015
27312  33.827  -51.502  -15.933 0.1000000015
24962  32.927  -53.249  -14.945 0.1000000015
23794  33.118  -54.840  -14.828 0.1000000015
22614  32.750  -55.535  -16.467 0.1000000015
22644  32.579  -55.278  -17.586 0.1000000015
27280  33.592  -52.196  -13.421 0.2000000030
27311  34.218  -51.205  -16.254 0.1000000015
27326  34.007  -51.599  -16.880 0.1000000015
26182  33.130  -52.604  -15.561 0.1000000015
26183  32.663  -52.968  -16.256 0.1000000015
24963  32.632  -53.584  -15.599 0.1000000015
26196  32.328  -52.861  -16.920 0.1000000015
23817  32.110  -54.435  -16.823 0.1000000015
24977  32.252  -53.611  -16.475 0.1000000015
27341  34.645  -51.295  -17.517 0.1000000015
26208  32.167  -52.197  -17.854 0.1000000015
24990  31.923  -53.508  -17.451 0.1000000015
27324  35.075  -50.862  -16.931 0.1000000015
17607  44.586  -59.924  -17.642 0.1000000015
16600  43.127  -61.576  -16.382 0.1000000015
21535  42.578  -56.500  -19.601 0.1000000015
17352  32.013  -61.009  -2.581 0.5000000000
17343  31.758  -60.510  -1.572 0.5000000000
17353  31.447  -60.260  -2.583 0.5000000000
18333  31.443  -59.643  -3.415 0.5000000000
18266  32.037  -59.206  0.627 0.2000000030
17319  32.359  -59.762  -0.023 0.2000000030
18280  31.855  -59.628  -0.447 0.3000000119
18296  31.750  -60.018  -0.968 0.5000000000
17344  31.143  -60.054  -1.999 0.5000000000
18298  30.482  -58.917  -1.742 0.5000000000
18315  30.875  -59.520  -2.559 0.5000000000
19274  30.179  -58.505  -2.297 0.5000000000
19273  30.509  -58.877  -2.712 0.5000000000
19287  31.650  -59.028  -4.148 0.5000000000
18332  32.318  -59.804  -4.067 0.5000000000
18337  34.514  -60.272  -5.119 0.5000000000
18267  31.455  -58.689  0.167 0.3000000119
18281  31.408  -58.994  -0.349 0.3000000119
18297  31.049  -59.454  -1.353 0.5000000000
20245  30.156  -57.730  -3.235 0.5000000000
20244  30.560  -57.933  -3.668 0.5000000000
19295  31.382  -58.204  -4.649 0.5000000000
19294  32.246  -58.965  -4.971 0.5000000000
17395  37.672  -60.567  -6.534 0.4000000060
17418  36.158  -60.697  -7.091 0.5000000000
18360  35.948  -60.429  -6.424 0.5000000000
18347  34.873  -60.273  -5.739 0.5000000000
18349  33.086  -59.510  -5.584 0.5000000000
17417  37.288  -60.742  -7.326 0.4000000060
19232  31.632  -58.642  1.071 0.3000000119
19244  30.956  -58.238  -0.225 0.4000000060
19260  30.394  -58.385  -1.229 0.5000000000
20216  29.921  -57.530  -0.984 0.5000000000
21275  29.680  -57.078  -2.794 0.5000000000
20227  29.617  -57.526  -1.997 0.5000000000
21276  29.342  -56.324  -2.409 0.5000000000
20258  30.319  -57.036  -3.803 0.5000000000
18361  35.213  -60.398  -6.362 0.5000000000
18348  34.032  -60.033  -5.627 0.5000000000
17440  39.296  -60.781  -7.641 0.4000000060
17416  38.385  -60.580  -7.133 0.4000000060
16446  36.653  -61.214  -7.751 0.5000000000
20153  31.619  -57.758  5.011 0.1000000015
21170  31.430  -56.482  4.286 0.1000000015
22271  31.478  -55.589  3.428 0.1000000015
20160  31.443  -57.492  3.743 0.1000000015
21182  31.137  -56.549  3.159 0.1000000015
22286  31.288  -55.756  2.435 0.1000000015
20169  31.137  -57.488  2.726 0.1000000015
21197  30.910  -56.634  2.133 0.1000000015
19224  31.329  -58.243  1.403 0.2000000030
20177  30.960  -57.569  1.783 0.1000000015
19233  31.323  -58.345  0.654 0.3000000119
19245  30.419  -57.767  -0.582 0.5000000000
20192  30.958  -57.520  0.466 0.4000000060
20200  30.653  -57.374  -0.095 0.4000000060
20202  29.804  -56.976  -0.671 0.4000000060
20217  29.499  -56.969  -1.221 0.5000000000
20228  29.354  -56.808  -1.749 0.5000000000
21300  29.514  -55.645  -3.358 0.5000000000
18362  34.417  -60.221  -6.220 0.5000000000
18383  35.583  -60.553  -6.699 0.5000000000
17441  38.074  -61.036  -7.738 0.4000000060
17439  40.369  -60.673  -8.078 0.5000000000
21141  33.513  -56.753  7.624 0.1000000015
21152  31.917  -56.381  6.613 0.1000000015
22230  31.858  -55.933  6.105 0.1000000015
21159  31.623  -56.387  5.601 0.1000000015
22262  31.897  -55.281  4.599 0.1000000015
23459  32.113  -54.836  3.347 0.1000000015
22248  32.008  -55.579  5.651 0.1000000015
23477  31.757  -55.098  2.620 0.1000000015
24677  31.418  -54.219  0.759 0.2000000030
19213  31.422  -58.247  2.210 0.1000000015
22299  31.246  -55.826  1.548 0.1000000015
22314  31.181  -55.598  0.846 0.2000000030
21209  30.955  -56.785  1.141 0.1000000015
21224  30.739  -56.641  0.353 0.2000000030
22315  30.347  -55.821  0.277 0.2000000030
24678  30.532  -54.073  0.736 0.2000000030
24658  31.076  -53.544  1.213 0.2000000030
21238  30.449  -56.861  -0.062 0.3000000119
22332  29.701  -55.998  -0.181 0.3000000119
22333  29.169  -55.560  -0.657 0.4000000060
21260  29.224  -56.278  -1.386 0.5000000000
19301  32.186  -58.987  -6.000 0.5000000000
22354  28.968  -55.366  -1.693 0.4000000060
17423  31.636  -60.045  -7.840 0.5000000000
18386  31.235  -59.295  -7.593 0.5000000000
19312  31.432  -58.681  -6.688 0.5000000000
17422  32.433  -60.554  -7.515 0.5000000000
18385  31.875  -59.834  -7.233 0.5000000000
19311  31.953  -59.198  -6.485 0.5000000000
21323  30.231  -56.462  -4.461 0.5000000000
21299  29.859  -56.603  -3.448 0.5000000000
16448  34.775  -61.477  -7.624 0.5000000000
17421  33.458  -60.875  -7.250 0.5000000000
17400  33.193  -60.299  -6.833 0.5000000000
20274  30.921  -57.852  -6.457 0.5000000000
16445  37.200  -61.163  -7.796 0.5000000000
16447  35.706  -61.344  -7.651 0.5000000000
18363  33.584  -59.932  -6.275 0.5000000000
19302  31.566  -58.268  -5.706 0.6000000238
17398  34.712  -60.541  -6.675 0.5000000000
16461  38.609  -61.407  -8.349 0.4000000060
21140  34.439  -56.767  7.440 0.1000000015
21151  32.747  -56.297  7.164 0.1000000015
22228  33.269  -55.439  6.441 0.1000000015
22227  34.432  -55.520  6.245 0.1000000015
23413  35.527  -55.107  4.536 0.1000000015
22229  32.354  -55.684  6.308 0.1000000015
22247  32.734  -54.949  5.434 0.1000000015
23439  32.504  -54.650  4.038 0.1000000015
23458  33.010  -54.479  3.209 0.1000000015
23476  32.583  -54.679  2.244 0.1000000015
23487  32.310  -54.596  1.270 0.1000000015
22285  31.792  -55.159  1.810 0.1000000015
24657  32.121  -53.905  0.947 0.2000000030
22298  31.698  -55.236  1.198 0.1000000015
23501  31.709  -54.643  0.812 0.2000000030
22316  29.648  -55.400  0.026 0.3000000119
23503  29.993  -54.798  0.469 0.3000000119
24659  30.099  -53.306  1.118 0.2000000030
23504  29.238  -54.653  -0.101 0.3000000119
24679  29.526  -53.707  0.451 0.2000000030
23519  28.725  -54.462  -1.011 0.4000000060
24688  28.860  -53.813  -0.349 0.3000000119
23534  28.829  -54.347  -1.990 0.4000000060
23520  28.611  -53.946  -1.166 0.4000000060
21373  30.355  -56.556  -8.273 0.5000000000
21357  30.089  -56.496  -7.273 0.5000000000
20285  30.401  -57.605  -7.439 0.5000000000
22373  29.123  -55.049  -2.697 0.5000000000
23664  30.045  -54.708  -8.178 0.5000000000
24828  29.801  -53.807  -8.016 0.5000000000
22468  29.766  -55.406  -7.054 0.5000000000
20275  30.418  -57.102  -6.487 0.6000000238
24829  29.564  -53.284  -7.340 0.5000000000
23651  29.559  -54.411  -6.561 0.5000000000
21348  30.099  -56.378  -6.382 0.6000000238
20265  30.785  -57.339  -5.467 0.5000000000
21322  30.558  -56.939  -4.982 0.5000000000
20266  30.394  -56.851  -5.949 0.5000000000
21337  30.531  -56.962  -5.308 0.5000000000
17460  41.753  -60.637  -8.613 0.4000000060
17461  40.964  -60.871  -8.697 0.4000000060
18402  40.170  -60.486  -7.386 0.4000000060
22283  37.074  -55.139  2.639 0.1000000015
23435  35.826  -55.071  3.982 0.1000000015
23473  36.102  -54.534  2.665 0.1000000015
23416  33.430  -54.671  5.145 0.1000000015
22245  34.531  -55.033  5.472 0.1000000015
23437  34.458  -54.543  4.072 0.1000000015
23456  35.085  -54.607  3.206 0.1000000015
23415  34.059  -54.650  4.954 0.1000000015
23457  34.057  -54.436  3.200 0.1000000015
23474  34.781  -54.291  2.354 0.1000000015
23475  33.672  -54.412  2.322 0.1000000015
23485  34.114  -54.153  1.843 0.1000000015
23486  33.342  -54.287  1.642 0.1000000015
25872  32.865  -53.335  1.679 0.2000000030
25873  31.733  -53.064  1.879 0.2000000030
28298  34.388  -51.098  -3.470 0.2000000030
24660  29.646  -53.110  0.825 0.2000000030
28328  33.368  -50.796  -4.182 0.2000000030
28300  33.123  -49.910  -3.890 0.2000000030
29552  32.488  -49.182  -3.762 0.2000000030
29553  31.143  -48.805  -3.895 0.2000000030
25893  29.353  -52.840  0.561 0.2000000030
28329  32.996  -50.361  -4.423 0.2000000030
29578  32.322  -49.653  -4.895 0.2000000030
29579  31.582  -49.122  -4.807 0.2000000030
29580  30.408  -49.414  -4.714 0.2000000030
29554  30.170  -49.151  -3.495 0.3000000119
29581  29.801  -49.862  -3.993 0.2000000030
27061  29.140  -51.761  -3.019 0.4000000060
29635  31.729  -49.680  -6.141 0.2000000030
29604  31.061  -49.486  -5.712 0.3000000119
28351  30.240  -49.896  -5.511 0.3000000119
28331  29.703  -50.290  -4.879 0.4000000060
27084  29.225  -51.733  -3.894 0.4000000060
25958  29.055  -52.607  -3.576 0.5000000000
25935  28.906  -52.852  -2.469 0.4000000060
24715  28.887  -53.733  -2.444 0.5000000000
27190  30.227  -51.617  -8.121 0.5000000000
28392  30.332  -50.934  -7.632 0.4000000060
28377  29.814  -50.893  -6.889 0.4000000060
27161  29.516  -51.502  -6.314 0.4000000060
26021  29.364  -52.349  -5.748 0.4000000060
24804  29.292  -53.305  -5.182 0.5000000000
25991  29.197  -52.277  -4.649 0.5000000000
23552  28.985  -54.247  -2.709 0.5000000000
26042  29.630  -52.244  -7.474 0.5000000000
24816  29.417  -53.328  -6.201 0.5000000000
23644  29.435  -54.237  -5.583 0.5000000000
22458  29.876  -55.738  -6.061 0.5000000000
22447  29.949  -55.741  -5.237 0.5000000000
22430  29.839  -55.643  -4.573 0.5000000000
22431  29.561  -55.083  -4.121 0.5000000000
23471  38.197  -54.512  2.511 0.1000000015
22282  38.061  -55.217  2.425 0.1000000015
23472  37.281  -54.544  2.497 0.1000000015
24626  36.914  -53.388  3.078 0.1000000015
24641  36.505  -53.935  2.476 0.1000000015
24642  35.592  -54.029  2.140 0.1000000015
25849  35.876  -53.737  2.329 0.1000000015
24643  34.711  -53.899  1.822 0.1000000015
25851  34.506  -53.332  2.177 0.1000000015
24655  33.948  -53.956  1.526 0.1000000015
25871  33.766  -53.560  1.682 0.2000000030
25852  33.578  -52.967  2.386 0.2000000030
25874  30.469  -52.492  1.867 0.2000000030
25875  29.687  -52.567  1.076 0.2000000030
28279  34.107  -49.918  -3.119 0.1000000015
29551  33.201  -49.722  -3.597 0.2000000030
30779  31.552  -48.653  -3.148 0.2000000030
27012  29.265  -51.901  0.404 0.2000000030
28277  35.632  -50.499  -2.721 0.1000000015
29534  33.465  -49.366  -3.012 0.1000000015
29535  32.799  -48.884  -2.917 0.1000000015
30757  32.157  -48.545  -2.542 0.1000000015
30781  30.271  -48.943  -2.877 0.1000000015
29555  29.572  -49.920  -3.086 0.2000000030
25905  28.688  -53.332  -0.724 0.3000000119
25904  28.875  -52.888  -0.155 0.2000000030
30759  30.410  -48.883  -2.351 0.1000000015
29537  29.459  -49.947  -2.072 0.1000000015
28280  29.253  -50.816  -2.544 0.3000000119
25915  28.720  -52.878  -1.270 0.2000000030
23636  29.335  -54.236  -4.658 0.5000000000
24775  29.126  -53.402  -4.190 0.5000000000
24740  28.991  -53.661  -3.204 0.5000000000
23615  29.224  -54.299  -3.804 0.5000000000
22448  29.595  -55.019  -5.006 0.5000000000
23470  38.896  -54.481  2.828 0.1000000015
24607  38.028  -53.848  4.248 0.1000000015
24608  37.180  -53.127  4.104 0.1000000015
24625  37.804  -53.634  3.306 0.1000000015
25806  36.115  -52.695  3.746 0.1000000015
25828  36.045  -53.334  2.695 0.1000000015
25829  35.272  -52.930  2.904 0.1000000015
25807  35.016  -52.389  3.965 0.1000000015
25830  34.305  -52.733  3.192 0.1000000015
25853  32.510  -52.697  2.704 0.2000000030
25854  31.329  -52.128  2.960 0.2000000030
25855  30.604  -51.832  2.533 0.2000000030
26997  29.698  -51.671  1.325 0.2000000030
29532  35.432  -49.768  -2.469 0.1000000015
29533  34.510  -49.408  -2.546 0.1000000015
30756  33.063  -48.610  -2.298 0.1000000015
30758  31.154  -48.598  -2.369 0.1000000015
28233  29.441  -50.661  -0.276 0.1000000015
30735  30.670  -48.863  -1.562 0.1000000015
29510  29.967  -49.320  -1.695 0.1000000015
28254  29.215  -50.800  -1.435 0.2000000030
27019  28.967  -51.788  -0.752 0.2000000030
24587  37.742  -54.068  4.907 0.1000000015
24569  36.451  -53.837  6.672 0.1000000015
25767  36.082  -53.167  6.240 0.1000000015
25768  35.611  -52.437  6.021 0.1000000015
25808  34.058  -52.120  4.344 0.1000000015
25831  33.302  -52.460  3.502 0.1000000015
25809  33.148  -51.839  4.398 0.1000000015
25832  32.303  -51.893  3.804 0.1000000015
25833  31.674  -51.621  3.602 0.2000000030
26982  30.766  -51.232  2.870 0.2000000030
26996  30.172  -51.243  2.098 0.2000000030
28208  30.366  -50.301  1.541 0.1000000015
29507  36.307  -49.532  -1.890 0.1000000015
29508  35.279  -48.919  -1.750 0.1000000015
30731  34.412  -48.563  -1.319 0.1000000015
30733  32.448  -48.383  -1.474 0.1000000015
28225  29.510  -50.983  0.707 0.2000000030
30706  32.811  -48.372  -0.484 0.1000000015
30734  31.500  -48.509  -1.555 0.1000000015
30708  30.999  -48.833  -0.881 0.1000000015
29511  29.556  -49.949  -1.075 0.1000000015
29486  29.710  -49.978  -0.517 0.2000000030
25750  36.308  -53.070  7.495 0.1000000015
26890  35.570  -51.769  6.821 0.1000000015
26909  35.190  -51.779  5.995 0.1000000015
26923  34.880  -51.771  5.437 0.1000000015
26943  33.654  -51.532  4.902 0.1000000015
25810  32.661  -51.438  4.460 0.1000000015
26967  31.821  -51.150  4.045 0.2000000030
28170  31.687  -50.351  3.749 0.1000000015
28187  31.212  -50.428  3.058 0.2000000030
29430  31.404  -49.676  2.464 0.1000000015
28188  30.723  -50.403  2.364 0.2000000030
30668  35.115  -48.448  0.420 0.1000000015
30669  34.226  -48.372  0.450 0.1000000015
30670  33.230  -48.378  0.480 0.1000000015
29448  31.539  -49.184  1.520 0.1000000015
29431  30.917  -49.790  1.808 0.1000000015
29482  35.951  -48.967  -1.031 0.1000000015
29483  35.480  -48.763  -1.049 0.1000000015
30704  34.703  -48.478  -0.379 0.1000000015
30671  32.258  -48.569  0.423 0.1000000015
29464  31.416  -49.027  0.493 0.1000000015
29449  30.788  -49.603  1.032 0.1000000015
28224  30.041  -50.126  0.489 0.1000000015
30705  33.806  -48.357  -0.441 0.1000000015
30707  31.750  -48.593  -0.520 0.1000000015
29484  31.009  -49.057  -0.249 0.1000000015
28114  34.544  -50.914  6.042 0.1000000015
28131  34.045  -50.673  5.787 0.1000000015
28132  33.450  -50.510  5.465 0.1000000015
28149  32.407  -50.295  4.551 0.1000000015
31840  35.400  -47.857  2.340 0.1000000015
30610  34.157  -48.114  3.078 0.1000000015
30611  33.150  -48.734  3.553 0.1000000015
29414  32.263  -49.501  3.688 0.1000000015
30636  36.377  -48.150  0.966 0.1000000015
31857  36.063  -47.942  1.665 0.1000000015
30623  34.475  -48.151  2.120 0.1000000015
31841  34.744  -47.954  2.707 0.1000000015
30625  32.591  -48.834  2.649 0.1000000015
29429  32.048  -49.300  2.919 0.1000000015
30637  35.566  -48.287  1.186 0.1000000015
30624  33.434  -48.431  2.388 0.1000000015
29447  31.981  -49.055  2.235 0.1000000015
30572  34.243  -49.581  6.143 0.1000000015
30585  35.145  -48.452  5.614 0.1000000015
30587  33.376  -49.362  5.119 0.1000000015
30586  33.956  -49.073  5.571 0.1000000015
29413  32.805  -49.290  4.216 0.1000000015
31839  36.441  -47.582  2.349 0.1000000015
31820  35.910  -47.623  3.194 0.1000000015
31803  35.444  -47.690  3.953 0.1000000015
30599  34.419  -48.195  4.365 0.1000000015
31856  37.020  -47.638  1.351 0.1000000015
31821  34.977  -47.791  3.280 0.1000000015
20257  30.693  -57.482  -4.199 0.5000000000
19259  30.935  -58.792  -0.781 0.4000000060
20201  30.215  -57.201  -0.418 0.4000000060
20184  31.068  -57.709  1.074 0.2000000030
21239  30.050  -56.574  -0.192 0.4000000060
21240  29.525  -56.427  -0.684 0.4000000060
21150  33.874  -56.040  7.105 0.1000000015
22261  32.547  -54.742  4.638 0.1000000015
23502  30.914  -54.869  0.620 0.3000000119
22244  35.492  -55.577  5.431 0.1000000015
23436  35.289  -54.787  3.978 0.1000000015
23438  33.320  -54.508  4.349 0.1000000015
24656  33.174  -53.959  1.191 0.1000000015
24698  28.765  -53.558  -1.826 0.4000000060
22483  30.511  -55.526  -8.644 0.5000000000
22484  30.116  -55.748  -7.907 0.5000000000
23663  30.807  -54.483  -9.004 0.5000000000
26056  29.720  -52.619  -7.930 0.5000000000
22284  36.457  -55.106  3.019 0.1000000015
23455  35.844  -54.912  3.356 0.1000000015
28299  33.665  -50.510  -3.672 0.2000000030
27083  34.176  -51.659  -3.843 0.2000000030
30780  30.762  -48.755  -3.033 0.1000000015
29602  32.270  -49.775  -5.412 0.2000000030
28330  30.063  -49.786  -5.063 0.3000000119
28376  30.597  -50.176  -6.582 0.5000000000
29634  32.204  -49.827  -5.799 0.2000000030
28352  29.760  -50.588  -5.966 0.4000000060
27140  29.414  -51.351  -5.360 0.5000000000
27114  29.368  -51.272  -4.505 0.5000000000
27036  29.010  -51.805  -1.916 0.3000000119
28391  31.165  -50.432  -7.516 0.5000000000
26031  29.470  -52.377  -6.712 0.5000000000
24639  38.265  -54.022  2.819 0.1000000015
24640  37.556  -53.922  2.618 0.1000000015
25850  35.361  -53.569  2.268 0.1000000015
25870  34.261  -53.726  1.719 0.1000000015
24606  38.583  -54.177  3.860 0.1000000015
25784  36.322  -52.786  5.078 0.1000000015
26981  31.305  -51.187  3.484 0.2000000030
29531  36.001  -50.029  -2.462 0.1000000015
29509  34.564  -48.809  -2.017 0.1000000015
30755  33.928  -48.768  -2.156 0.1000000015
24588  37.054  -53.772  5.370 0.1000000015
23412  37.215  -54.330  5.759 0.1000000015
23394  36.893  -54.325  6.271 0.1000000015
24554  36.540  -53.850  7.477 0.1000000015
25751  35.822  -52.504  6.932 0.1000000015
25785  35.440  -52.215  4.998 0.1000000015
25786  34.738  -52.000  4.832 0.1000000015
26944  33.094  -51.153  4.994 0.1000000015
30730  35.096  -48.626  -0.991 0.1000000015
30732  33.420  -48.431  -1.378 0.1000000015
29485  30.240  -49.469  -0.593 0.1000000015
26910  34.793  -51.371  5.911 0.1000000015
26924  34.295  -51.434  5.347 0.1000000015
26925  33.688  -51.081  5.347 0.1000000015
26945  32.549  -50.917  4.676 0.1000000015
26946  32.186  -50.845  4.392 0.1000000015
29415  31.675  -49.814  3.202 0.1000000015
30638  34.718  -48.328  1.223 0.1000000015
30667  35.937  -48.493  0.396 0.1000000015
30703  35.524  -48.632  -0.411 0.1000000015
30639  33.768  -48.357  1.368 0.1000000015
30640  32.563  -48.636  1.520 0.1000000015
30641  31.906  -48.784  1.003 0.1000000015
29465  30.686  -49.443  0.239 0.1000000015
28089  35.864  -50.967  7.288 0.1000000015
28113  35.094  -50.997  6.603 0.1000000015
29380  34.520  -50.177  6.421 0.1000000015
29392  33.332  -49.796  5.394 0.1000000015
29400  32.911  -49.664  4.790 0.1000000015
31858  35.542  -48.054  1.732 0.1000000015
30612  32.498  -49.071  3.211 0.1000000015
30571  34.835  -49.260  6.355 0.1000000015
30600  33.379  -48.983  4.644 0.1000000015
30598  35.730  -47.892  4.766 0.1000000015
31838  37.453  -47.341  2.371 0.1000000015
17332  35.813  -60.820  0.041 0.1000000015
17333  34.799  -60.656  0.032 0.1000000015
17334  33.633  -60.576  -0.122 0.1000000015
17317  34.219  -60.225  0.931 0.1000000015
17315  36.198  -61.056  0.606 0.2000000030
17318  32.980  -59.973  0.364 0.1000000015
16361  36.276  -61.242  -0.525 0.2000000030
16362  35.289  -61.250  -0.523 0.1000000015
16376  36.715  -61.726  -1.151 0.2000000030
17335  32.447  -60.352  -0.562 0.1000000015
16375  37.742  -61.953  -1.339 0.2000000030
16377  35.762  -61.833  -1.045 0.2000000030
16363  34.171  -61.354  -0.569 0.2000000030
16378  34.742  -62.030  -1.049 0.2000000030
16364  33.049  -61.202  -0.834 0.3000000119
16365  32.402  -60.892  -1.132 0.3000000119
15434  36.153  -62.293  -1.706 0.2000000030
15436  34.438  -62.347  -1.874 0.2000000030
16388  38.430  -62.268  -1.862 0.2000000030
16379  33.576  -61.968  -1.619 0.2000000030
15433  36.974  -62.251  -1.774 0.2000000030
15446  42.175  -62.476  -2.441 0.1000000015
16374  38.717  -62.114  -1.262 0.2000000030
16380  32.524  -61.307  -1.689 0.3000000119
16385  40.441  -62.445  -1.673 0.1000000015
16387  39.211  -62.300  -1.863 0.1000000015
15452  35.600  -62.659  -2.398 0.2000000030
15454  34.319  -62.426  -2.571 0.2000000030
15430  41.703  -62.539  -1.556 0.1000000015
16390  32.822  -61.636  -2.617 0.4000000060
15448  39.776  -62.494  -2.535 0.2000000030
15451  36.545  -62.721  -2.440 0.2000000030
15449  38.766  -62.571  -2.568 0.2000000030
15463  41.636  -62.366  -3.311 0.1000000015
15447  40.874  -62.444  -2.231 0.1000000015
15464  40.468  -62.515  -3.372 0.1000000015
15450  37.666  -62.594  -2.358 0.2000000030
15468  35.900  -62.803  -3.336 0.2000000030
15469  34.916  -62.640  -3.092 0.2000000030
15470  34.217  -62.303  -3.185 0.4000000060
16399  34.588  -62.062  -3.744 0.4000000060
17363  32.637  -60.910  -3.549 0.4000000060
15466  38.168  -62.938  -3.441 0.3000000119
15465  39.332  -62.745  -3.461 0.4000000060
16400  33.888  -61.787  -3.572 0.4000000060
15467  37.000  -62.948  -3.376 0.3000000119
15498  37.694  -62.210  -5.157 0.4000000060
27081  36.005  -52.103  -3.098 0.1000000015
27082  35.006  -51.683  -3.264 0.1000000015
17362  33.539  -61.085  -3.964 0.4000000060
17360  35.089  -61.668  -4.331 0.4000000060
18330  34.049  -60.565  -4.534 0.5000000000
16414  36.539  -62.026  -4.874 0.4000000060
15481  37.469  -62.635  -4.557 0.3000000119
15482  36.377  -62.623  -4.134 0.4000000060
17373  35.790  -61.268  -4.963 0.4000000060
25954  36.290  -53.035  -3.125 0.1000000015
18331  33.199  -60.301  -4.351 0.4000000060
18338  33.721  -59.894  -4.942 0.5000000000
18329  34.867  -60.873  -4.715 0.5000000000
18339  32.967  -59.618  -4.763 0.5000000000
25956  34.587  -52.716  -3.893 0.1000000015
24739  34.564  -53.418  -4.312 0.1000000015
27112  33.500  -51.439  -4.485 0.1000000015
17304  35.790  -60.962  1.191 0.1000000015
17316  35.372  -60.636  0.722 0.1000000015
18265  33.158  -59.728  1.282 0.1000000015
17364  31.914  -60.376  -3.280 0.4000000060
17314  36.753  -61.274  0.348 0.1000000015
16389  33.622  -62.152  -2.765 0.3000000119
16401  33.245  -61.579  -3.349 0.4000000060
15483  35.810  -62.537  -3.954 0.3000000119
17361  34.329  -61.322  -4.160 0.4000000060
25955  35.402  -52.889  -3.401 0.1000000015
25957  34.063  -52.311  -4.345 0.1000000015
18264  33.864  -59.919  1.727 0.1000000015
10116  39.170  -68.685  -2.356 0.1000000015
10131  40.587  -69.097  -3.181 0.1000000015
10888  38.647  -67.678  -2.447 0.1000000015
10117  38.124  -68.602  -2.447 0.1000000015
10118  37.047  -68.483  -2.622 0.1000000015
9393  38.523  -69.611  -2.289 0.1000000015
13590  28.912  -63.910  0.991 0.1000000015
11816  34.760  -66.446  -2.913 0.1000000015
10891  35.383  -67.373  -2.855 0.1000000015
10886  40.632  -67.552  -2.454 0.1000000015
10115  40.264  -68.636  -2.614 0.1000000015
10890  36.445  -67.454  -2.748 0.1000000015
10114  40.935  -68.021  -2.604 0.1000000015
10143  41.073  -68.348  -3.416 0.1000000015
13570  28.587  -64.519  1.910 0.1000000015
13589  29.594  -64.533  1.066 0.1000000015
12706  29.966  -64.764  0.873 0.1000000015
11722  28.075  -66.763  3.707 0.1000000015
11744  28.551  -65.958  3.023 0.1000000015
12662  29.090  -65.375  2.268 0.1000000015
12684  29.219  -64.697  1.581 0.1000000015
13610  30.488  -64.715  0.004 0.1000000015
13643  32.656  -64.328  -1.788 0.1000000015
13657  33.661  -64.767  -2.619 0.1000000015
10887  39.708  -67.691  -2.365 0.1000000015
12683  29.836  -65.281  1.471 0.1000000015
11764  30.151  -66.091  1.757 0.1000000015
10822  27.991  -67.467  3.953 0.1000000015
12661  29.720  -65.964  2.186 0.1000000015
12682  30.411  -65.754  1.260 0.1000000015
11779  31.198  -66.002  0.988 0.1000000015
12725  31.468  -64.931  -0.296 0.1000000015
12724  32.049  -64.733  -0.421 0.1000000015
12703  32.205  -65.062  0.257 0.1000000015
13627  32.743  -64.511  -0.681 0.1000000015
13626  33.753  -64.563  -0.557 0.1000000015
13642  33.649  -64.441  -1.481 0.1000000015
13656  34.384  -64.700  -1.951 0.1000000015
12749  34.954  -65.376  -2.425 0.1000000015
11814  36.916  -66.579  -2.623 0.1000000015
11811  40.122  -66.680  -2.147 0.1000000015
11812  39.099  -66.797  -2.330 0.1000000015
11813  38.034  -66.712  -2.502 0.1000000015
10889  37.554  -67.571  -2.637 0.1000000015
10885  41.393  -67.372  -2.641 0.1000000015
10130  41.143  -68.297  -2.876 0.1000000015
11741  30.659  -67.168  1.946 0.1000000015
10807  27.698  -67.631  4.373 0.1000000015
10821  28.487  -67.476  3.802 0.1000000015
11721  28.890  -66.801  3.387 0.1000000015
11720  29.481  -66.872  3.113 0.1000000015
11742  30.081  -66.912  2.474 0.1000000015
11762  31.672  -66.432  1.438 0.1000000015
12680  32.404  -65.651  1.245 0.1000000015
13608  33.846  -64.807  0.187 0.1000000015
10064  28.098  -67.913  4.124 0.1000000015
10063  28.696  -68.283  4.101 0.1000000015
10820  29.436  -67.675  3.467 0.1000000015
10838  30.130  -67.952  2.960 0.1000000015
13609  33.127  -64.726  0.022 0.1000000015
13641  34.560  -64.636  -1.180 0.1000000015
12738  35.522  -64.995  -1.394 0.1000000015
12739  34.887  -64.852  -1.780 0.1000000015
12748  36.224  -65.719  -2.221 0.1000000015
12736  37.852  -65.562  -1.474 0.1000000015
12747  37.390  -65.880  -2.221 0.1000000015
12745  39.436  -66.143  -2.031 0.1000000015
12746  38.487  -66.004  -2.171 0.1000000015
11810  41.065  -66.797  -2.112 0.1000000015
10900  41.572  -67.543  -3.243 0.1000000015
10899  41.962  -67.047  -2.879 0.1000000015
10884  41.883  -66.934  -2.534 0.1000000015
10856  31.206  -67.241  1.796 0.1000000015
10051  28.033  -68.673  4.623 0.1000000015
9332  28.234  -69.414  4.799 0.1000000015
10050  28.671  -69.137  4.427 0.1000000015
10049  29.030  -69.513  4.331 0.1000000015
10079  29.849  -68.397  3.330 0.1000000015
10837  30.699  -67.932  2.296 0.1000000015
12679  33.421  -65.645  1.551 0.1000000015
12678  34.470  -65.771  1.557 0.1000000015
12701  34.161  -65.141  0.819 0.1000000015
13625  34.565  -64.757  -0.294 0.1000000015
12723  34.714  -64.990  0.278 0.1000000015
13624  34.965  -64.809  -0.426 0.1000000015
12700  35.182  -65.392  0.794 0.1000000015
12722  35.331  -64.954  -0.262 0.1000000015
12720  37.136  -65.482  -0.621 0.1000000015
11805  40.154  -66.253  -1.783 0.1000000015
12717  39.930  -65.909  -0.969 0.1000000015
12734  39.841  -65.993  -1.470 0.1000000015
12735  38.916  -65.751  -1.460 0.1000000015
12733  40.177  -66.014  -1.097 0.1000000015
11804  40.588  -66.274  -1.415 0.1000000015
11809  41.812  -66.765  -2.100 0.1000000015
11808  42.283  -66.480  -2.471 0.1000000015
7843  27.071  -71.456  5.845 0.1000000015
9317  27.221  -70.514  5.737 0.1000000015
9299  27.070  -70.294  5.913 0.1000000015
8593  28.564  -70.943  4.914 0.1000000015
9330  29.302  -69.920  4.227 0.1000000015
10836  31.627  -68.038  2.139 0.1000000015
8579  27.342  -70.890  5.623 0.1000000015
9331  28.645  -70.011  4.729 0.1000000015
10062  29.485  -69.044  3.831 0.1000000015
9344  30.304  -69.898  3.251 0.1000000015
10077  31.215  -68.983  2.485 0.1000000015
10855  31.985  -67.214  1.957 0.1000000015
10835  32.613  -67.788  2.283 0.1000000015
11740  33.414  -67.206  2.343 0.1000000015
10076  32.163  -68.994  2.355 0.1000000015
12677  35.286  -66.041  1.490 0.1000000015
11759  34.864  -66.572  1.996 0.1000000015
11778  35.900  -65.945  1.092 0.1000000015
12699  36.276  -65.525  0.232 0.1000000015
12698  37.373  -65.918  0.237 0.1000000015
12718  39.407  -65.858  -0.812 0.1000000015
12719  38.329  -65.781  -0.457 0.1000000015
11792  40.135  -66.215  -0.476 0.1000000015
11774  39.697  -66.764  0.464 0.1000000015
11791  41.150  -66.515  -0.494 0.1000000015
11803  41.557  -66.521  -1.362 0.1000000015
7873  30.792  -71.897  3.531 0.1000000015
8604  31.415  -71.513  3.057 0.1000000015
7200  27.208  -72.124  6.023 0.1000000015
7842  27.587  -71.581  5.589 0.1000000015
7841  28.336  -71.624  5.261 0.1000000015
7859  28.964  -71.662  4.703 0.1000000015
9345  29.820  -70.170  3.704 0.1000000015
8605  30.524  -70.883  3.287 0.1000000015
9356  31.713  -69.985  2.543 0.1000000015
8619  32.141  -71.063  2.684 0.1000000015
9315  28.204  -70.444  5.111 0.1000000015
9357  30.868  -69.926  2.834 0.1000000015
9355  32.698  -70.060  2.547 0.1000000015
9354  33.774  -70.113  2.629 0.1000000015
10833  34.800  -68.240  2.428 0.1000000015
10075  33.209  -69.040  2.484 0.1000000015
11738  35.242  -67.442  2.175 0.1000000015
11758  35.909  -66.873  1.655 0.1000000015
11777  36.701  -66.295  0.965 0.1000000015
12697  38.113  -66.225  0.303 0.1000000015
11793  39.139  -66.229  -0.068 0.1000000015
11794  38.562  -66.214  0.129 0.1000000015
11773  40.658  -66.875  0.349 0.1000000015
7197  29.935  -72.284  5.140 0.1000000015
7199  27.975  -72.286  5.737 0.1000000015
7198  29.041  -72.214  5.255 0.1000000015
7211  29.938  -72.207  4.414 0.1000000015
7229  30.328  -72.177  3.841 0.1000000015
7872  31.799  -72.200  3.537 0.1000000015
7186  26.940  -72.527  6.807 0.1000000015
7185  27.600  -72.719  6.413 0.1000000015
7874  29.966  -71.645  3.802 0.1000000015
7887  32.003  -71.784  2.951 0.1000000015
7886  32.679  -71.816  2.995 0.1000000015
8618  33.228  -71.027  2.728 0.1000000015
10832  35.661  -68.239  2.219 0.1000000015
10853  36.408  -68.036  1.863 0.1000000015
11757  37.019  -67.241  1.425 0.1000000015
11756  37.998  -67.458  1.304 0.1000000015
10864  40.128  -67.444  1.029 0.1000000015
11775  38.666  -66.770  0.694 0.1000000015
10863  41.047  -67.484  1.070 0.1000000015
11772  41.628  -66.917  0.377 0.1000000015
7172  28.999  -72.552  6.796 0.1000000015
7182  29.998  -72.249  5.539 0.1000000015
7227  31.368  -72.433  4.311 0.1000000015
7210  30.631  -72.357  4.638 0.1000000015
7871  33.059  -72.190  3.664 0.1000000015
7885  33.708  -71.743  3.081 0.1000000015
8617  34.284  -71.019  2.792 0.1000000015
7884  34.631  -71.594  3.214 0.1000000015
10073  35.441  -69.212  2.543 0.1000000015
10093  36.183  -68.829  2.248 0.1000000015
10852  37.432  -68.260  1.718 0.1000000015
10851  38.416  -68.310  1.680 0.1000000015
10090  38.926  -68.826  2.254 0.1000000015
11755  38.782  -67.597  1.272 0.1000000015
10089  39.949  -68.609  2.055 0.1000000015
10850  39.446  -68.102  1.526 0.1000000015
10865  39.353  -67.333  1.019 0.1000000015
10849  40.445  -68.098  1.566 0.1000000015
10862  41.960  -67.392  1.135 0.1000000015
12695  42.847  -65.687  1.075 0.1000000015
7183  29.407  -72.340  5.909 0.1000000015
7209  31.179  -72.178  4.861 0.1000000015
7857  32.158  -71.733  4.467 0.1000000015
8615  35.604  -70.707  3.037 0.1000000015
9352  35.692  -70.130  2.999 0.1000000015
10072  36.387  -69.446  2.613 0.1000000015
10091  37.866  -69.107  2.326 0.1000000015
10088  40.599  -68.451  1.979 0.1000000015
10848  41.282  -68.041  1.851 0.1000000015
10847  41.956  -67.383  1.734 0.1000000015
12673  42.025  -65.904  1.749 0.1000000015
13603  41.584  -64.479  0.439 0.1000000015
7816  29.272  -71.954  7.235 0.1000000015
7826  29.496  -72.068  6.501 0.1000000015
8562  30.341  -71.089  6.083 0.1000000015
7839  31.299  -71.647  5.149 0.1000000015
8591  32.358  -71.053  4.853 0.1000000015
8590  32.987  -70.867  4.677 0.1000000015
7840  30.689  -71.695  5.523 0.1000000015
8589  34.036  -70.935  4.375 0.1000000015
8603  35.197  -71.275  3.519 0.1000000015
9343  35.282  -70.661  3.741 0.1000000015
10071  37.130  -69.433  2.626 0.1000000015
13552  37.228  -64.533  2.626 0.1000000015
12644  37.573  -65.420  3.146 0.1000000015
12643  38.603  -66.195  3.114 0.1000000015
10816  38.634  -67.768  3.407 0.1000000015
9349  38.347  -69.149  3.049 0.1000000015
9366  38.274  -69.232  2.701 0.1000000015
12660  37.861  -64.808  2.460 0.1000000015
12659  38.795  -65.488  2.421 0.1000000015
11717  39.025  -67.001  3.246 0.1000000015
10070  38.822  -68.986  2.799 0.1000000015
13568  37.378  -64.115  1.951 0.1000000015
13567  38.255  -64.580  1.885 0.1000000015
12658  40.001  -66.072  2.415 0.1000000015
10814  40.394  -68.163  2.938 0.1000000015
13588  37.941  -64.102  1.512 0.1000000015
13587  38.558  -64.134  1.124 0.1000000015
12675  39.815  -65.297  1.798 0.1000000015
10830  40.970  -67.857  2.566 0.1000000015
13585  40.621  -64.926  1.209 0.1000000015
11733  41.671  -67.198  2.393 0.1000000015
14540  39.692  -63.375  -0.016 0.1000000015
13584  41.524  -65.240  1.342 0.1000000015
14538  41.422  -63.707  -0.235 0.1000000015
9297  29.662  -70.238  7.140 0.1000000015
8563  29.723  -71.253  6.716 0.1000000015
9296  30.000  -70.380  6.569 0.1000000015
9314  30.483  -70.112  6.081 0.1000000015
8577  30.946  -70.932  5.556 0.1000000015
9313  31.154  -69.990  5.491 0.1000000015
8575  32.364  -70.538  4.955 0.1000000015
9328  33.567  -69.972  4.617 0.1000000015
8588  34.823  -71.187  4.060 0.1000000015
8602  35.609  -70.710  3.304 0.1000000015
9342  35.715  -69.699  3.488 0.1000000015
9341  36.962  -69.252  3.308 0.1000000015
10059  37.312  -68.501  3.536 0.1000000015
9350  37.673  -69.439  2.898 0.1000000015
11718  38.086  -66.764  3.390 0.1000000015
9339  38.356  -68.917  3.259 0.1000000015
15390  37.101  -62.767  0.937 0.1000000015
14523  37.643  -63.467  1.094 0.1000000015
10022  29.669  -69.681  7.393 0.1000000015
10021  29.926  -69.216  6.905 0.1000000015
10036  30.663  -69.085  5.967 0.1000000015
10035  31.365  -69.053  5.412 0.1000000015
9312  31.930  -69.892  5.172 0.1000000015
9329  32.687  -69.884  4.917 0.1000000015
9326  35.102  -69.326  3.972 0.1000000015
10045  35.349  -68.620  3.969 0.1000000015
10819  36.198  -67.639  3.809 0.1000000015
10060  36.288  -68.447  3.678 0.1000000015
12645  36.260  -65.211  3.617 0.1000000015
12629  35.935  -65.441  3.816 0.1000000015
10818  36.773  -67.638  3.690 0.1000000015
14490  35.993  -63.550  2.726 0.1000000015
13554  35.805  -64.331  3.485 0.1000000015
10058  38.158  -68.513  3.422 0.1000000015
14507  35.800  -63.196  2.575 0.1000000015
13569  36.850  -64.096  2.412 0.1000000015
10034  32.149  -68.981  5.067 0.1000000015
10048  33.008  -69.011  4.828 0.1000000015
10047  33.863  -69.026  4.543 0.1000000015
10804  34.706  -67.773  4.354 0.1000000015
10803  35.569  -67.486  4.057 0.1000000015
10802  36.168  -66.912  3.865 0.1000000015
13553  36.444  -64.228  2.955 0.1000000015
14506  36.410  -63.386  2.071 0.1000000015
15402  37.010  -62.177  0.731 0.1000000015
10785  30.471  -67.951  6.464 0.1000000015
11692  30.931  -67.480  5.767 0.1000000015
10796  30.926  -68.318  5.725 0.1000000015
10795  31.532  -68.133  5.327 0.1000000015
10794  32.396  -67.939  4.905 0.1000000015
10806  33.272  -68.273  4.692 0.1000000015
10805  33.938  -68.040  4.563 0.1000000015
10046  34.617  -68.814  4.264 0.1000000015
11704  34.728  -66.650  4.414 0.1000000015
11702  36.051  -65.919  3.853 0.1000000015
11703  35.476  -66.273  4.149 0.1000000015
16340  36.123  -61.593  1.169 0.1000000015
11691  31.564  -67.119  5.314 0.1000000015
11690  32.298  -66.709  4.953 0.1000000015
11706  33.144  -67.365  4.696 0.1000000015
15379  35.545  -62.408  2.283 0.1000000015
12630  35.529  -65.192  4.005 0.1000000015
16341  35.618  -61.504  1.656 0.1000000015
12617  31.574  -66.042  5.501 0.1000000015
12616  32.280  -65.605  5.132 0.1000000015
13539  32.991  -65.178  4.773 0.1000000015
12633  33.078  -66.282  4.752 0.1000000015
13538  33.784  -64.756  4.493 0.1000000015
11705  33.923  -66.994  4.595 0.1000000015
15365  34.994  -62.242  2.994 0.1000000015
15366  34.676  -62.391  3.429 0.1000000015
14491  35.355  -63.321  3.232 0.1000000015
12646  35.714  -64.722  3.738 0.1000000015
17295  34.797  -60.787  2.176 0.1000000015
14474  35.094  -63.620  3.671 0.1000000015
12632  33.866  -65.889  4.549 0.1000000015
14475  34.635  -63.389  3.905 0.1000000015
13537  34.638  -64.426  4.217 0.1000000015
12631  34.691  -65.519  4.361 0.1000000015
13536  35.281  -64.131  3.807 0.1000000015
13668  33.561  -65.322  -3.182 0.1000000015
11815  35.780  -66.470  -2.667 0.1000000015
9394  37.582  -69.486  -2.381 0.1000000015
12750  34.059  -65.700  -3.015 0.1000000015
11780  30.788  -65.791  0.928 0.1000000015
11763  30.710  -66.509  1.441 0.1000000015
12681  31.691  -65.679  0.905 0.1000000015
12704  31.213  -65.444  0.422 0.1000000015
11761  32.637  -66.602  2.048 0.1000000015
12702  33.171  -65.091  0.730 0.1000000015
12721  36.224  -65.154  -0.711 0.1000000015
12737  36.736  -65.371  -1.497 0.1000000015
9316  27.729  -69.909  5.362 0.1000000015
10061  29.976  -69.518  3.440 0.1000000015
10078  30.321  -68.956  3.041 0.1000000015
11760  33.845  -66.420  2.129 0.1000000015
8592  29.339  -70.907  4.277 0.1000000015
10834  33.768  -68.109  2.467 0.1000000015
11739  34.321  -67.295  2.338 0.1000000015
11790  42.101  -66.524  -0.485 0.1000000015
7228  30.794  -72.391  3.981 0.1000000015
8620  31.309  -70.723  2.801 0.1000000015
7858  29.504  -71.756  4.342 0.1000000015
8606  29.879  -70.940  3.719 0.1000000015
10074  34.314  -69.165  2.565 0.1000000015
11737  35.799  -67.641  1.969 0.1000000015
11776  37.651  -66.605  0.867 0.1000000015
7212  29.365  -72.027  4.651 0.1000000015
9353  34.832  -70.167  2.703 0.1000000015
10861  42.348  -67.086  1.172 0.1000000015
7196  30.521  -72.219  5.284 0.1000000015
7825  30.062  -71.932  5.945 0.1000000015
7856  33.496  -71.646  4.202 0.1000000015
8616  35.247  -70.957  2.949 0.1000000015
10092  36.914  -68.954  2.167 0.1000000015
10069  39.539  -68.743  2.661 0.1000000015
11752  42.337  -66.961  1.460 0.1000000015
12672  42.489  -66.417  1.491 0.1000000015
9351  36.665  -69.743  3.002 0.1000000015
10068  40.397  -68.387  2.508 0.1000000015
12696  42.219  -65.229  1.106 0.1000000015
11754  41.441  -66.416  2.231 0.1000000015
12674  40.925  -65.740  1.943 0.1000000015
8576  31.779  -70.877  5.136 0.1000000015
11736  39.396  -66.440  2.922 0.1000000015
10815  39.727  -67.747  3.213 0.1000000015
10056  39.937  -68.438  2.958 0.1000000015
10057  38.992  -68.655  3.195 0.1000000015
9340  37.841  -69.059  3.273 0.1000000015
11716  39.617  -67.034  3.126 0.1000000015
12676  38.971  -64.865  1.647 0.1000000015
11734  41.229  -67.117  2.586 0.1000000015
12657  40.798  -66.450  2.463 0.1000000015
14524  36.897  -63.172  1.352 0.1000000015
13586  39.555  -64.601  1.109 0.1000000015
14560  40.309  -63.109  -0.433 0.1000000015
13604  40.218  -64.211  0.488 0.1000000015
11719  36.953  -66.501  3.639 0.1000000015
10817  37.663  -67.652  3.536 0.1000000015
15391  36.489  -62.454  1.260 0.1000000015
9327  34.651  -69.996  4.135 0.1000000015
15378  36.061  -62.619  1.784 0.1000000015
15497  38.265  -62.304  -5.125 0.3000000119
17371  37.467  -61.465  -5.498 0.3000000119
17372  36.855  -61.245  -5.439 0.3000000119
18336  35.333  -60.524  -5.304 0.4000000060
17386  36.964  -60.579  -5.939 0.3000000119
18346  35.657  -60.345  -5.890 0.4000000060
12806  44.032  -64.797  -9.137 0.1000000015
13747  44.683  -64.008  -10.046 0.1000000015
15559  44.949  -62.319  -9.923 0.2000000030
16481  41.742  -61.210  -9.319 0.3000000119
16449  33.872  -61.460  -7.738 0.4000000060
15480  38.734  -62.723  -4.419 0.3000000119
16483  39.054  -61.843  -9.075 0.4000000060
16480  42.945  -61.158  -9.508 0.2000000030
16484  38.179  -61.952  -8.862 0.4000000060
16462  37.373  -61.635  -8.359 0.4000000060
12789  42.762  -66.045  -8.609 0.1000000015
16498  43.530  -61.656  -10.159 0.3000000119
16485  37.607  -62.220  -9.062 0.4000000060
16463  36.195  -61.832  -8.302 0.4000000060
16464  35.226  -62.028  -8.204 0.4000000060
12826  43.650  -65.510  -9.453 0.1000000015
16467  32.550  -61.149  -8.553 0.5000000000
15560  44.152  -62.430  -10.627 0.2000000030
16499  42.397  -61.868  -10.063 0.3000000119
15538  39.317  -62.319  -9.904 0.3000000119
15519  36.584  -62.282  -8.964 0.4000000060
17443  31.778  -60.415  -8.619 0.4000000060
18387  30.688  -58.815  -7.991 0.4000000060
15539  38.201  -62.446  -9.644 0.4000000060
15520  35.639  -62.402  -8.940 0.4000000060
15543  34.272  -62.345  -9.650 0.4000000060
15522  34.011  -62.198  -8.976 0.5000000000
12839  43.575  -65.450  -10.394 0.2000000030
12825  44.189  -64.762  -9.761 0.2000000030
13759  44.301  -63.883  -10.708 0.2000000030
15562  41.776  -62.550  -10.820 0.2000000030
14665  44.613  -63.203  -10.475 0.2000000030
15537  40.196  -62.283  -10.158 0.3000000119
15565  38.563  -62.836  -10.608 0.3000000119
11891  43.176  -66.242  -9.848 0.1000000015
15540  37.089  -62.622  -9.621 0.4000000060
16500  41.186  -62.052  -10.055 0.3000000119
15566  37.545  -62.978  -10.573 0.4000000060
15541  36.044  -62.661  -9.738 0.4000000060
16466  33.436  -61.705  -8.609 0.5000000000
17462  31.788  -59.871  -9.569 0.5000000000
18404  30.901  -59.030  -8.512 0.4000000060
15567  36.471  -62.904  -10.654 0.4000000060
15569  34.556  -62.293  -10.535 0.4000000060
15544  33.593  -61.931  -9.549 0.5000000000
17478  32.517  -60.087  -10.171 0.5000000000
18417  31.284  -59.261  -9.171 0.4000000060
12855  44.031  -64.352  -10.888 0.2000000030
15585  43.468  -62.962  -11.148 0.2000000030
15561  42.977  -62.416  -10.755 0.2000000030
15563  40.612  -62.657  -10.830 0.4000000060
15587  41.065  -63.045  -11.695 0.2000000030
15588  39.856  -63.050  -11.634 0.4000000060
15589  38.784  -63.079  -11.527 0.3000000119
16502  33.455  -61.294  -10.365 0.5000000000
18416  31.708  -59.028  -9.783 0.5000000000
19350  30.939  -57.702  -9.189 0.4000000060
20299  30.565  -57.495  -8.583 0.4000000060
14696  38.496  -63.164  -12.038 0.4000000060
15591  37.014  -63.103  -11.758 0.4000000060
15568  35.477  -62.656  -10.610 0.4000000060
17477  33.179  -60.335  -10.573 0.5000000000
14678  43.030  -63.696  -11.704 0.2000000030
13761  43.146  -64.533  -11.723 0.2000000030
15586  42.319  -63.143  -11.635 0.2000000030
21392  31.184  -56.485  -9.276 0.4000000060
15590  37.961  -63.147  -11.374 0.3000000119
15592  35.854  -62.571  -11.694 0.4000000060
15593  35.060  -62.252  -11.278 0.4000000060
12840  43.055  -65.873  -10.709 0.2000000030
15603  42.160  -63.473  -12.256 0.2000000030
15605  40.244  -63.153  -12.617 0.3000000119
15606  38.890  -63.089  -12.510 0.4000000060
21372  30.750  -56.160  -8.925 0.4000000060
14698  37.687  -63.029  -12.414 0.3000000119
16519  33.992  -61.145  -10.987 0.5000000000
18431  32.297  -59.189  -10.231 0.5000000000
26055  30.222  -52.426  -8.393 0.4000000060
12857  42.925  -65.486  -11.415 0.2000000030
15609  36.458  -62.568  -12.468 0.4000000060
16517  35.222  -61.677  -12.004 0.4000000060
20315  32.492  -57.410  -10.010 0.5000000000
20316  31.481  -57.201  -9.516 0.4000000060
28375  31.506  -50.003  -6.785 0.4000000060
12876  42.281  -65.599  -12.327 0.2000000030
14694  42.332  -63.738  -12.595 0.2000000030
15604  41.549  -63.410  -12.723 0.2000000030
15625  37.225  -62.203  -13.558 0.4000000060
18444  34.017  -59.802  -11.452 0.5000000000
18430  33.118  -59.344  -10.736 0.5000000000
11923  41.843  -66.734  -11.374 0.2000000030
15607  38.012  -62.954  -12.732 0.4000000060
14682  37.398  -63.041  -12.251 0.3000000119
17493  34.239  -60.601  -11.542 0.5000000000
18445  33.553  -59.852  -11.000 0.5000000000
19349  31.410  -58.279  -9.524 0.5000000000
11941  41.964  -66.038  -12.302 0.2000000030
28404  31.695  -50.709  -8.081 0.4000000060
28390  32.028  -50.364  -7.378 0.2000000030
24841  30.376  -53.504  -8.625 0.4000000060
22506  31.310  -55.450  -9.290 0.4000000060
14693  42.639  -64.234  -12.299 0.2000000030
15623  39.517  -62.778  -13.496 0.4000000060
21391  32.132  -56.174  -9.674 0.4000000060
13776  42.603  -64.868  -12.532 0.2000000030
15622  40.670  -62.931  -13.534 0.2000000030
14710  42.165  -63.773  -13.430 0.2000000030
26054  31.096  -52.503  -8.907 0.4000000060
23686  31.810  -54.215  -9.443 0.4000000060
24858  32.494  -53.404  -9.645 0.4000000060
17513  35.518  -60.827  -12.684 0.3000000119
19366  33.915  -58.413  -10.968 0.5000000000
20337  33.164  -57.591  -10.339 0.5000000000
22505  32.222  -55.088  -9.594 0.4000000060
15624  38.192  -62.557  -13.573 0.4000000060
16536  36.574  -62.153  -13.173 0.4000000060
17527  35.969  -61.084  -13.143 0.3000000119
17492  34.850  -60.753  -12.065 0.4000000060
16547  37.595  -61.606  -14.135 0.4000000060
19383  34.473  -58.936  -11.471 0.5000000000
15621  41.503  -63.255  -13.715 0.2000000030
26072  31.630  -52.822  -9.250 0.4000000060
21390  33.270  -56.300  -9.968 0.5000000000
20314  33.523  -57.061  -10.244 0.5000000000
18456  35.948  -59.847  -12.826 0.4000000060
18443  34.788  -59.683  -11.955 0.5000000000
20336  33.726  -57.645  -10.537 0.5000000000
19364  35.360  -58.028  -11.396 0.5000000000
19399  35.544  -59.368  -12.337 0.5000000000
18335  36.154  -60.652  -5.581 0.4000000060
27189  30.789  -51.668  -8.528 0.4000000060
24840  31.234  -53.467  -9.180 0.4000000060
20335  34.627  -57.474  -10.775 0.5000000000
17383  40.540  -60.859  -6.150 0.3000000119
17384  39.290  -61.037  -6.036 0.3000000119
16426  42.058  -61.214  -5.537 0.2000000030
18343  41.231  -60.510  -6.526 0.3000000119
18381  40.647  -60.359  -7.094 0.3000000119
17415  39.324  -60.460  -7.015 0.3000000119
18356  42.303  -60.395  -6.904 0.2000000030
18379  41.935  -60.328  -7.299 0.2000000030
18401  40.889  -60.384  -7.533 0.2000000030
16496  44.810  -61.775  -9.489 0.2000000030
11019  40.828  -67.278  -12.030 0.1000000015
11943  40.663  -66.823  -12.603 0.1000000015
19440  42.729  -58.680  -15.259 0.1000000015
15478  41.146  -62.225  -4.222 0.1000000015
15496  39.142  -62.251  -5.089 0.2000000030
16429  38.737  -61.697  -5.555 0.2000000030
16427  41.117  -61.335  -5.539 0.2000000030
16428  39.952  -61.667  -5.455 0.2000000030
15462  42.797  -62.098  -3.397 0.1000000015
16410  42.532  -61.504  -4.855 0.1000000015
16411  41.668  -61.695  -4.898 0.2000000030
16397  42.895  -61.673  -4.203 0.1000000015
16409  43.243  -61.531  -4.807 0.1000000015
11904  42.525  -66.502  -10.658 0.1000000015
11942  41.476  -66.518  -12.245 0.1000000015
15651  41.661  -62.340  -14.913 0.1000000015
16603  41.050  -61.032  -15.963 0.1000000015
18508  40.635  -59.752  -16.070 0.1000000015
18484  40.117  -59.363  -15.424 0.1000000015
16576  42.093  -61.850  -15.494 0.1000000015
18531  41.480  -59.945  -16.371 0.1000000015
19441  41.442  -58.933  -15.644 0.1000000015
19423  40.292  -58.855  -14.735 0.1000000015
19451  42.258  -58.916  -15.899 0.1000000015
19422  41.683  -58.487  -14.299 0.1000000015
19394  40.979  -57.833  -12.642 0.1000000015
19393  41.580  -57.719  -12.568 0.1000000015
20347  41.365  -57.147  -12.266 0.1000000015
15477  42.155  -61.926  -4.149 0.1000000015
15636  39.110  -62.215  -14.267 0.1000000015
18472  36.487  -60.051  -13.292 0.3000000119
14721  42.150  -63.604  -13.932 0.1000000015
15633  42.037  -63.173  -14.333 0.1000000015
16555  40.550  -62.125  -14.757 0.1000000015
16579  38.945  -61.031  -15.115 0.1000000015
18487  37.925  -59.917  -14.358 0.2000000030
18471  37.294  -59.867  -13.784 0.3000000119
19381  36.781  -58.221  -12.030 0.3000000119
20352  37.298  -57.568  -11.544 0.3000000119
11961  41.147  -66.225  -13.052 0.1000000015
14720  42.328  -63.872  -14.111 0.1000000015
17553  39.879  -60.524  -15.727 0.1000000015
18469  38.948  -59.279  -14.488 0.1000000015
19409  37.959  -58.998  -13.415 0.2000000030
19380  37.824  -57.972  -12.112 0.3000000119
15650  42.670  -62.696  -15.032 0.1000000015
19407  40.651  -58.303  -13.469 0.1000000015
19378  39.386  -57.461  -12.026 0.2000000030
20331  38.699  -56.759  -11.249 0.3000000119
20365  40.551  -57.445  -12.269 0.1000000015
21419  40.296  -56.282  -11.601 0.2000000030
21406  39.398  -56.137  -11.055 0.4000000060
21430  42.172  -56.677  -12.817 0.1000000015
20348  40.795  -57.021  -12.067 0.1000000015
22521  40.264  -55.345  -11.274 0.3000000119
16348  37.214  -61.634  0.335 0.1000000015
16359  38.285  -61.984  -0.560 0.1000000015
21389  34.318  -56.392  -10.129 0.4000000060
21410  35.339  -56.840  -10.585 0.4000000060
19398  36.294  -58.958  -12.501 0.3000000119
20353  36.398  -57.764  -11.516 0.4000000060
21409  36.172  -56.674  -10.599 0.4000000060
20332  37.753  -56.910  -11.107 0.4000000060
22524  37.721  -55.440  -10.503 0.4000000060
21407  38.294  -56.201  -10.754 0.4000000060
22523  38.837  -55.358  -10.578 0.5000000000
21405  39.955  -55.766  -11.117 0.3000000119
23703  39.298  -54.459  -10.601 0.5000000000
22555  41.453  -55.901  -13.038 0.2000000030
22540  41.401  -56.278  -12.587 0.1000000015
23702  39.960  -54.519  -10.991 0.4000000060
21441  43.099  -56.825  -13.488 0.1000000015
22566  41.366  -55.395  -14.014 0.1000000015
22556  40.750  -55.099  -13.234 0.2000000030
22541  40.756  -55.603  -12.228 0.2000000030
21471  43.533  -56.574  -15.651 0.1000000015
21455  42.635  -56.145  -14.781 0.1000000015
22567  40.955  -54.490  -13.969 0.2000000030
21472  42.706  -55.743  -16.020 0.1000000015
22503  34.069  -55.451  -10.027 0.4000000060
22504  33.061  -55.286  -9.805 0.3000000119
21387  35.726  -56.306  -10.352 0.4000000060
21388  35.157  -56.329  -10.261 0.4000000060
22525  36.308  -55.622  -10.399 0.4000000060
22526  35.749  -55.145  -10.413 0.4000000060
23704  38.354  -54.478  -10.498 0.4000000060
24878  37.950  -53.512  -10.537 0.4000000060
24877  38.889  -53.550  -10.577 0.5000000000
24876  39.583  -53.581  -11.015 0.4000000060
24912  40.284  -53.433  -13.024 0.3000000119
24897  39.970  -53.654  -12.069 0.4000000060
26112  39.631  -52.498  -11.602 0.4000000060
23790  42.520  -53.847  -16.019 0.2000000030
23791  42.103  -53.886  -15.424 0.2000000030
24926  40.677  -53.344  -13.705 0.2000000030
22596  42.597  -54.688  -16.241 0.1000000015
22580  42.352  -55.237  -15.581 0.2000000030
19486  44.387  -58.308  -19.990 0.1000000015
23684  33.824  -54.362  -10.047 0.4000000060
23707  35.282  -54.128  -10.542 0.4000000060
24879  36.909  -53.474  -10.631 0.4000000060
24880  35.904  -53.389  -10.763 0.4000000060
26092  37.585  -52.494  -10.567 0.4000000060
26091  38.556  -52.563  -10.562 0.4000000060
27225  38.197  -51.502  -10.407 0.4000000060
27224  39.172  -51.615  -10.928 0.3000000119
28477  39.831  -50.448  -12.372 0.4000000060
27250  39.658  -51.297  -11.870 0.4000000060
26139  40.622  -52.429  -13.713 0.3000000119
27260  40.282  -51.405  -13.181 0.3000000119
26123  40.030  -52.590  -12.555 0.4000000060
24973  42.518  -53.274  -16.741 0.2000000030
26193  41.167  -52.559  -16.375 0.2000000030
24943  41.761  -53.153  -15.017 0.2000000030
24944  41.105  -53.067  -14.316 0.2000000030
22611  42.760  -54.618  -16.945 0.2000000030
18589  43.127  -59.721  -21.195 0.1000000015
19487  43.999  -58.726  -20.407 0.1000000015
20466  44.454  -57.566  -20.333 0.1000000015
26071  32.208  -52.596  -9.458 0.3000000119
26096  33.730  -52.536  -10.205 0.4000000060
24857  33.327  -53.423  -9.961 0.3000000119
24881  34.989  -53.297  -10.658 0.4000000060
28418  36.081  -50.031  -9.933 0.4000000060
26094  35.541  -52.428  -10.789 0.4000000060
27226  37.155  -51.502  -10.502 0.4000000060
26093  36.561  -52.458  -10.741 0.4000000060
28436  37.633  -50.469  -10.234 0.4000000060
29707  38.820  -49.606  -11.376 0.4000000060
28435  38.641  -50.383  -10.678 0.3000000119
29766  39.511  -49.442  -14.297 0.3000000119
29765  40.145  -49.468  -14.025 0.3000000119
29745  39.990  -49.315  -13.189 0.3000000119
30946  39.334  -48.822  -12.811 0.3000000119
29727  39.531  -49.621  -12.302 0.3000000119
24976  40.164  -53.655  -16.425 0.2000000030
24959  40.528  -52.693  -16.281 0.2000000030
27295  39.624  -51.450  -14.936 0.3000000119
27294  40.383  -51.358  -14.826 0.2000000030
28491  40.461  -50.502  -13.692 0.3000000119
28476  40.251  -50.482  -13.039 0.3000000119
24975  40.765  -53.214  -16.788 0.2000000030
26162  41.220  -52.180  -14.918 0.2000000030
23815  42.046  -54.137  -17.569 0.2000000030
27203  32.133  -52.044  -9.195 0.3000000119
27187  32.996  -51.188  -8.624 0.3000000119
27202  32.730  -51.843  -9.349 0.3000000119
27230  33.392  -51.903  -9.904 0.4000000060
26070  32.962  -52.606  -9.796 0.3000000119
29681  35.052  -49.885  -9.427 0.3000000119
29668  35.012  -49.634  -8.922 0.4000000060
29666  36.090  -48.807  -9.040 0.4000000060
29680  35.581  -49.647  -9.393 0.4000000060
28438  35.662  -50.728  -10.342 0.4000000060
30880  36.292  -48.588  -9.326 0.4000000060
28437  36.622  -50.669  -10.315 0.4000000060
30890  36.796  -48.575  -10.051 0.3000000119
28416  37.512  -49.765  -10.191 0.4000000060
28417  36.933  -49.918  -10.043 0.4000000060
32164  36.693  -47.848  -13.163 0.3000000119
32140  37.272  -47.568  -12.872 0.2000000030
30935  37.747  -47.742  -12.461 0.2000000030
32108  36.218  -47.449  -11.183 0.2000000030
29708  38.409  -49.465  -10.999 0.3000000119
29691  37.959  -49.509  -10.537 0.3000000119
28492  38.328  -50.021  -13.928 0.3000000119
32162  38.194  -48.088  -13.456 0.3000000119
32139  38.087  -47.882  -13.057 0.2000000030
30934  38.480  -48.314  -12.389 0.2000000030
30915  38.682  -49.214  -11.560 0.2000000030
24961  39.291  -53.556  -15.424 0.2000000030
26164  38.682  -52.153  -14.534 0.3000000119
27296  38.818  -50.873  -14.384 0.3000000119
27173  33.305  -50.898  -7.682 0.3000000119
27188  31.843  -51.518  -8.737 0.3000000119
32089  35.259  -47.536  -8.994 0.3000000119
33242  34.306  -46.262  -11.556 0.2000000030
34392  34.077  -45.981  -10.975 0.2000000030
32110  35.016  -47.065  -10.283 0.2000000030
32099  35.425  -47.459  -9.952 0.2000000030
33260  33.619  -46.325  -12.487 0.2000000030
33240  35.809  -46.835  -12.040 0.2000000030
32123  35.813  -47.090  -11.413 0.2000000030
32109  35.433  -47.105  -10.841 0.2000000030
27160  32.828  -50.778  -7.038 0.2000000030
21488  44.255  -56.931  -16.640 0.1000000015
21489  43.241  -56.004  -16.815 0.1000000015
24947  38.377  -53.289  -14.485 0.3000000119
24989  41.114  -53.735  -17.306 0.2000000030
17394  38.737  -60.641  -6.524 0.3000000119
17438  41.281  -60.448  -8.095 0.2000000030
16360  37.249  -61.477  -0.375 0.1000000015
15479  39.962  -62.407  -4.472 0.2000000030
17385  37.934  -61.083  -5.878 0.2000000030
17525  37.119  -60.860  -14.026 0.3000000119
27174  32.479  -50.769  -8.033 0.3000000119
16556  39.803  -61.841  -14.812 0.1000000015
23685  32.801  -54.298  -9.713 0.3000000119
16558  38.181  -61.290  -14.579 0.3000000119
17534  37.803  -60.599  -14.463 0.2000000030
15652  41.019  -62.176  -14.887 0.1000000015
17382  41.566  -60.807  -6.076 0.2000000030
17393  39.873  -60.584  -6.633 0.3000000119
18342  41.954  -60.507  -6.487 0.1000000015
18357  41.613  -60.373  -6.855 0.2000000030
16412  40.789  -61.913  -4.956 0.2000000030
16602  41.618  -61.182  -15.989 0.1000000015
16577  40.770  -61.538  -15.431 0.1000000015
18510  39.235  -59.987  -15.468 0.1000000015
19395  39.749  -57.845  -12.585 0.1000000015
17533  38.509  -60.821  -14.916 0.2000000030
19397  37.339  -58.714  -12.726 0.3000000119
19408  39.191  -58.675  -13.789 0.2000000030
19396  38.474  -58.307  -12.768 0.3000000119
20333  36.747  -57.147  -11.053 0.4000000060
19379  38.796  -57.686  -12.111 0.3000000119
20330  39.370  -56.732  -11.454 0.3000000119
22502  35.176  -55.572  -10.200 0.4000000060
23705  37.242  -54.510  -10.538 0.4000000060
22581  41.826  -55.003  -15.013 0.2000000030
22582  41.382  -54.563  -14.490 0.2000000030
23708  34.598  -53.975  -10.360 0.4000000060
23706  36.119  -54.461  -10.570 0.4000000060
26161  41.775  -52.621  -15.467 0.2000000030
26095  34.587  -52.440  -10.562 0.4000000060
28509  40.398  -50.401  -14.222 0.3000000119
26180  40.684  -52.261  -15.760 0.2000000030
27229  34.152  -51.568  -10.227 0.4000000060
28440  34.234  -50.936  -9.860 0.4000000060
28439  34.761  -50.787  -10.174 0.4000000060
29746  38.749  -49.108  -14.017 0.3000000119
24946  39.182  -52.975  -15.154 0.2000000030
27310  39.827  -51.857  -15.320 0.2000000030
27201  33.674  -51.187  -9.436 0.4000000060
32088  36.035  -47.999  -9.524 0.4000000060
30901  36.885  -48.016  -10.918 0.2000000030
32165  35.612  -47.831  -12.939 0.2000000030
32142  35.113  -47.183  -12.650 0.2000000030
33258  35.560  -46.859  -12.283 0.2000000030
32122  36.196  -47.079  -11.876 0.2000000030
28420  34.501  -50.354  -9.369 0.3000000119
27186  33.885  -50.658  -8.408 0.2000000030
29633  34.583  -49.306  -7.039 0.3000000119
27172  33.965  -50.826  -7.283 0.2000000030
17414  42.696  -60.394  -7.478 0.1000000015
17391  43.623  -60.883  -6.924 0.1000000015
17436  43.178  -60.545  -8.308 0.1000000015
17437  42.155  -60.359  -8.035 0.1000000015
16458  44.215  -61.458  -8.258 0.1000000015
17459  42.549  -60.681  -8.835 0.1000000015
17457  43.806  -60.848  -8.861 0.1000000015
27139  33.016  -50.932  -6.031 0.1000000015
24815  34.702  -52.767  -6.342 0.1000000015
27159  33.732  -51.544  -6.486 0.1000000015
26028  34.886  -52.325  -6.417 0.1000000015
27158  34.505  -51.416  -6.466 0.1000000015
28389  34.327  -50.038  -7.692 0.2000000030
28373  34.309  -50.270  -6.761 0.1000000015
29600  34.986  -49.705  -5.347 0.2000000030
29655  34.984  -49.207  -7.993 0.2000000030
29601  34.579  -49.492  -6.135 0.2000000030
30825  34.721  -48.502  -6.358 0.2000000030
32005  36.348  -47.879  -4.479 0.2000000030
30824  34.910  -48.680  -5.479 0.2000000030
30851  34.904  -48.322  -7.247 0.2000000030
29654  35.402  -48.794  -8.168 0.2000000030
30870  35.560  -48.492  -8.318 0.2000000030
30881  35.866  -48.318  -8.792 0.2000000030
32090  34.547  -46.856  -8.976 0.1000000015
30805  35.613  -48.918  -4.715 0.2000000030
30871  35.248  -48.317  -7.896 0.2000000030
32070  34.700  -47.184  -7.907 0.1000000015
33186  34.360  -45.790  -7.766 0.1000000015
33207  34.174  -46.077  -8.696 0.1000000015
26030  33.967  -52.418  -6.300 0.1000000015
26020  33.872  -52.515  -5.900 0.1000000015
27157  35.169  -51.797  -6.222 0.1000000015
32026  34.892  -47.853  -5.770 0.2000000030
26141  37.524  -52.228  -13.711 0.2000000030
28493  37.347  -50.197  -13.448 0.2000000030
27277  37.914  -51.016  -13.744 0.2000000030
24927  37.605  -53.437  -13.888 0.2000000030
26142  35.999  -52.216  -12.901 0.2000000030
29748  36.732  -49.387  -13.275 0.2000000030
27279  36.094  -51.240  -12.798 0.2000000030
28494  36.290  -50.385  -12.942 0.2000000030
24928  36.582  -53.383  -13.412 0.2000000030
30949  37.190  -48.520  -13.442 0.2000000030
28495  35.512  -50.324  -12.678 0.1000000015
28479  34.975  -50.752  -12.484 0.2000000030
29749  35.580  -49.575  -12.878 0.2000000030
30951  34.991  -48.679  -12.914 0.2000000030
28480  34.074  -50.727  -12.793 0.1000000015
29751  33.576  -49.601  -13.383 0.1000000015
30952  33.829  -48.676  -12.946 0.1000000015
29781  33.458  -49.799  -15.484 0.1000000015
28512  33.479  -50.852  -14.817 0.1000000015
29576  36.170  -49.759  -4.563 0.1000000015
32166  34.468  -47.838  -12.793 0.1000000015
32184  32.911  -47.844  -14.295 0.1000000015
32167  33.374  -47.539  -13.348 0.1000000015
29767  33.201  -49.724  -14.327 0.1000000015
30981  32.990  -48.642  -15.001 0.1000000015
30991  33.464  -48.870  -15.908 0.1000000015
29792  34.698  -49.640  -16.688 0.1000000015
32004  37.347  -47.946  -4.364 0.1000000015
29574  37.954  -49.710  -4.514 0.1000000015
29575  37.048  -49.690  -4.461 0.1000000015
33243  33.667  -45.854  -11.939 0.1000000015
32143  34.058  -47.125  -12.609 0.1000000015
33297  32.759  -46.731  -14.406 0.1000000015
33298  32.727  -46.390  -13.901 0.1000000015
32212  33.422  -47.816  -15.851 0.1000000015
29804  34.823  -48.944  -17.052 0.1000000015
30990  34.205  -48.580  -16.569 0.1000000015
30803  37.659  -48.832  -4.389 0.1000000015
32025  35.454  -47.671  -5.040 0.1000000015
35543  32.870  -44.821  -13.358 0.1000000015
34406  33.211  -45.452  -12.366 0.1000000015
36660  33.501  -44.183  -14.902 0.1000000015
35559  33.011  -44.886  -14.614 0.1000000015
35544  32.761  -45.473  -13.509 0.1000000015
34428  32.915  -45.754  -13.080 0.1000000015
34456  33.721  -45.100  -15.859 0.1000000015
34444  32.780  -45.768  -14.549 0.1000000015
34471  34.988  -45.359  -16.788 0.1000000015
34472  34.121  -45.524  -16.334 0.1000000015
33309  33.126  -46.927  -15.405 0.1000000015
34457  33.246  -45.793  -15.512 0.1000000015
34485  36.140  -45.439  -17.376 0.1000000015
33319  34.743  -46.207  -16.877 0.1000000015
33320  34.153  -46.453  -16.497 0.1000000015
32226  35.281  -47.216  -17.249 0.1000000015
33132  38.045  -47.206  -4.633 0.1000000015
33133  37.086  -47.060  -4.517 0.1000000015
34393  33.569  -45.411  -11.352 0.1000000015
35585  36.086  -44.082  -16.853 0.1000000015
35587  34.687  -44.818  -16.378 0.1000000015
35601  35.946  -44.770  -17.102 0.1000000015
35506  33.534  -44.318  -11.202 0.1000000015
26126  35.171  -52.043  -12.564 0.1000000015
27265  33.609  -51.276  -13.430 0.1000000015
32211  34.267  -47.372  -16.576 0.1000000015
36622  33.368  -43.559  -12.994 0.1000000015
19533  39.103  -58.598  -21.710 0.1000000015
20470  38.446  -58.274  -21.108 0.1000000015
19551  38.954  -58.919  -22.102 0.1000000015
18620  39.758  -59.397  -22.308 0.1000000015
17632  39.388  -60.748  -21.009 0.1000000015
15734  39.286  -62.634  -20.812 0.1000000015
13918  38.072  -64.356  -20.582 0.1000000015
19513  39.548  -58.444  -21.014 0.1000000015
19491  39.025  -58.404  -20.218 0.1000000015
18604  39.365  -59.721  -22.059 0.1000000015
17645  39.672  -60.423  -21.629 0.1000000015
20451  38.087  -58.075  -20.137 0.1000000015
19480  38.669  -58.383  -19.357 0.1000000015
19478  40.334  -58.256  -19.365 0.1000000015
19512  40.574  -58.354  -20.920 0.1000000015
19550  39.940  -58.888  -22.190 0.1000000015
20485  37.684  -58.264  -21.733 0.1000000015
20438  40.024  -58.209  -18.722 0.1000000015
20471  37.452  -57.763  -20.916 0.1000000015
20440  36.946  -57.429  -19.018 0.1000000015
20441  36.176  -56.979  -19.060 0.1000000015
20472  36.655  -57.312  -20.633 0.1000000015
20452  37.296  -57.487  -19.982 0.1000000015
20453  36.518  -57.034  -19.858 0.1000000015
19490  40.010  -58.476  -20.151 0.1000000015
13900  37.883  -64.462  -19.702 0.1000000015
7195  30.953  -72.029  5.235 0.1000000015
7854  34.728  -71.592  4.036 0.1000000015
7855  34.365  -71.593  4.091 0.1000000015
7869  34.700  -71.621  3.772 0.1000000015
7870  34.080  -71.958  3.688 0.1000000015
8578  27.934  -70.908  5.325 0.1000000015
9284  29.559  -70.036  7.692 0.1000000015
9367  37.971  -69.321  2.718 0.1000000015
10009  29.672  -69.332  7.880 0.1000000015
10055  40.269  -68.378  2.830 0.1000000015
10829  41.602  -67.482  2.273 0.1000000015
10831  40.571  -67.603  2.931 0.1000000015
10846  42.209  -67.258  1.398 0.1000000015
10854  32.364  -67.191  2.128 0.1000000015
11735  40.226  -66.927  2.877 0.1000000015
11743  29.329  -66.268  2.810 0.1000000015
11753  41.985  -66.882  2.118 0.1000000015
11821  41.949  -66.985  -3.245 0.1000000015
11871  42.951  -66.751  -9.368 0.1000000015
11903  43.101  -66.020  -10.388 0.2000000030
11922  42.191  -66.158  -11.748 0.2000000030
12705  30.433  -65.129  0.639 0.1000000015
12744  39.910  -66.242  -1.894 0.1000000015
12807  43.329  -65.245  -8.851 0.1000000015
12838  44.139  -64.559  -10.476 0.2000000030
12856  43.691  -64.791  -11.069 0.2000000030
12877  41.851  -65.849  -12.736 0.2000000030
12892  41.668  -65.664  -13.400 0.2000000030
13607  34.318  -64.901  0.258 0.1000000015
13628  31.845  -64.503  -0.996 0.1000000015
13640  35.004  -64.769  -0.715 0.1000000015
13760  43.754  -64.111  -11.209 0.2000000030
13822  42.452  -63.990  -15.457 0.1000000015
13838  42.518  -63.770  -15.759 0.1000000015
14505  37.051  -63.578  1.598 0.1000000015
14539  40.698  -63.697  -0.090 0.1000000015
14666  44.263  -62.976  -10.766 0.2000000030
14676  44.349  -63.489  -10.711 0.2000000030
14677  44.020  -63.396  -10.973 0.2000000030
14679  42.454  -63.535  -12.054 0.2000000030
14680  38.208  -63.186  -11.843 0.3000000119
14681  37.712  -63.179  -11.999 0.3000000119
14695  41.998  -63.625  -13.038 0.2000000030
14697  38.150  -63.123  -12.262 0.3000000119
14709  42.448  -64.206  -13.113 0.2000000030
14711  41.840  -63.540  -13.351 0.2000000030
14729  42.714  -63.465  -15.067 0.2000000030
14812  38.626  -63.691  -20.732 0.1000000015
15392  35.928  -62.129  1.596 0.1000000015
15435  35.265  -62.355  -1.683 0.2000000030
15437  33.955  -62.296  -2.196 0.2000000030
15453  34.891  -62.548  -2.308 0.2000000030
15517  44.297  -61.992  -8.093 0.1000000015
15518  37.164  -62.221  -8.982 0.4000000060
15521  34.729  -62.392  -8.925 0.4000000060
15542  35.079  -62.637  -9.719 0.4000000060
15564  39.553  -62.735  -10.759 0.3000000119
15570  33.911  -62.011  -10.197 0.5000000000
15584  44.012  -62.930  -10.878 0.2000000030
15608  37.280  -62.758  -12.777 0.4000000060
15620  41.950  -63.513  -13.786 0.2000000030
15632  42.551  -63.298  -14.614 0.1000000015
15634  41.100  -62.602  -14.329 0.1000000015
15635  40.116  -62.407  -14.209 0.2000000030
15637  38.343  -61.882  -14.342 0.3000000119
15649  43.082  -62.615  -15.546 0.2000000030
15671  43.024  -62.692  -16.617 0.1000000015
16347  37.847  -61.830  0.072 0.1000000015
16349  36.633  -61.667  0.719 0.1000000015
16386  40.000  -62.398  -1.800 0.1000000015
16398  35.308  -62.367  -3.849 0.3000000119
16413  37.277  -61.922  -5.238 0.3000000119
16415  35.782  -62.117  -4.395 0.4000000060
16430  37.876  -61.781  -5.449 0.3000000119
16450  33.079  -61.276  -7.859 0.5000000000
16459  40.333  -61.070  -8.641 0.4000000060
16460  39.670  -61.225  -8.498 0.5000000000
16465  34.320  -61.943  -8.312 0.5000000000
16478  44.428  -61.284  -9.059 0.2000000030
16479  43.845  -61.095  -9.497 0.2000000030
16482  40.309  -61.594  -9.297 0.3000000119
16486  32.937  -61.379  -9.448 0.5000000000
16487  32.305  -60.708  -9.440 0.5000000000
16497  44.477  -61.594  -9.932 0.2000000030
16501  34.064  -61.691  -10.694 0.5000000000
16503  32.822  -60.814  -10.043 0.5000000000
16518  34.520  -61.536  -11.335 0.4000000060
16537  35.890  -61.830  -12.705 0.4000000060
16548  36.831  -61.529  -13.683 0.3000000119
16549  36.299  -61.488  -13.301 0.4000000060
16557  38.888  -61.477  -14.781 0.1000000015
16578  39.515  -61.189  -15.256 0.1000000015
16636  43.534  -60.858  -17.915 0.1000000015
17396  36.728  -60.451  -6.554 0.3000000119
17397  35.089  -60.567  -6.667 0.5000000000
17399  33.958  -60.456  -6.707 0.5000000000
17413  43.438  -60.614  -7.559 0.1000000015
17419  35.215  -60.805  -7.029 0.5000000000
17420  34.331  -60.953  -7.136 0.5000000000
17435  43.896  -60.898  -8.274 0.1000000015
17442  37.485  -61.131  -7.788 0.4000000060
17444  31.300  -59.709  -8.450 0.4000000060
17458  43.323  -60.782  -9.032 0.1000000015
17463  31.421  -59.892  -8.987 0.4000000060
17494  33.725  -60.517  -10.997 0.5000000000
17512  36.054  -60.496  -13.121 0.3000000119
17526  36.501  -60.749  -13.563 0.3000000119
17552  40.659  -60.716  -15.988 0.1000000015
17554  39.029  -60.583  -15.326 0.1000000015
17581  41.999  -60.524  -16.389 0.1000000015
17582  41.215  -60.554  -16.236 0.1000000015
17600  44.071  -60.458  -17.439 0.1000000015
18316  30.531  -59.131  -2.129 0.5000000000
18341  42.556  -60.591  -6.537 0.2000000030
18344  40.642  -60.505  -6.640 0.3000000119
18345  36.304  -60.379  -6.053 0.5000000000
18358  40.986  -60.369  -6.851 0.3000000119
18359  40.455  -60.414  -6.858 0.3000000119
18364  32.527  -59.682  -6.585 0.5000000000
18365  31.763  -59.371  -6.866 0.5000000000
18380  41.270  -60.332  -7.161 0.2000000030
18382  40.036  -60.405  -7.017 0.3000000119
18384  35.336  -60.566  -6.672 0.5000000000
18400  41.519  -60.353  -7.585 0.2000000030
18403  39.717  -60.501  -7.226 0.3000000119
18405  30.686  -58.626  -8.367 0.4000000060
18455  36.750  -59.401  -13.094 0.3000000119
18457  35.297  -60.078  -12.409 0.4000000060
18470  38.265  -59.401  -14.147 0.2000000030
18485  39.440  -59.427  -15.054 0.1000000015
18486  38.522  -59.922  -14.912 0.2000000030
18503  45.342  -59.057  -15.759 0.1000000015
18507  41.423  -59.484  -16.178 0.1000000015
18509  39.812  -59.780  -15.608 0.1000000015
18526  45.552  -58.998  -15.969 0.1000000015
18527  45.127  -59.486  -16.242 0.1000000015
18547  45.214  -59.621  -17.164 0.1000000015
18570  44.396  -58.824  -19.091 0.1000000015
18588  43.668  -59.099  -20.794 0.1000000015
18621  38.727  -59.280  -22.248 0.1000000015
19288  30.815  -58.570  -3.539 0.5000000000
19289  30.347  -58.468  -2.978 0.5000000000
19322  30.797  -58.501  -7.443 0.5000000000
19323  30.515  -58.262  -8.116 0.4000000060
19335  31.011  -58.759  -9.056 0.4000000060
19336  30.763  -58.336  -8.813 0.4000000060
19348  32.144  -58.437  -10.043 0.5000000000
19365  34.917  -58.128  -11.264 0.5000000000
19367  32.956  -58.281  -10.457 0.5000000000
19382  35.549  -58.465  -11.785 0.5000000000
19384  33.776  -59.255  -11.183 0.5000000000
19406  41.929  -58.069  -13.036 0.1000000015
19410  37.317  -59.213  -13.264 0.3000000119
19424  39.457  -59.069  -14.501 0.1000000015
19437  45.398  -58.564  -15.497 0.1000000015
19442  40.584  -59.167  -15.516 0.1000000015
19449  45.809  -58.583  -16.104 0.1000000015
19465  38.528  -58.352  -18.696 0.2000000030
19479  39.543  -58.455  -19.390 0.1000000015
19508  44.300  -57.909  -20.684 0.1000000015
19532  40.214  -58.532  -21.707 0.1000000015
19534  38.402  -58.528  -21.973 0.1000000015
20284  30.835  -58.188  -6.974 0.5000000000
20313  34.185  -57.072  -10.415 0.4000000060
20317  30.909  -57.137  -9.145 0.4000000060
20334  35.633  -57.540  -11.133 0.5000000000
20349  39.891  -57.088  -11.841 0.2000000030
20350  39.070  -57.178  -11.700 0.3000000119
20351  38.246  -57.351  -11.612 0.3000000119
20363  42.015  -57.381  -12.588 0.1000000015
20364  41.243  -57.441  -12.351 0.1000000015
20394  45.429  -58.219  -15.390 0.1000000015
20398  37.534  -57.275  -16.153 0.2000000030
20407  40.133  -56.915  -17.000 0.1000000015
20408  39.176  -57.334  -16.597 0.2000000030
20419  45.786  -57.966  -16.472 0.1000000015
20421  40.625  -56.939  -17.679 0.1000000015
20434  45.590  -57.957  -17.342 0.1000000015
20439  37.831  -58.094  -19.022 0.1000000015
20484  38.381  -58.417  -21.682 0.1000000015
21225  30.432  -56.485  0.081 0.3000000119
21324  29.814  -55.888  -4.001 0.5000000000
21338  30.318  -56.550  -5.482 0.5000000000
21393  30.686  -56.771  -8.886 0.4000000060
21408  37.189  -56.380  -10.612 0.4000000060
21411  34.724  -56.807  -10.434 0.4000000060
21418  41.273  -56.656  -12.286 0.1000000015
21420  39.756  -56.564  -11.451 0.3000000119
21442  42.113  -56.180  -13.707 0.1000000015
21456  41.915  -55.783  -14.398 0.2000000030
21458  38.079  -55.959  -14.813 0.3000000119
21461  35.078  -56.252  -14.960 0.2000000030
21473  39.553  -55.648  -15.890 0.3000000119
21475  37.804  -56.760  -15.394 0.2000000030
21478  34.355  -56.334  -15.640 0.1000000015
21479  33.610  -56.130  -15.850 0.1000000015
21490  42.807  -55.246  -16.676 0.1000000015
21491  40.376  -56.224  -16.943 0.2000000030
21493  39.241  -56.693  -16.038 0.2000000030
21496  33.886  -56.346  -16.564 0.1000000015
21509  43.718  -56.264  -17.687 0.2000000030
21513  34.987  -56.589  -17.873 0.1000000015
21523  44.583  -56.870  -19.060 0.2000000030
21528  35.598  -56.661  -19.132 0.1000000015
21532  44.564  -57.010  -19.803 0.2000000030
21534  43.333  -56.414  -19.908 0.1000000015
21548  44.573  -57.266  -20.040 0.1000000015
21549  44.353  -57.048  -20.338 0.1000000015
22246  33.728  -54.915  5.702 0.1000000015
22270  36.323  -55.306  3.647 0.1000000015
22313  31.806  -55.043  0.933 0.1000000015
22402  29.338  -54.900  -3.433 0.5000000000
22459  29.628  -55.073  -5.814 0.5000000000
22469  29.668  -55.170  -6.382 0.5000000000
22501  35.603  -55.973  -10.225 0.4000000060
22522  39.701  -55.284  -10.798 0.3000000119
22569  36.132  -55.263  -13.656 0.3000000119
22570  35.132  -55.142  -13.640 0.3000000119
22586  35.486  -55.873  -14.181 0.2000000030
22588  33.444  -55.164  -14.714 0.1000000015
22597  42.308  -54.500  -15.662 0.2000000030
22598  39.449  -55.053  -15.707 0.3000000119
22601  33.108  -55.436  -15.477 0.1000000015
22610  42.915  -55.275  -17.165 0.2000000030
22612  40.476  -55.310  -16.888 0.2000000030
22615  32.435  -55.033  -16.214 0.1000000015
22625  41.844  -55.121  -17.988 0.2000000030
22628  32.926  -55.678  -17.223 0.1000000015
22629  32.387  -55.192  -17.041 0.1000000015
22640  43.036  -55.732  -18.287 0.3000000119
23393  37.239  -54.665  6.084 0.1000000015
23414  34.918  -54.847  4.780 0.1000000015
23434  38.065  -54.240  4.719 0.1000000015
23535  28.669  -53.980  -1.465 0.4000000060
23581  29.141  -54.434  -3.173 0.5000000000
23650  29.690  -54.335  -7.455 0.5000000000
23682  35.405  -54.827  -10.414 0.4000000060
23683  34.720  -54.734  -10.273 0.4000000060
23701  40.221  -54.598  -11.679 0.4000000060
23725  40.335  -54.458  -12.586 0.3000000119
23746  40.537  -54.124  -13.444 0.2000000030
23760  40.904  -53.761  -13.977 0.2000000030
23762  35.868  -54.374  -13.383 0.3000000119
23764  34.073  -54.258  -13.674 0.2000000030
23775  41.692  -54.058  -14.882 0.2000000030
23776  41.307  -53.826  -14.444 0.2000000030
23777  38.770  -54.058  -14.959 0.2000000030
23779  34.026  -54.865  -13.996 0.3000000119
23781  33.062  -54.293  -14.681 0.2000000030
23793  39.336  -54.155  -15.580 0.2000000030
23795  32.717  -54.492  -15.253 0.1000000015
23804  42.701  -53.902  -16.599 0.2000000030
23805  40.815  -54.264  -17.207 0.2000000030
23806  40.298  -54.267  -16.648 0.3000000119
23807  32.384  -54.351  -15.985 0.1000000015
23814  42.551  -53.979  -17.188 0.2000000030
24624  38.497  -54.014  3.376 0.1000000015
24676  31.800  -54.261  0.742 0.2000000030
24689  28.626  -53.752  -0.911 0.4000000060
24699  28.639  -53.575  -1.284 0.4000000060
24772  34.797  -53.831  -4.430 0.1000000015
24803  34.146  -52.958  -5.952 0.1000000015
24842  29.821  -53.129  -8.152 0.4000000060
24859  31.869  -53.298  -9.426 0.4000000060
24875  39.905  -53.957  -11.400 0.4000000060
24882  34.169  -53.339  -10.316 0.4000000060
24898  39.759  -53.359  -11.552 0.4000000060
24931  33.757  -53.474  -13.610 0.2000000030
24945  39.658  -52.590  -15.489 0.2000000030
24948  33.228  -53.613  -14.280 0.1000000015
24949  32.846  -53.851  -14.914 0.1000000015
24957  42.552  -53.454  -16.341 0.2000000030
24958  42.264  -53.031  -15.929 0.2000000030
24960  39.911  -53.101  -15.927 0.2000000030
24974  41.777  -52.900  -16.695 0.2000000030
24987  42.153  -53.442  -17.209 0.2000000030
24988  41.555  -53.490  -17.322 0.2000000030
25916  28.618  -53.376  -1.043 0.3000000119
25989  34.272  -52.962  -4.500 0.1000000015
26019  34.147  -52.783  -6.150 0.1000000015
26029  34.346  -52.419  -6.353 0.1000000015
26041  29.847  -52.065  -7.984 0.5000000000
26053  31.771  -52.279  -9.144 0.4000000060
26090  39.218  -52.755  -10.874 0.5000000000
26111  39.807  -53.030  -11.911 0.4000000060
26124  39.881  -51.758  -12.364 0.4000000060
26125  35.555  -51.939  -12.629 0.2000000030
26127  34.474  -52.129  -12.770 0.1000000015
26140  38.271  -51.567  -14.074 0.2000000030
26144  34.013  -52.647  -13.167 0.3000000119
26163  39.508  -52.177  -15.202 0.2000000030
26165  38.076  -52.783  -14.123 0.3000000119
26179  41.600  -52.396  -15.916 0.2000000030
26181  39.954  -52.225  -15.593 0.2000000030
26194  40.806  -52.576  -16.376 0.2000000030
26195  33.115  -52.179  -16.804 0.1000000015
26966  32.274  -51.280  4.318 0.1000000015
27175  29.877  -51.585  -7.644 0.4000000060
27176  29.621  -51.607  -7.094 0.4000000060
27227  36.128  -51.515  -10.663 0.4000000060
27228  35.111  -51.530  -10.612 0.4000000060
27261  39.979  -51.056  -12.580 0.3000000119
27262  35.458  -51.511  -12.573 0.2000000030
27263  34.621  -51.486  -12.582 0.1000000015
27264  33.835  -51.667  -13.061 0.1000000015
27276  40.640  -51.304  -14.128 0.3000000119
27278  36.885  -51.218  -13.229 0.2000000030
27281  33.353  -51.724  -13.893 0.2000000030
27309  40.129  -51.754  -15.358 0.3000000119
27325  34.566  -51.144  -16.698 0.1000000015
28148  32.889  -50.386  5.058 0.1000000015
28150  32.002  -50.537  4.213 0.1000000015
28169  32.096  -50.046  4.154 0.1000000015
28209  29.835  -50.814  1.299 0.1000000015
28232  29.814  -50.020  -0.203 0.1000000015
28301  29.425  -50.793  -3.707 0.2000000030
28350  32.560  -50.280  -5.440 0.2000000030
28393  29.864  -51.217  -7.351 0.4000000060
28403  34.513  -49.966  -8.500 0.3000000119
28405  31.007  -50.949  -8.262 0.4000000060
28406  30.562  -51.253  -8.187 0.5000000000
28419  35.252  -50.169  -9.840 0.3000000119
28460  39.360  -50.468  -11.521 0.4000000060
28478  35.682  -50.840  -12.645 0.2000000030
28481  33.727  -51.077  -13.196 0.1000000015
28496  33.802  -50.168  -13.073 0.1000000015
28497  33.542  -50.644  -13.590 0.1000000015
28510  39.784  -50.307  -14.578 0.3000000119
28511  39.075  -49.879  -14.338 0.3000000119
28537  35.283  -50.623  -17.074 0.1000000015
29391  33.822  -49.951  5.930 0.1000000015
29401  32.459  -49.729  4.310 0.1000000015
29536  29.888  -49.275  -2.600 0.1000000015
29577  35.510  -49.940  -4.892 0.1000000015
29603  31.908  -49.464  -5.496 0.2000000030
29636  31.208  -49.770  -6.336 0.2000000030
29667  35.665  -49.052  -8.705 0.4000000060
29677  37.586  -49.556  -10.290 0.4000000060
29678  37.277  -49.347  -10.143 0.4000000060
29679  36.368  -49.248  -9.543 0.4000000060
29690  38.486  -49.741  -10.854 0.3000000119
29692  37.555  -49.165  -10.399 0.3000000119
29726  40.106  -49.885  -12.869 0.3000000119
29728  34.993  -50.117  -12.617 0.1000000015
29729  34.576  -50.325  -12.632 0.2000000030
29744  40.337  -49.872  -13.486 0.3000000119
29747  37.769  -49.241  -13.643 0.3000000119
29750  34.365  -49.712  -12.781 0.1000000015
29764  40.444  -49.983  -13.890 0.3000000119
29793  33.910  -49.446  -16.231 0.1000000015
30622  35.140  -48.139  1.726 0.1000000015
30804  36.672  -48.831  -4.386 0.1000000015
30889  37.340  -48.967  -10.282 0.3000000119
30899  37.969  -49.091  -10.855 0.3000000119
30900  37.582  -48.782  -10.724 0.3000000119
30916  38.298  -48.986  -11.327 0.3000000119
30917  37.617  -48.024  -11.635 0.2000000030
30918  36.825  -47.545  -11.564 0.2000000030
30933  38.900  -49.055  -11.962 0.2000000030
30947  38.791  -48.514  -13.400 0.3000000119
30948  38.089  -48.500  -13.579 0.3000000119
30950  36.135  -48.595  -13.171 0.2000000030
30966  39.644  -48.894  -13.538 0.3000000119
30967  39.456  -48.941  -13.970 0.3000000119
30968  33.178  -48.680  -13.828 0.1000000015
31001  34.726  -48.492  -16.960 0.1000000015
32003  38.303  -48.016  -4.462 0.1000000015
32069  35.354  -47.957  -8.336 0.2000000030
32098  36.151  -47.771  -10.395 0.2000000030
32100  34.766  -47.019  -9.736 0.2000000030
32121  37.040  -47.400  -12.191 0.2000000030
32141  36.221  -47.196  -12.615 0.2000000030
32144  33.471  -46.872  -12.939 0.1000000015
32163  37.618  -47.952  -13.370 0.3000000119
32198  32.956  -47.590  -15.021 0.1000000015
32210  34.628  -46.809  -16.777 0.1000000015
32227  34.726  -48.013  -16.925 0.1000000015
33134  36.221  -46.999  -4.675 0.1000000015
33228  34.955  -46.598  -11.163 0.2000000030
33229  34.585  -46.498  -10.575 0.2000000030
33241  35.376  -46.751  -11.691 0.2000000030
33257  35.962  -46.957  -12.223 0.2000000030
33259  34.696  -46.669  -12.262 0.2000000030
33281  32.978  -46.481  -13.409 0.1000000015
33282  32.741  -46.204  -13.736 0.1000000015
33321  33.591  -46.740  -16.055 0.1000000015
33335  35.464  -45.950  -17.249 0.1000000015
34313  34.739  -45.365  -7.179 0.1000000015
34429  32.741  -45.903  -13.620 0.1000000015
34445  32.658  -46.070  -14.039 0.1000000015
34473  33.718  -46.111  -16.162 0.1000000015
34486  35.580  -45.195  -17.066 0.1000000015
35523  33.178  -44.485  -12.156 0.1000000015
35560  32.729  -45.465  -13.966 0.1000000015
35571  34.180  -44.589  -15.920 0.1000000015
35572  33.593  -44.629  -15.397 0.1000000015
35586  35.378  -44.536  -16.631 0.1000000015
36678  34.794  -44.140  -16.093 0.1000000015
