#!ascii label  , from subject sub-THP0005 vox2ras=TkReg
292
19274  30.179  -58.505  -2.297 0.0000000000
15592  35.854  -62.571  -11.694 0.0000000000
15433  36.974  -62.251  -1.774 0.0000000000
18362  34.417  -60.221  -6.220 0.0000000000
17382  41.566  -60.807  -6.076 0.0000000000
15465  39.332  -62.745  -3.461 0.0000000000
15446  42.175  -62.476  -2.441 0.0000000000
16464  35.226  -62.028  -8.204 0.0000000000
18417  31.284  -59.261  -9.171 0.0000000000
16380  32.524  -61.307  -1.689 0.0000000000
17360  35.089  -61.668  -4.331 0.0000000000
17395  37.672  -60.567  -6.534 0.0000000000
16461  38.609  -61.407  -8.349 0.0000000000
17436  43.178  -60.545  -8.308 0.0000000000
21239  30.050  -56.574  -0.192 0.0000000000
17319  32.359  -59.762  -0.023 0.0000000000
17333  34.799  -60.656  0.032 0.0000000000
20285  30.401  -57.605  -7.439 0.0000000000
15430  41.703  -62.539  -1.556 0.0000000000
15541  36.044  -62.661  -9.738 0.0000000000
16502  33.455  -61.294  -10.365 0.0000000000
15436  34.438  -62.347  -1.874 0.0000000000
15468  35.900  -62.803  -3.336 0.0000000000
16412  40.789  -61.913  -4.956 0.0000000000
15497  38.265  -62.304  -5.125 0.0000000000
17384  39.290  -61.037  -6.036 0.0000000000
17416  38.385  -60.580  -7.133 0.0000000000
18381  40.647  -60.359  -7.094 0.0000000000
16481  41.742  -61.210  -9.319 0.0000000000
18265  33.158  -59.728  1.282 0.0000000000
17318  32.980  -59.973  0.364 0.0000000000
17317  34.219  -60.225  0.931 0.0000000000
18349  33.086  -59.510  -5.584 0.0000000000
19311  31.953  -59.198  -6.485 0.0000000000
21391  32.132  -56.174  -9.674 0.0000000000
21392  31.184  -56.485  -9.276 0.0000000000
16374  38.717  -62.114  -1.262 0.0000000000
15450  37.666  -62.594  -2.358 0.0000000000
15448  39.776  -62.494  -2.535 0.0000000000
15464  40.468  -62.515  -3.372 0.0000000000
15477  42.155  -61.926  -4.149 0.0000000000
16448  34.775  -61.477  -7.624 0.0000000000
17422  32.433  -60.554  -7.515 0.0000000000
16466  33.436  -61.705  -8.609 0.0000000000
18431  32.297  -59.189  -10.231 0.0000000000
16536  36.574  -62.153  -13.173 0.0000000000
17353  31.447  -60.260  -2.583 0.0000000000
18330  34.049  -60.565  -4.534 0.0000000000
18336  35.333  -60.524  -5.304 0.0000000000
15481  37.469  -62.635  -4.557 0.0000000000
17372  36.855  -61.245  -5.439 0.0000000000
18360  35.948  -60.429  -6.424 0.0000000000
16446  36.653  -61.214  -7.751 0.0000000000
16462  37.373  -61.635  -8.359 0.0000000000
15539  38.201  -62.446  -9.644 0.0000000000
18356  42.303  -60.395  -6.904 0.0000000000
17438  41.281  -60.448  -8.095 0.0000000000
15538  39.317  -62.319  -9.904 0.0000000000
15590  37.961  -63.147  -11.374 0.0000000000
21260  29.224  -56.278  -1.386 0.0000000000
20216  29.921  -57.530  -0.984 0.0000000000
19244  30.956  -58.238  -0.225 0.0000000000
18297  31.049  -59.454  -1.353 0.0000000000
16365  32.402  -60.892  -1.132 0.0000000000
16363  34.171  -61.354  -0.569 0.0000000000
16362  35.289  -61.250  -0.523 0.0000000000
17315  36.198  -61.056  0.606 0.0000000000
16360  37.249  -61.477  -0.375 0.0000000000
18387  30.688  -58.815  -7.991 0.0000000000
21275  29.680  -57.078  -2.794 0.0000000000
20245  30.156  -57.730  -3.235 0.0000000000
15568  35.477  -62.656  -10.610 0.0000000000
15593  35.060  -62.252  -11.278 0.0000000000
15434  36.153  -62.293  -1.706 0.0000000000
15452  35.600  -62.659  -2.398 0.0000000000
15451  36.545  -62.721  -2.440 0.0000000000
16427  41.117  -61.335  -5.539 0.0000000000
16428  39.952  -61.667  -5.455 0.0000000000
17383  40.540  -60.859  -6.150 0.0000000000
17393  39.873  -60.584  -6.633 0.0000000000
18343  41.231  -60.510  -6.526 0.0000000000
16498  43.530  -61.656  -10.159 0.0000000000
18348  34.032  -60.033  -5.627 0.0000000000
18363  33.584  -59.932  -6.275 0.0000000000
22505  32.222  -55.088  -9.594 0.0000000000
16387  39.211  -62.300  -1.863 0.0000000000
16373  39.558  -62.312  -1.238 0.0000000000
15447  40.874  -62.444  -2.231 0.0000000000
15463  41.636  -62.366  -3.311 0.0000000000
15462  42.797  -62.098  -3.397 0.0000000000
16449  33.872  -61.460  -7.738 0.0000000000
15522  34.011  -62.198  -8.976 0.0000000000
17477  33.179  -60.335  -10.573 0.0000000000
18430  33.118  -59.344  -10.736 0.0000000000
20337  33.164  -57.591  -10.339 0.0000000000
17352  32.013  -61.009  -2.581 0.0000000000
16390  32.822  -61.636  -2.617 0.0000000000
18329  34.867  -60.873  -4.715 0.0000000000
15466  38.168  -62.938  -3.441 0.0000000000
17385  37.934  -61.083  -5.878 0.0000000000
17371  37.467  -61.465  -5.498 0.0000000000
17386  36.964  -60.579  -5.939 0.0000000000
18335  36.154  -60.652  -5.581 0.0000000000
17418  36.158  -60.697  -7.091 0.0000000000
17440  39.296  -60.781  -7.641 0.0000000000
17441  38.074  -61.036  -7.738 0.0000000000
16485  37.607  -62.220  -9.062 0.0000000000
16484  38.179  -61.952  -8.862 0.0000000000
15511  43.401  -62.379  -7.266 0.0000000000
17412  43.860  -61.019  -7.599 0.0000000000
16435  43.819  -61.164  -7.046 0.0000000000
17391  43.623  -60.883  -6.924 0.0000000000
17414  42.696  -60.394  -7.478 0.0000000000
18379  41.935  -60.328  -7.299 0.0000000000
17437  42.155  -60.359  -8.035 0.0000000000
16500  41.186  -62.052  -10.055 0.0000000000
15537  40.196  -62.283  -10.158 0.0000000000
15565  38.563  -62.836  -10.608 0.0000000000
15589  38.784  -63.079  -11.527 0.0000000000
22333  29.169  -55.560  -0.657 0.0000000000
21240  29.525  -56.427  -0.684 0.0000000000
20217  29.499  -56.969  -1.221 0.0000000000
20202  29.804  -56.976  -0.671 0.0000000000
18267  31.455  -58.689  0.167 0.0000000000
18281  31.408  -58.994  -0.349 0.0000000000
19259  30.935  -58.792  -0.781 0.0000000000
18280  31.855  -59.628  -0.447 0.0000000000
18296  31.750  -60.018  -0.968 0.0000000000
17334  33.633  -60.576  -0.122 0.0000000000
15402  37.010  -62.177  0.731 0.0000000000
17314  36.753  -61.274  0.348 0.0000000000
17330  37.013  -61.241  0.096 0.0000000000
17443  31.778  -60.415  -8.619 0.0000000000
17423  31.636  -60.045  -7.840 0.0000000000
18404  30.901  -59.030  -8.512 0.0000000000
21372  30.750  -56.160  -8.925 0.0000000000
15520  35.639  -62.402  -8.940 0.0000000000
15543  34.272  -62.345  -9.650 0.0000000000
16379  33.576  -61.968  -1.619 0.0000000000
16389  33.622  -62.152  -2.765 0.0000000000
15454  34.319  -62.426  -2.571 0.0000000000
15483  35.810  -62.537  -3.954 0.0000000000
15479  39.962  -62.407  -4.472 0.0000000000
15480  38.734  -62.723  -4.419 0.0000000000
15496  39.142  -62.251  -5.089 0.0000000000
16429  38.737  -61.697  -5.555 0.0000000000
17394  38.737  -60.641  -6.524 0.0000000000
17415  39.324  -60.460  -7.015 0.0000000000
18402  40.170  -60.486  -7.386 0.0000000000
17459  42.549  -60.681  -8.835 0.0000000000
16480  42.945  -61.158  -9.508 0.0000000000
16499  42.397  -61.868  -10.063 0.0000000000
18266  32.037  -59.206  0.627 0.0000000000
19301  32.186  -58.987  -6.000 0.0000000000
19312  31.432  -58.681  -6.688 0.0000000000
19349  31.410  -58.279  -9.524 0.0000000000
19350  30.939  -57.702  -9.189 0.0000000000
20316  31.481  -57.201  -9.516 0.0000000000
22506  31.310  -55.450  -9.290 0.0000000000
16375  37.742  -61.953  -1.339 0.0000000000
16388  38.430  -62.268  -1.862 0.0000000000
15449  38.766  -62.571  -2.568 0.0000000000
15478  41.146  -62.225  -4.222 0.0000000000
17398  34.712  -60.541  -6.675 0.0000000000
17400  33.193  -60.299  -6.833 0.0000000000
17421  33.458  -60.875  -7.250 0.0000000000
16467  32.550  -61.149  -8.553 0.0000000000
17462  31.788  -59.871  -9.569 0.0000000000
15544  33.593  -61.931  -9.549 0.0000000000
17478  32.517  -60.087  -10.171 0.0000000000
18416  31.708  -59.028  -9.783 0.0000000000
20315  32.492  -57.410  -10.010 0.0000000000
21390  33.270  -56.300  -9.968 0.0000000000
15609  36.458  -62.568  -12.468 0.0000000000
18315  30.875  -59.520  -2.559 0.0000000000
19273  30.509  -58.877  -2.712 0.0000000000
18337  34.514  -60.272  -5.119 0.0000000000
18347  34.873  -60.273  -5.739 0.0000000000
15482  36.377  -62.623  -4.134 0.0000000000
15498  37.694  -62.210  -5.157 0.0000000000
16414  36.539  -62.026  -4.874 0.0000000000
17373  35.790  -61.268  -4.963 0.0000000000
18346  35.657  -60.345  -5.890 0.0000000000
18361  35.213  -60.398  -6.362 0.0000000000
18383  35.583  -60.553  -6.699 0.0000000000
16447  35.706  -61.344  -7.651 0.0000000000
17417  37.288  -60.742  -7.326 0.0000000000
16445  37.200  -61.163  -7.796 0.0000000000
16463  36.195  -61.832  -8.302 0.0000000000
15519  36.584  -62.282  -8.964 0.0000000000
15540  37.089  -62.622  -9.621 0.0000000000
15567  36.471  -62.904  -10.654 0.0000000000
16410  42.532  -61.504  -4.855 0.0000000000
15510  43.745  -62.044  -7.168 0.0000000000
17381  42.371  -60.827  -6.096 0.0000000000
18342  41.954  -60.507  -6.487 0.0000000000
18357  41.613  -60.373  -6.855 0.0000000000
18401  40.889  -60.384  -7.533 0.0000000000
17439  40.369  -60.673  -8.078 0.0000000000
17460  41.753  -60.637  -8.613 0.0000000000
17461  40.964  -60.871  -8.697 0.0000000000
16483  39.054  -61.843  -9.075 0.0000000000
15566  37.545  -62.978  -10.573 0.0000000000
15591  37.014  -63.103  -11.758 0.0000000000
14682  37.398  -63.041  -12.251 0.0000000000
23534  28.829  -54.347  -1.990 0.0000000000
23519  28.725  -54.462  -1.011 0.0000000000
22354  28.968  -55.366  -1.693 0.0000000000
20228  29.354  -56.808  -1.749 0.0000000000
20227  29.617  -57.526  -1.997 0.0000000000
20192  30.958  -57.520  0.466 0.0000000000
20201  30.215  -57.201  -0.418 0.0000000000
19245  30.419  -57.767  -0.582 0.0000000000
19260  30.394  -58.385  -1.229 0.0000000000
18298  30.482  -58.917  -1.742 0.0000000000
17344  31.143  -60.054  -1.999 0.0000000000
17343  31.758  -60.510  -1.572 0.0000000000
17335  32.447  -60.352  -0.562 0.0000000000
16364  33.049  -61.202  -0.834 0.0000000000
16378  34.742  -62.030  -1.049 0.0000000000
16377  35.762  -61.833  -1.045 0.0000000000
17332  35.813  -60.820  0.041 0.0000000000
16361  36.276  -61.242  -0.525 0.0000000000
16376  36.715  -61.726  -1.151 0.0000000000
18385  31.875  -59.834  -7.233 0.0000000000
18386  31.235  -59.295  -7.593 0.0000000000
20299  30.565  -57.495  -8.583 0.0000000000
21373  30.355  -56.556  -8.273 0.0000000000
15435  35.265  -62.355  -1.683 0.0000000000
15437  33.955  -62.296  -2.196 0.0000000000
15453  34.891  -62.548  -2.308 0.0000000000
15518  37.164  -62.221  -8.982 0.0000000000
15521  34.729  -62.392  -8.925 0.0000000000
15542  35.079  -62.637  -9.719 0.0000000000
15564  39.553  -62.735  -10.759 0.0000000000
15570  33.911  -62.011  -10.197 0.0000000000
16349  36.633  -61.667  0.719 0.0000000000
16398  35.308  -62.367  -3.849 0.0000000000
16413  37.277  -61.922  -5.238 0.0000000000
16415  35.782  -62.117  -4.395 0.0000000000
16430  37.876  -61.781  -5.449 0.0000000000
16436  43.712  -61.436  -6.765 0.0000000000
16443  43.953  -61.427  -7.469 0.0000000000
16444  43.879  -61.659  -7.233 0.0000000000
16450  33.079  -61.276  -7.859 0.0000000000
16459  40.333  -61.070  -8.641 0.0000000000
16460  39.670  -61.225  -8.498 0.0000000000
16465  34.320  -61.943  -8.312 0.0000000000
16479  43.845  -61.095  -9.497 0.0000000000
16482  40.309  -61.594  -9.297 0.0000000000
16486  32.937  -61.379  -9.448 0.0000000000
16487  32.305  -60.708  -9.440 0.0000000000
16503  32.822  -60.814  -10.043 0.0000000000
16518  34.520  -61.536  -11.335 0.0000000000
16537  35.890  -61.830  -12.705 0.0000000000
16549  36.299  -61.488  -13.301 0.0000000000
17331  36.603  -61.048  0.029 0.0000000000
17390  43.865  -61.037  -7.240 0.0000000000
17396  36.728  -60.451  -6.554 0.0000000000
17397  35.089  -60.567  -6.667 0.0000000000
17399  33.958  -60.456  -6.707 0.0000000000
17413  43.438  -60.614  -7.559 0.0000000000
17419  35.215  -60.805  -7.029 0.0000000000
17420  34.331  -60.953  -7.136 0.0000000000
17442  37.485  -61.131  -7.788 0.0000000000
17444  31.300  -59.709  -8.450 0.0000000000
17458  43.323  -60.782  -9.032 0.0000000000
17463  31.421  -59.892  -8.987 0.0000000000
18316  30.531  -59.131  -2.129 0.0000000000
18341  42.556  -60.591  -6.537 0.0000000000
18344  40.642  -60.505  -6.640 0.0000000000
18345  36.304  -60.379  -6.053 0.0000000000
18358  40.986  -60.369  -6.851 0.0000000000
18359  40.455  -60.414  -6.858 0.0000000000
18364  32.527  -59.682  -6.585 0.0000000000
18365  31.763  -59.371  -6.866 0.0000000000
18380  41.270  -60.332  -7.161 0.0000000000
18382  40.036  -60.405  -7.017 0.0000000000
18384  35.336  -60.566  -6.672 0.0000000000
18400  41.519  -60.353  -7.585 0.0000000000
18403  39.717  -60.501  -7.226 0.0000000000
18405  30.686  -58.626  -8.367 0.0000000000
19289  30.347  -58.468  -2.978 0.0000000000
19322  30.797  -58.501  -7.443 0.0000000000
19323  30.515  -58.262  -8.116 0.0000000000
19335  31.011  -58.759  -9.056 0.0000000000
19336  30.763  -58.336  -8.813 0.0000000000
19348  32.144  -58.437  -10.043 0.0000000000
19367  32.956  -58.281  -10.457 0.0000000000
20284  30.835  -58.188  -6.974 0.0000000000
20317  30.909  -57.137  -9.145 0.0000000000
21393  30.686  -56.771  -8.886 0.0000000000
