#!ascii label  , from subject sub-THP0005 vox2ras=TkReg
654
53485  16.707  -28.582  -23.349 0.1428571492
53486  15.844  -28.568  -23.269 0.1428571492
55838  15.840  -26.529  -23.431 0.1428571492
52435  17.569  -29.463  -23.207 0.1428571492
55837  16.454  -26.683  -23.226 0.2857142985
54626  16.167  -27.605  -23.320 0.1428571492
54624  17.358  -27.941  -22.790 0.1428571492
57076  16.147  -24.837  -24.085 0.5714285970
57057  16.742  -26.092  -23.082 0.1428571492
57055  17.882  -24.892  -22.126 0.2857142985
57056  17.278  -25.506  -22.616 0.2857142985
59309  18.580  -23.474  -22.549 0.1428571492
58170  17.835  -24.385  -22.558 0.2857142985
61782  19.271  -21.684  -24.636 0.2857142985
60530  18.997  -22.169  -24.045 0.1428571492
62968  20.959  -20.121  -25.959 0.2857142985
62940  20.569  -20.751  -24.636 0.2857142985
62982  21.029  -20.058  -26.834 0.2857142985
64179  21.890  -19.328  -28.127 0.2857142985
64239  23.143  -19.077  -30.176 0.8571428657
64211  22.528  -19.323  -29.715 0.4285714328
64171  22.228  -18.913  -27.379 0.2857142985
65491  24.036  -17.984  -31.333 0.7142857313
65467  23.433  -18.658  -30.880 0.7142857313
64240  22.462  -19.253  -30.533 0.7142857313
66778  24.922  -16.602  -32.708 0.8571428657
66756  24.257  -17.163  -31.948 0.5714285970
66757  23.646  -16.938  -32.240 0.8571428657
65492  23.424  -17.880  -31.553 0.7142857313
67963  25.571  -15.820  -34.383 0.4285714328
66788  24.975  -16.407  -33.683 0.7142857313
66779  24.422  -16.524  -32.937 0.8571428657
69078  26.677  -14.975  -35.485 0.2857142985
69092  26.156  -14.678  -36.009 0.5714285970
66797  24.864  -16.037  -34.353 0.8571428657
66789  24.504  -16.164  -33.831 0.8571428657
68004  27.838  -15.887  -37.973 0.1428571492
69090  27.792  -15.070  -36.296 0.1428571492
69091  26.772  -15.169  -36.328 0.4285714328
69079  25.840  -15.108  -35.330 0.5714285970
67969  24.996  -15.473  -34.827 0.8571428657
73847  26.453  -12.417  -37.428 0.1428571492
70184  28.681  -14.622  -38.392 0.1428571492
70186  26.966  -14.628  -38.141 0.1428571492
70169  26.224  -14.664  -36.705 0.4285714328
69080  24.769  -15.025  -35.049 0.8571428657
75079  26.122  -10.981  -38.044 0.1428571492
73857  26.746  -11.938  -37.769 0.1428571492
73848  26.145  -11.924  -37.247 0.1428571492
72564  26.256  -13.024  -37.184 0.1428571492
72553  25.909  -12.820  -36.803 0.4285714328
71318  25.682  -13.841  -35.906 0.5714285970
71319  25.400  -13.726  -35.531 0.7142857313
69067  24.605  -14.774  -34.800 0.8571428657
75068  25.920  -11.213  -37.475 0.1428571492
75069  25.480  -10.723  -37.421 0.1428571492
73838  25.663  -11.834  -36.539 0.1428571492
73830  25.339  -11.759  -35.575 0.5714285970
71307  25.110  -13.466  -34.779 0.8571428657
70146  24.848  -14.388  -34.813 0.8571428657
71308  24.674  -14.058  -34.373 0.8571428657
76256  24.686  -9.812  -36.996 0.1428571492
75057  25.468  -10.767  -36.315 0.1428571492
76231  25.039  -9.860  -35.005 0.8571428657
72543  25.385  -12.742  -35.613 0.8571428657
73819  25.089  -11.711  -34.670 0.8571428657
78681  23.640  -7.589  -36.037 0.1428571492
77462  24.533  -9.232  -36.045 0.4285714328
77436  24.455  -8.830  -34.006 0.8571428657
76218  24.486  -9.741  -33.766 0.8571428657
75018  24.493  -10.895  -33.497 0.8571428657
73803  24.756  -11.706  -33.768 0.8571428657
77463  24.150  -8.313  -35.551 0.4285714328
76219  23.769  -9.587  -32.781 0.8571428657
79850  23.470  -6.625  -35.544 0.2857142985
78673  23.935  -7.417  -34.955 0.5714285970
79810  23.543  -6.784  -33.432 0.8571428657
78660  24.026  -7.421  -33.829 0.8571428657
78647  23.619  -7.514  -32.955 0.8571428657
77437  24.057  -8.501  -33.258 0.8571428657
78629  23.057  -7.538  -32.573 0.8571428657
76205  23.318  -8.922  -32.500 0.8571428657
80957  23.227  -5.626  -35.304 0.2857142985
80956  23.462  -6.093  -34.713 0.7142857313
79831  23.672  -6.510  -34.314 0.5714285970
79832  23.453  -6.267  -33.687 0.8571428657
79792  22.648  -6.860  -32.637 0.8571428657
79793  21.869  -6.646  -32.436 0.8571428657
77424  22.707  -8.347  -32.351 0.8571428657
80918  22.847  -5.533  -33.219 0.8571428657
82020  22.655  -4.625  -33.369 0.8571428657
80907  21.817  -6.156  -32.426 0.8571428657
80920  21.069  -5.474  -32.506 0.7142857313
80908  21.414  -6.154  -32.448 0.7142857313
82021  21.667  -4.608  -32.635 0.8571428657
80919  22.162  -5.708  -32.583 0.8571428657
83107  21.135  -3.721  -32.813 0.8571428657
82022  20.560  -4.609  -32.653 0.7142857313
85277  22.011  -2.603  -33.470 0.7142857313
84193  21.591  -3.008  -33.147 0.8571428657
85278  21.339  -2.083  -33.396 0.8571428657
85279  20.236  -2.002  -33.316 0.8571428657
86387  20.728  -1.162  -33.529 0.7142857313
84194  20.695  -2.868  -33.096 0.8571428657
86432  22.393  -0.688  -37.473 0.1428571492
85288  21.576  -1.239  -33.808 0.7142857313
86397  21.216  -0.362  -33.912 0.7142857313
88580  22.383  0.758  -38.161 0.1428571492
87453  21.679  0.435  -34.517 0.5714285970
88542  21.653  1.155  -35.020 0.5714285970
88543  21.014  1.235  -34.626 0.5714285970
88557  21.996  1.355  -35.811 0.1428571492
89678  21.444  2.458  -39.157 0.1428571492
88559  20.579  1.758  -34.901 0.5714285970
90666  21.139  3.072  -38.701 0.1428571492
90675  20.339  3.467  -39.956 0.1428571492
89663  21.682  2.236  -36.900 0.1428571492
90676  19.648  3.933  -40.376 0.1428571492
89654  21.380  2.131  -35.993 0.5714285970
90667  20.599  3.448  -38.914 0.1428571492
90658  19.882  3.681  -37.946 0.1428571492
91639  19.093  4.186  -40.970 0.1428571492
90668  19.483  4.088  -39.147 0.1428571492
52436  16.633  -29.480  -23.318 0.1428571492
52437  15.933  -29.521  -23.027 0.1428571492
55823  16.907  -26.669  -22.784 0.2857142985
54606  17.219  -27.334  -22.641 0.1428571492
57044  17.634  -26.088  -21.935 0.2857142985
61765  19.547  -21.704  -23.851 0.2857142985
60517  19.201  -22.286  -23.435 0.2857142985
60503  18.793  -22.805  -23.113 0.1428571492
63001  21.117  -19.989  -27.742 0.2857142985
64210  23.197  -18.889  -29.516 0.4285714328
64190  21.874  -19.607  -29.098 0.5714285970
65468  22.484  -18.552  -31.142 0.7142857313
67962  26.120  -15.586  -34.456 0.1428571492
66799  23.713  -15.959  -35.038 0.8571428657
70159  25.242  -14.391  -35.196 0.7142857313
75048  25.301  -10.813  -35.296 0.8571428657
72515  24.967  -12.540  -34.134 0.8571428657
75019  23.982  -10.596  -32.840 0.8571428657
82035  23.070  -4.665  -34.592 0.8571428657
84205  22.438  -2.965  -33.798 0.8571428657
85287  22.242  -1.992  -33.996 0.8571428657
86396  22.143  -0.771  -34.478 0.7142857313
87468  22.136  0.726  -35.185 0.2857142985
89653  21.822  1.840  -36.334 0.1428571492
90656  21.356  2.866  -38.439 0.1428571492
90686  19.118  3.163  -41.731 0.1428571492
53469  15.377  -28.836  -22.676 0.1428571492
57066  16.959  -25.035  -23.295 0.4285714328
59310  17.882  -23.817  -23.037 0.2857142985
58181  16.883  -24.709  -23.675 0.2857142985
59321  18.257  -23.262  -23.337 0.1428571492
62925  20.430  -20.988  -24.101 0.2857142985
62955  21.043  -20.268  -25.185 0.2857142985
61799  19.886  -21.094  -24.927 0.2857142985
61800  19.421  -21.313  -25.572 0.2857142985
62956  20.277  -20.674  -25.557 0.2857142985
72573  27.386  -13.020  -37.876 0.1428571492
76257  24.141  -9.234  -37.175 0.1428571492
77471  24.239  -9.216  -36.824 0.2857142985
77472  23.650  -8.580  -36.974 0.1428571492
77448  24.605  -8.986  -34.787 0.8571428657
71294  25.069  -13.042  -34.421 0.8571428657
71295  24.717  -13.441  -33.936 1.0000000000
79859  23.367  -7.089  -36.279 0.1428571492
79851  23.176  -6.116  -36.012 0.1428571492
82056  22.880  -4.708  -35.680 0.2857142985
79795  20.083  -6.750  -32.668 0.8571428657
84215  22.705  -2.840  -34.602 0.5714285970
85298  22.723  -1.808  -35.025 0.5714285970
87452  22.406  0.060  -35.001 0.4285714328
85311  22.688  -1.784  -36.206 0.2857142985
86422  22.602  -0.742  -36.563 0.2857142985
87467  22.544  0.292  -35.886 0.1428571492
88556  22.435  0.872  -36.505 0.1428571492
88569  22.171  1.511  -36.727 0.1428571492
89665  19.918  2.962  -36.234 0.2857142985
88581  22.206  1.594  -37.669 0.1428571492
90657  20.978  3.257  -37.901 0.1428571492
90648  20.270  3.230  -37.076 0.1428571492
89683  20.953  2.913  -39.675 0.1428571492
91632  18.935  4.411  -40.034 0.1428571492
91624  18.686  4.418  -39.290 0.1428571492
91640  18.327  4.550  -40.710 0.1428571492
83136  22.872  -3.786  -35.119 0.4285714328
84225  22.592  -2.943  -35.767 0.4285714328
86409  22.676  -0.753  -35.480 0.5714285970
54625  16.856  -27.641  -23.085 0.1428571492
53487  15.202  -28.090  -22.874 0.1428571492
57067  16.416  -25.444  -23.579 0.5714285970
55822  17.397  -26.680  -22.271 0.1428571492
58180  17.344  -24.460  -23.237 0.1428571492
65493  22.671  -17.650  -31.489 0.7142857313
66780  24.122  -16.197  -33.249 0.8571428657
70170  25.985  -14.361  -36.217 0.5714285970
73837  25.802  -12.395  -36.729 0.2857142985
71342  26.210  -13.674  -37.123 0.1428571492
76246  25.119  -10.038  -35.967 0.5714285970
72532  25.178  -12.567  -34.881 0.8571428657
75033  24.923  -10.784  -34.311 0.8571428657
77449  24.289  -8.210  -34.381 0.8571428657
79811  23.025  -6.222  -33.076 0.8571428657
78648  23.206  -6.954  -32.900 0.8571428657
78630  22.213  -7.578  -32.429 0.8571428657
83105  22.434  -3.628  -33.491 0.8571428657
83106  22.055  -3.734  -32.942 0.8571428657
87489  22.507  0.071  -37.780 0.1428571492
87454  20.661  0.548  -34.088 0.5714285970
89682  21.031  2.127  -40.058 0.1428571492
89664  20.847  2.760  -36.541 0.4285714328
89674  21.241  2.820  -37.272 0.1428571492
90681  20.071  3.201  -40.849 0.1428571492
89687  20.524  2.426  -40.525 0.1428571492
90647  20.843  3.063  -37.170 0.1428571492
61749  19.778  -21.891  -23.260 0.1428571492
83120  22.819  -3.718  -34.114 0.5714285970
58195  17.190  -24.173  -23.882 0.4285714328
62957  19.787  -20.864  -26.187 0.5714285970
61812  19.290  -21.291  -26.480 0.5714285970
60560  18.073  -22.237  -27.103 0.5714285970
60561  17.359  -22.145  -27.382 0.2857142985
61823  19.405  -21.240  -27.388 0.5714285970
61842  18.374  -21.706  -28.332 0.5714285970
60549  17.338  -22.653  -26.460 0.4285714328
61825  16.977  -21.861  -27.604 0.2857142985
60574  17.806  -21.953  -27.987 0.4285714328
63002  20.537  -20.489  -28.285 0.4285714328
61863  19.974  -20.911  -28.915 0.5714285970
61864  19.115  -21.249  -29.140 0.5714285970
61865  18.175  -21.250  -28.865 0.4285714328
63024  20.676  -20.395  -28.947 0.5714285970
63046  20.484  -20.411  -29.544 0.5714285970
64213  20.456  -19.790  -30.165 0.7142857313
64214  19.417  -19.631  -30.230 0.4285714328
64212  21.518  -19.755  -29.920 0.4285714328
61844  16.674  -21.058  -27.900 0.2857142985
61826  16.599  -21.578  -27.526 0.2857142985
63026  18.692  -20.883  -29.402 0.4285714328
63045  21.162  -20.064  -29.252 0.7142857313
64241  21.455  -19.125  -30.623 0.7142857313
64243  19.119  -18.609  -30.557 0.4285714328
66738  21.081  -17.443  -31.117 0.7142857313
66739  20.132  -17.334  -31.063 0.5714285970
66760  19.838  -16.980  -31.334 0.2857142985
65469  21.462  -18.197  -31.049 0.7142857313
65494  22.007  -17.403  -31.356 0.7142857313
67907  20.806  -16.816  -31.188 0.7142857313
67933  21.521  -16.073  -31.403 0.7142857313
67934  20.112  -16.334  -31.410 0.4285714328
69028  20.928  -15.307  -31.438 0.4285714328
67932  23.049  -15.920  -32.086 0.5714285970
69027  22.299  -15.267  -31.705 0.7142857313
70112  23.296  -14.447  -32.018 0.7142857313
70114  20.447  -14.420  -31.626 0.5714285970
71278  21.055  -13.475  -31.661 0.5714285970
67970  24.045  -15.441  -35.287 0.7142857313
67957  23.931  -15.711  -33.602 0.5714285970
69052  23.881  -15.141  -33.286 0.7142857313
69026  23.251  -15.248  -32.138 0.7142857313
70133  23.985  -14.462  -32.944 0.8571428657
71276  23.364  -13.377  -32.033 0.7142857313
72502  21.851  -12.601  -31.680 0.7142857313
72501  22.897  -12.577  -31.843 0.7142857313
72503  20.867  -12.492  -31.940 0.5714285970
69082  23.023  -15.817  -35.411 0.5714285970
71296  24.124  -13.662  -32.829 0.8571428657
72517  23.793  -12.576  -32.440 0.8571428657
73788  22.423  -11.850  -31.816 0.7142857313
73790  20.632  -11.598  -32.270 0.5714285970
75008  19.642  -10.254  -32.936 0.2857142985
76208  20.103  -9.518  -32.648 0.7142857313
72516  24.508  -12.619  -33.280 0.7142857313
73805  23.354  -11.484  -32.162 0.8571428657
75005  22.399  -10.906  -31.965 0.8571428657
77425  21.723  -8.537  -32.367 0.8571428657
76207  21.068  -9.571  -32.344 0.5714285970
77426  20.708  -8.572  -32.496 0.8571428657
77427  19.787  -8.573  -32.737 0.7142857313
76206  22.383  -9.582  -32.216 0.8571428657
78632  20.367  -7.652  -32.595 0.8571428657
78631  21.293  -7.625  -32.447 0.8571428657
78649  19.472  -7.614  -32.852 0.7142857313
82023  19.478  -4.605  -32.962 0.7142857313
82024  18.501  -4.493  -33.328 0.7142857313
83108  20.093  -3.684  -32.868 0.5714285970
82036  17.654  -4.430  -33.738 0.7142857313
83109  19.087  -3.658  -33.193 0.7142857313
84195  19.677  -2.825  -33.204 0.7142857313
85281  18.368  -2.049  -33.659 0.7142857313
84206  17.851  -2.750  -33.823 0.7142857313
85290  16.870  -1.707  -34.276 0.7142857313
86400  17.833  -0.896  -33.852 0.7142857313
85291  16.012  -1.583  -34.491 0.5714285970
86388  19.691  -1.179  -33.450 0.7142857313
86401  16.652  -0.826  -34.144 0.5714285970
86402  15.729  -0.887  -34.224 0.5714285970
86399  19.069  -0.431  -33.620 0.5714285970
85292  15.274  -1.595  -34.509 0.5714285970
87456  18.477  0.363  -33.829 0.5714285970
87457  17.335  0.150  -33.858 0.5714285970
87458  16.305  -0.059  -33.871 0.5714285970
86411  14.446  -1.096  -34.271 0.5714285970
85299  14.669  -1.615  -34.453 0.4285714328
87459  15.458  -0.239  -33.897 0.5714285970
87461  14.163  -0.399  -33.772 0.4285714328
85293  13.578  -1.993  -34.076 0.4285714328
87460  14.702  -0.306  -33.801 0.5714285970
87469  14.515  -0.642  -34.065 0.5714285970
88536  14.116  1.128  -33.046 0.4285714328
65445  23.827  -18.610  -29.964 0.2857142985
67956  23.978  -15.958  -33.342 0.5714285970
88535  14.930  0.931  -33.278 0.2857142985
87445  14.345  0.260  -33.387 0.4285714328
87446  13.803  0.162  -33.271 0.2857142985
60548  18.160  -22.361  -26.303 0.5714285970
60541  17.629  -22.823  -25.769 0.5714285970
62983  20.304  -20.579  -27.393 0.2857142985
62984  19.819  -20.866  -27.309 0.4285714328
60562  16.551  -22.067  -27.137 0.2857142985
61866  17.786  -21.125  -28.699 0.4285714328
63047  19.498  -20.614  -29.707 0.4285714328
63004  16.728  -20.562  -28.335 0.2857142985
63027  17.700  -20.593  -28.969 0.2857142985
64242  20.356  -18.886  -30.500 0.5714285970
65466  24.251  -18.147  -30.633 0.2857142985
64259  18.891  -17.825  -31.255 0.2857142985
67908  20.201  -16.905  -31.266 0.7142857313
73804  24.250  -11.647  -32.897 0.8571428657
75006  21.362  -10.651  -32.149 0.7142857313
80921  19.944  -5.672  -32.703 0.7142857313
80922  18.733  -5.553  -33.124 0.7142857313
85289  17.657  -1.918  -33.947 0.7142857313
86412  14.036  -0.954  -34.233 0.2857142985
86398  20.176  -0.300  -33.667 0.5714285970
87455  19.602  0.546  -33.873 0.5714285970
88548  15.983  0.556  -33.622 0.2857142985
63048  18.618  -20.218  -29.792 0.4285714328
62969  20.355  -20.508  -26.471 0.2857142985
69081  23.957  -15.147  -35.214 0.7142857313
70132  24.272  -14.388  -33.809 0.7142857313
69051  24.140  -14.826  -33.912 0.7142857313
75020  23.236  -10.272  -32.284 0.7142857313
85280  19.229  -2.018  -33.422 0.8571428657
79813  19.165  -6.614  -32.942 0.7142857313
61824  18.666  -21.809  -27.648 0.5714285970
61813  18.717  -21.803  -26.833 0.4285714328
60573  18.068  -22.071  -27.742 0.5714285970
61840  19.897  -20.949  -27.991 0.5714285970
61841  19.281  -21.428  -28.280 0.5714285970
59356  17.046  -23.152  -25.834 0.5714285970
61843  17.444  -21.472  -28.215 0.4285714328
61884  19.912  -20.782  -29.437 0.5714285970
65470  20.253  -18.021  -30.732 0.5714285970
65471  19.476  -17.822  -30.922 0.4285714328
64258  19.259  -17.948  -31.030 0.4285714328
65495  19.075  -17.671  -31.283 0.2857142985
66758  22.866  -16.831  -31.818 0.7142857313
66759  21.911  -16.759  -31.396 0.7142857313
67931  23.687  -16.229  -32.671 0.5714285970
70113  21.730  -14.428  -31.551 0.7142857313
71277  22.385  -13.507  -31.634 0.7142857313
71297  20.280  -13.104  -32.014 0.2857142985
75007  20.282  -10.605  -32.561 0.5714285970
75021  19.591  -10.969  -33.006 0.2857142985
84196  18.717  -2.808  -33.463 0.7142857313
86390  18.127  -1.537  -33.766 0.8571428657
88549  15.342  0.388  -33.573 0.5714285970
64191  17.451  -19.725  -29.415 0.1428571492
63049  18.015  -19.832  -29.700 0.4285714328
57068  15.488  -25.367  -23.692 0.4285714328
64150  21.538  -19.835  -25.480 0.1428571492
64164  21.611  -19.579  -26.248 0.1428571492
64189  22.799  -18.876  -28.826 0.1428571492
64188  23.202  -18.752  -29.162 0.1428571492
64172  21.644  -19.381  -27.144 0.1428571492
64149  22.255  -19.449  -25.623 0.1428571492
65429  23.317  -18.451  -28.539 0.1428571492
64178  22.537  -18.734  -27.929 0.1428571492
64163  22.453  -18.993  -26.507 0.1428571492
65428  23.615  -18.463  -29.033 0.1428571492
66737  24.577  -17.466  -31.152 0.2857142985
66755  24.955  -16.835  -31.755 0.1428571492
91642  17.040  5.322  -40.458 0.1428571492
78650  18.628  -7.554  -33.267 0.4285714328
92612  17.159  5.455  -39.773 0.1428571492
90659  18.696  4.112  -38.034 0.1428571492
80938  17.302  -5.424  -33.873 0.4285714328
80937  18.010  -5.142  -33.502 0.5714285970
82037  16.844  -4.412  -34.230 0.4285714328
90640  18.472  3.938  -36.043 0.2857142985
89648  17.693  2.240  -33.865 0.2857142985
88546  18.012  1.266  -33.907 0.2857142985
89647  18.631  2.255  -34.342 0.2857142985
80942  14.148  -5.156  -33.924 0.1428571492
83122  17.306  -3.539  -34.048 0.5714285970
84207  17.034  -2.626  -34.273 0.5714285970
89630  16.577  2.004  -33.551 0.2857142985
88545  19.075  1.385  -34.120 0.4285714328
82058  14.701  -3.845  -34.537 0.4285714328
84216  15.506  -2.668  -34.682 0.5714285970
83126  14.004  -3.425  -34.297 0.4285714328
83140  14.221  -2.824  -34.551 0.2857142985
88534  15.779  1.163  -33.392 0.1428571492
88533  16.285  1.184  -33.521 0.1428571492
84210  13.519  -2.732  -33.882 0.1428571492
85300  14.195  -1.622  -34.422 0.4285714328
89631  15.641  2.036  -33.221 0.1428571492
90631  17.402  3.202  -33.910 0.1428571492
88537  13.203  1.222  -32.865 0.1428571492
89632  14.706  2.056  -32.981 0.1428571492
90611  14.499  3.050  -32.957 0.1428571492
58216  16.022  -23.971  -25.137 0.2857142985
65406  22.893  -18.553  -27.157 0.1428571492
65427  24.272  -18.143  -29.348 0.1428571492
80923  17.948  -5.831  -33.472 0.2857142985
89646  19.557  2.161  -34.794 0.2857142985
90629  18.982  2.778  -35.023 0.2857142985
90609  16.471  3.070  -33.423 0.2857142985
59338  15.363  -23.779  -24.688 0.2857142985
62924  20.923  -20.806  -23.938 0.1428571492
62939  21.431  -20.295  -24.500 0.1428571492
83110  13.573  -3.455  -33.712 0.1428571492
79814  18.300  -6.574  -33.339 0.4285714328
82041  14.101  -4.231  -34.077 0.2857142985
84209  15.552  -2.133  -34.646 0.5714285970
88544  20.105  1.416  -34.411 0.4285714328
90630  18.322  3.359  -34.778 0.2857142985
89656  19.511  2.767  -35.544 0.2857142985
90639  18.975  3.282  -35.684 0.2857142985
90650  18.283  4.129  -37.094 0.1428571492
91618  17.731  4.671  -37.505 0.1428571492
90660  18.128  4.324  -37.674 0.1428571492
91625  18.177  4.576  -38.798 0.1428571492
90649  19.199  3.536  -36.769 0.1428571492
67930  25.463  -16.343  -32.364 0.2857142985
89655  20.397  2.313  -35.487 0.4285714328
91599  17.960  4.322  -35.527 0.2857142985
89666  19.383  3.144  -36.046 0.2857142985
58196  16.582  -24.364  -24.237 0.4285714328
57077  15.929  -25.039  -23.978 0.4285714328
89645  20.155  1.932  -34.881 0.2857142985
83121  18.151  -3.604  -33.554 0.5714285970
83123  16.398  -3.439  -34.507 0.5714285970
84208  16.143  -2.453  -34.593 0.5714285970
84218  14.423  -2.334  -34.546 0.5714285970
88547  16.872  1.047  -33.693 0.2857142985
65418  23.125  -18.405  -28.012 0.1428571492
65417  23.762  -18.111  -28.167 0.1428571492
80939  16.426  -5.317  -34.351 0.2857142985
80958  15.081  -4.461  -34.607 0.2857142985
83124  15.739  -3.645  -34.637 0.4285714328
83139  14.580  -3.283  -34.595 0.4285714328
83125  14.367  -3.581  -34.470 0.2857142985
83138  15.248  -3.286  -34.671 0.5714285970
84219  13.934  -2.324  -34.394 0.4285714328
58197  15.719  -24.377  -24.362 0.2857142985
65416  24.557  -17.805  -28.493 0.1428571492
79815  17.550  -6.492  -33.691 0.2857142985
91617  17.984  4.488  -38.084 0.1428571492
71279  20.108  -13.722  -31.870 0.4285714328
73806  19.825  -11.641  -32.701 0.2857142985
91600  17.665  4.787  -35.107 0.1428571492
92576  17.561  5.617  -35.878 0.1428571492
91571  16.386  3.888  -33.436 0.1428571492
91588  17.759  4.032  -34.615 0.1428571492
91589  17.190  4.143  -34.067 0.1428571492
92545  16.979  4.497  -33.850 0.1428571492
92563  17.371  5.394  -34.226 0.1428571492
92562  17.440  5.221  -34.617 0.1428571492
72518  20.068  -12.461  -32.365 0.2857142985
93549  17.580  6.380  -35.780 0.1428571492
92590  17.445  5.642  -36.679 0.1428571492
91611  17.615  5.019  -36.130 0.1428571492
92546  16.800  4.673  -33.508 0.1428571492
63023  21.220  -20.003  -28.596 0.4285714328
60532  17.813  -22.965  -25.147 0.4285714328
60518  18.613  -22.692  -23.743 0.1428571492
60540  18.265  -22.423  -25.517 0.2857142985
60531  18.409  -22.563  -24.598 0.1428571492
61801  18.764  -21.844  -25.996 0.2857142985
59336  17.482  -23.541  -24.483 0.2857142985
59345  17.230  -23.374  -25.300 0.4285714328
61783  18.806  -21.941  -25.258 0.1428571492
59335  18.069  -23.137  -23.958 0.1428571492
82038  16.046  -4.335  -34.574 0.2857142985
59337  16.823  -23.846  -24.914 0.2857142985
58215  16.316  -24.095  -24.878 0.2857142985
59346  16.512  -23.622  -25.431 0.2857142985
64244  18.305  -18.878  -30.494 0.2857142985
63066  18.479  -18.600  -30.639 0.2857142985
66761  19.208  -17.013  -31.502 0.1428571492
67935  19.058  -16.252  -31.785 0.1428571492
69029  19.640  -15.271  -31.756 0.2857142985
70115  19.559  -14.273  -32.036 0.1428571492
73807  19.190  -11.678  -33.186 0.1428571492
75022  19.077  -10.607  -33.468 0.1428571492
76209  19.343  -9.520  -33.070 0.1428571492
76221  18.657  -9.551  -33.546 0.1428571492
77438  18.960  -8.566  -33.162 0.1428571492
77439  18.072  -8.547  -33.711 0.1428571492
79834  16.033  -6.271  -34.392 0.1428571492
80940  15.556  -5.100  -34.566 0.1428571492
80941  14.798  -5.053  -34.471 0.1428571492
85301  13.758  -1.478  -34.271 0.1428571492
86406  13.488  -0.857  -33.855 0.1428571492
85282  12.919  -1.718  -33.051 0.1428571492
86391  13.511  -0.381  -33.440 0.1428571492
77440  17.585  -7.955  -33.871 0.1428571492
58182  15.361  -24.745  -23.844 0.2857142985
64215  18.521  -19.427  -30.202 0.2857142985
69030  18.716  -15.465  -32.059 0.1428571492
71298  19.604  -13.352  -32.363 0.1428571492
71299  19.286  -13.260  -32.733 0.1428571492
73821  18.258  -11.806  -33.555 0.1428571492
75034  18.552  -11.027  -33.816 0.1428571492
75023  18.482  -10.331  -33.833 0.1428571492
76232  17.433  -9.718  -34.138 0.1428571492
78651  17.871  -7.416  -33.613 0.1428571492
79835  15.242  -6.179  -34.394 0.1428571492
85294  13.371  -1.425  -33.820 0.1428571492
85302  13.565  -1.175  -34.131 0.1428571492
64216  17.761  -19.199  -30.045 0.2857142985
84211  13.289  -2.110  -33.640 0.1428571492
79833  16.813  -6.367  -34.063 0.1428571492
59347  15.678  -23.375  -25.467 0.2857142985
63068  17.807  -18.603  -30.825 0.1428571492
77450  17.701  -9.115  -34.048 0.1428571492
75035  17.927  -10.762  -34.025 0.1428571492
59323  14.582  -23.479  -23.500 0.1428571492
58198  15.256  -23.937  -24.235 0.1428571492
59339  14.935  -23.264  -24.503 0.1428571492
59358  16.100  -22.870  -26.189 0.1428571492
67955  25.517  -16.227  -33.367 0.1428571492
67929  25.918  -15.805  -32.907 0.1428571492
83152  22.653  -3.953  -35.965 0.1428571492
57069  14.893  -25.560  -23.104 0.1428571492
59348  15.124  -22.980  -25.377 0.1428571492
59357  16.528  -23.076  -26.037 0.1428571492
83171  22.392  -3.718  -36.670 0.1428571492
61827  15.792  -21.164  -27.198 0.1428571492
80971  22.729  -5.633  -36.440 0.1428571492
67954  26.069  -15.730  -33.883 0.1428571492
60550  16.591  -22.539  -26.622 0.1428571492
63003  17.154  -20.911  -28.345 0.1428571492
58183  14.831  -24.438  -23.453 0.1428571492
60519  14.490  -22.797  -23.686 0.1428571492
60551  15.731  -22.261  -26.408 0.1428571492
60563  16.144  -21.795  -27.095 0.1428571492
61764  20.300  -21.328  -23.624 0.2857142985
61781  19.975  -21.210  -24.277 0.2857142985
61822  19.845  -20.896  -27.556 0.4285714328
61885  19.634  -20.941  -29.348 0.5714285970
62970  19.790  -20.838  -26.878 0.4285714328
63025  19.101  -20.968  -29.482 0.4285714328
63067  18.186  -18.625  -30.731 0.2857142985
63079  18.486  -18.409  -30.865 0.2857142985
66740  19.536  -17.349  -31.251 0.2857142985
66781  24.080  -15.824  -33.764 0.5714285970
66790  24.184  -15.936  -34.021 0.8571428657
66791  23.837  -15.886  -34.586 0.8571428657
66798  24.277  -15.678  -34.587 0.7142857313
66800  23.314  -16.123  -35.323 0.8571428657
66806  23.528  -16.201  -35.584 0.7142857313
66807  23.454  -16.276  -35.762 0.8571428657
66808  23.147  -16.412  -35.826 0.8571428657
66815  23.600  -16.193  -35.956 0.7142857313
66816  23.505  -16.368  -36.167 0.5714285970
67964  23.466  -15.904  -34.957 0.5714285970
67971  22.927  -16.223  -35.601 0.5714285970
67978  28.405  -16.089  -37.054 0.1428571492
67979  27.992  -15.866  -36.755 0.1428571492
67980  27.456  -15.622  -36.472 0.1428571492
67981  23.907  -15.963  -36.008 0.7142857313
67982  23.278  -16.418  -36.131 0.5714285970
67983  22.981  -16.398  -36.154 0.5714285970
67991  28.540  -16.080  -37.392 0.1428571492
67992  27.925  -16.055  -37.350 0.1428571492
67993  27.215  -15.953  -36.874 0.4285714328
67994  23.551  -16.144  -36.244 0.7142857313
67995  23.230  -16.279  -36.417 0.5714285970
67996  22.945  -16.231  -36.428 0.5714285970
68003  28.330  -16.031  -37.811 0.1428571492
69066  26.150  -15.359  -34.867 0.1428571492
69068  24.306  -14.945  -34.487 0.8571428657
69069  23.760  -15.878  -34.634 0.5714285970
69093  23.558  -15.888  -35.897 0.5714285970
69094  22.974  -15.656  -36.048 0.5714285970
69095  22.698  -16.119  -36.058 0.5714285970
69104  28.861  -16.038  -37.773 0.1428571492
69105  27.218  -15.826  -37.639 0.1428571492
69106  26.600  -15.432  -37.161 0.1428571492
69107  23.347  -16.065  -36.448 0.5714285970
69108  23.039  -15.959  -36.554 0.5714285970
69109  22.761  -16.016  -36.405 0.5714285970
69117  29.005  -15.144  -38.307 0.1428571492
69118  28.441  -15.447  -38.200 0.1428571492
69119  27.481  -15.330  -38.155 0.1428571492
69120  26.760  -15.319  -37.884 0.1428571492
70147  24.508  -14.464  -34.405 0.7142857313
70158  25.605  -14.362  -35.709 0.5714285970
70178  26.426  -14.698  -37.512 0.4285714328
70183  29.300  -14.807  -38.161 0.1428571492
70185  27.828  -14.640  -38.421 0.1428571492
71330  26.219  -14.131  -37.119 0.4285714328
71331  25.928  -13.748  -36.502 0.1428571492
71332  25.660  -13.567  -36.038 0.5714285970
71341  26.668  -13.749  -37.597 0.1428571492
71353  27.365  -13.951  -38.159 0.1428571492
72519  19.406  -12.478  -32.747 0.1428571492
72554  25.617  -12.989  -36.280 0.7142857313
72563  26.701  -12.823  -37.551 0.1428571492
73789  21.568  -11.683  -31.914 0.5714285970
73820  18.792  -11.456  -33.557 0.1428571492
73849  25.842  -11.372  -37.148 0.1428571492
73858  26.337  -11.572  -37.701 0.1428571492
76220  23.209  -9.575  -32.383 0.8571428657
76222  18.080  -9.673  -33.985 0.1428571492
77423  23.436  -8.055  -32.598 0.8571428657
77451  17.188  -8.497  -34.167 0.1428571492
78628  23.386  -7.683  -32.677 0.8571428657
78661  17.232  -7.352  -33.930 0.1428571492
79794  20.939  -6.825  -32.498 0.8571428657
79812  22.450  -6.338  -32.630 0.8571428657
79836  14.569  -6.140  -34.072 0.1428571492
80909  20.680  -6.169  -32.543 0.7142857313
80935  23.510  -6.080  -34.353 0.8571428657
80936  23.341  -5.682  -34.035 0.7142857313
80959  14.800  -4.242  -34.534 0.2857142985
82039  15.406  -4.105  -34.620 0.4285714328
82040  14.459  -4.080  -34.384 0.4285714328
82057  14.951  -3.857  -34.605 0.4285714328
83137  15.772  -3.092  -34.667 0.5714285970
84192  22.148  -3.157  -33.325 0.8571428657
84197  13.336  -3.153  -33.491 0.1428571492
84217  15.004  -2.407  -34.656 0.5714285970
86389  18.704  -1.333  -33.583 0.8571428657
86403  14.900  -0.988  -34.235 0.5714285970
86404  14.585  -0.821  -34.104 0.5714285970
86405  13.807  -0.593  -33.830 0.1428571492
86410  14.636  -1.251  -34.329 0.4285714328
86413  13.713  -0.975  -34.188 0.2857142985
87470  14.302  -0.740  -34.047 0.5714285970
87479  22.620  0.132  -36.916 0.1428571492
88558  21.200  1.719  -35.255 0.5714285970
88568  22.483  0.857  -37.292 0.1428571492
88604  20.742  1.665  -40.210 0.1428571492
89673  21.678  2.454  -38.025 0.1428571492
89679  21.084  3.028  -39.117 0.1428571492
89686  20.677  1.882  -40.379 0.1428571492
90669  18.744  4.314  -38.800 0.1428571492
91641  17.465  4.990  -40.309 0.1428571492
92621  17.075  5.376  -40.216 0.1428571492
