#!ascii label  , from subject sub-THP0005 vox2ras=TkReg
271
70133  23.985  -14.462  -32.944 0.0000000000
63002  20.537  -20.489  -28.285 0.0000000000
76208  20.103  -9.518  -32.648 0.0000000000
87458  16.305  -0.059  -33.871 0.0000000000
61824  18.666  -21.809  -27.648 0.0000000000
79792  22.648  -6.860  -32.637 0.0000000000
83107  21.135  -3.721  -32.813 0.0000000000
67933  21.521  -16.073  -31.403 0.0000000000
65469  21.462  -18.197  -31.049 0.0000000000
66780  24.122  -16.197  -33.249 0.0000000000
71307  25.110  -13.466  -34.779 0.0000000000
67963  25.571  -15.820  -34.383 0.0000000000
73788  22.423  -11.850  -31.816 0.0000000000
76218  24.486  -9.741  -33.766 0.0000000000
84208  16.143  -2.453  -34.593 0.0000000000
85279  20.236  -2.002  -33.316 0.0000000000
64190  21.874  -19.607  -29.098 0.0000000000
80921  19.944  -5.672  -32.703 0.0000000000
82024  18.501  -4.493  -33.328 0.0000000000
69027  22.299  -15.267  -31.705 0.0000000000
67932  23.049  -15.920  -32.086 0.0000000000
67957  23.931  -15.711  -33.602 0.0000000000
61823  19.405  -21.240  -27.388 0.0000000000
75006  21.362  -10.651  -32.149 0.0000000000
75019  23.982  -10.596  -32.840 0.0000000000
76206  22.383  -9.582  -32.216 0.0000000000
79832  23.453  -6.267  -33.687 0.0000000000
78660  24.026  -7.421  -33.829 0.0000000000
87469  14.515  -0.642  -34.065 0.0000000000
84218  14.423  -2.334  -34.546 0.0000000000
85291  16.012  -1.583  -34.491 0.0000000000
89654  21.380  2.131  -35.993 0.0000000000
88542  21.653  1.155  -35.020 0.0000000000
86398  20.176  -0.300  -33.667 0.0000000000
86396  22.143  -0.771  -34.478 0.0000000000
85287  22.242  -1.992  -33.996 0.0000000000
65467  23.433  -18.658  -30.880 0.0000000000
64240  22.462  -19.253  -30.533 0.0000000000
60560  18.073  -22.237  -27.103 0.0000000000
78631  21.293  -7.625  -32.447 0.0000000000
79795  20.083  -6.750  -32.668 0.0000000000
80919  22.162  -5.708  -32.583 0.0000000000
82020  22.655  -4.625  -33.369 0.0000000000
66739  20.132  -17.334  -31.063 0.0000000000
67907  20.806  -16.816  -31.188 0.0000000000
65493  22.671  -17.650  -31.489 0.0000000000
65491  24.036  -17.984  -31.333 0.0000000000
71308  24.674  -14.058  -34.373 0.0000000000
69081  23.957  -15.147  -35.214 0.0000000000
70159  25.242  -14.391  -35.196 0.0000000000
70113  21.730  -14.428  -31.551 0.0000000000
72503  20.867  -12.492  -31.940 0.0000000000
71276  23.364  -13.377  -32.033 0.0000000000
72516  24.508  -12.619  -33.280 0.0000000000
73819  25.089  -11.711  -34.670 0.0000000000
75048  25.301  -10.813  -35.296 0.0000000000
77437  24.057  -8.501  -33.258 0.0000000000
77448  24.605  -8.986  -34.787 0.0000000000
83123  16.398  -3.439  -34.507 0.0000000000
87456  18.477  0.363  -33.829 0.0000000000
86400  17.833  -0.896  -33.852 0.0000000000
85281  18.368  -2.049  -33.659 0.0000000000
84196  18.717  -2.808  -33.463 0.0000000000
84194  20.695  -2.868  -33.096 0.0000000000
84205  22.438  -2.965  -33.798 0.0000000000
63046  20.484  -20.411  -29.544 0.0000000000
64242  20.356  -18.886  -30.500 0.0000000000
66789  24.504  -16.164  -33.831 0.0000000000
66778  24.922  -16.602  -32.708 0.0000000000
80937  18.010  -5.142  -33.502 0.0000000000
82036  17.654  -4.430  -33.738 0.0000000000
69026  23.251  -15.248  -32.138 0.0000000000
69052  23.881  -15.141  -33.286 0.0000000000
59356  17.046  -23.152  -25.834 0.0000000000
60541  17.629  -22.823  -25.769 0.0000000000
61840  19.897  -20.949  -27.991 0.0000000000
76207  21.068  -9.571  -32.344 0.0000000000
80956  23.462  -6.093  -34.713 0.0000000000
79831  23.672  -6.510  -34.314 0.0000000000
87459  15.458  -0.239  -33.897 0.0000000000
86411  14.446  -1.096  -34.271 0.0000000000
85292  15.274  -1.595  -34.509 0.0000000000
86402  15.729  -0.887  -34.224 0.0000000000
87453  21.679  0.435  -34.517 0.0000000000
86409  22.676  -0.753  -35.480 0.0000000000
64239  23.143  -19.077  -30.176 0.0000000000
61864  19.115  -21.249  -29.140 0.0000000000
78649  19.472  -7.614  -32.852 0.0000000000
79813  19.165  -6.614  -32.942 0.0000000000
82022  20.560  -4.609  -32.653 0.0000000000
80920  21.069  -5.474  -32.506 0.0000000000
82021  21.667  -4.608  -32.635 0.0000000000
88549  15.342  0.388  -33.573 0.0000000000
67908  20.201  -16.905  -31.266 0.0000000000
67931  23.687  -16.229  -32.671 0.0000000000
66758  22.866  -16.831  -31.818 0.0000000000
66757  23.646  -16.938  -32.240 0.0000000000
65492  23.424  -17.880  -31.553 0.0000000000
60548  18.160  -22.361  -26.303 0.0000000000
70146  24.848  -14.388  -34.813 0.0000000000
71319  25.400  -13.726  -35.531 0.0000000000
70114  20.447  -14.420  -31.626 0.0000000000
73790  20.632  -11.598  -32.270 0.0000000000
72502  21.851  -12.601  -31.680 0.0000000000
72501  22.897  -12.577  -31.843 0.0000000000
72517  23.793  -12.576  -32.440 0.0000000000
73803  24.756  -11.706  -33.768 0.0000000000
75018  24.493  -10.895  -33.497 0.0000000000
73830  25.339  -11.759  -35.575 0.0000000000
75033  24.923  -10.784  -34.311 0.0000000000
78630  22.213  -7.578  -32.429 0.0000000000
77424  22.707  -8.347  -32.351 0.0000000000
78629  23.057  -7.538  -32.573 0.0000000000
77449  24.289  -8.210  -34.381 0.0000000000
76246  25.119  -10.038  -35.967 0.0000000000
84209  15.552  -2.133  -34.646 0.0000000000
83140  14.221  -2.824  -34.551 0.0000000000
84216  15.506  -2.668  -34.682 0.0000000000
83138  15.248  -3.286  -34.671 0.0000000000
84207  17.034  -2.626  -34.273 0.0000000000
88543  21.014  1.235  -34.626 0.0000000000
88559  20.579  1.758  -34.901 0.0000000000
87455  19.602  0.546  -33.873 0.0000000000
86399  19.069  -0.431  -33.620 0.0000000000
86387  20.728  -1.162  -33.529 0.0000000000
86388  19.691  -1.179  -33.450 0.0000000000
85280  19.229  -2.018  -33.422 0.0000000000
84206  17.851  -2.750  -33.823 0.0000000000
84195  19.677  -2.825  -33.204 0.0000000000
85298  22.723  -1.808  -35.025 0.0000000000
85277  22.011  -2.603  -33.470 0.0000000000
84215  22.705  -2.840  -34.602 0.0000000000
83120  22.819  -3.718  -34.114 0.0000000000
63047  19.498  -20.614  -29.707 0.0000000000
66738  21.081  -17.443  -31.117 0.0000000000
65470  20.253  -18.021  -30.732 0.0000000000
64211  22.528  -19.323  -29.715 0.0000000000
64241  21.455  -19.125  -30.623 0.0000000000
64212  21.518  -19.755  -29.920 0.0000000000
63045  21.162  -20.064  -29.252 0.0000000000
67969  24.996  -15.473  -34.827 0.0000000000
67970  24.045  -15.441  -35.287 0.0000000000
66797  24.864  -16.037  -34.353 0.0000000000
80922  18.733  -5.553  -33.124 0.0000000000
82023  19.478  -4.605  -32.962 0.0000000000
69028  20.928  -15.307  -31.438 0.0000000000
67956  23.978  -15.958  -33.342 0.0000000000
61812  19.290  -21.291  -26.480 0.0000000000
62957  19.787  -20.864  -26.187 0.0000000000
72543  25.385  -12.742  -35.613 0.0000000000
71318  25.682  -13.841  -35.906 0.0000000000
75007  20.282  -10.605  -32.561 0.0000000000
75005  22.399  -10.906  -31.965 0.0000000000
73805  23.354  -11.484  -32.162 0.0000000000
75020  23.236  -10.272  -32.284 0.0000000000
76219  23.769  -9.587  -32.781 0.0000000000
79811  23.025  -6.222  -33.076 0.0000000000
78648  23.206  -6.954  -32.900 0.0000000000
79810  23.543  -6.784  -33.432 0.0000000000
78673  23.935  -7.417  -34.955 0.0000000000
87454  20.661  0.548  -34.088 0.0000000000
86397  21.216  -0.362  -33.912 0.0000000000
85288  21.576  -1.239  -33.808 0.0000000000
85278  21.339  -2.083  -33.396 0.0000000000
65468  22.484  -18.552  -31.142 0.0000000000
60549  17.338  -22.653  -26.460 0.0000000000
60573  18.068  -22.071  -27.742 0.0000000000
61842  18.374  -21.706  -28.332 0.0000000000
61841  19.281  -21.428  -28.280 0.0000000000
61863  19.974  -20.911  -28.915 0.0000000000
77427  19.787  -8.573  -32.737 0.0000000000
77426  20.708  -8.572  -32.496 0.0000000000
78632  20.367  -7.652  -32.595 0.0000000000
79793  21.869  -6.646  -32.436 0.0000000000
80908  21.414  -6.154  -32.448 0.0000000000
80907  21.817  -6.156  -32.426 0.0000000000
80918  22.847  -5.533  -33.219 0.0000000000
82035  23.070  -4.665  -34.592 0.0000000000
87460  14.702  -0.306  -33.801 0.0000000000
66759  21.911  -16.759  -31.396 0.0000000000
65494  22.007  -17.403  -31.356 0.0000000000
70132  24.272  -14.388  -33.809 0.0000000000
69051  24.140  -14.826  -33.912 0.0000000000
69067  24.605  -14.774  -34.800 0.0000000000
69080  24.769  -15.025  -35.049 0.0000000000
69079  25.840  -15.108  -35.330 0.0000000000
70170  25.985  -14.361  -36.217 0.0000000000
69092  26.156  -14.678  -36.009 0.0000000000
70112  23.296  -14.447  -32.018 0.0000000000
71278  21.055  -13.475  -31.661 0.0000000000
71277  22.385  -13.507  -31.634 0.0000000000
71296  24.124  -13.662  -32.829 0.0000000000
71295  24.717  -13.441  -33.936 0.0000000000
71294  25.069  -13.042  -34.421 0.0000000000
73804  24.250  -11.647  -32.897 0.0000000000
72515  24.967  -12.540  -34.134 0.0000000000
72532  25.178  -12.567  -34.881 0.0000000000
77425  21.723  -8.537  -32.367 0.0000000000
76205  23.318  -8.922  -32.500 0.0000000000
78647  23.619  -7.514  -32.955 0.0000000000
77436  24.455  -8.830  -34.006 0.0000000000
76231  25.039  -9.860  -35.005 0.0000000000
83122  17.306  -3.539  -34.048 0.0000000000
87457  17.335  0.150  -33.858 0.0000000000
86401  16.652  -0.826  -34.144 0.0000000000
85290  16.870  -1.707  -34.276 0.0000000000
86390  18.127  -1.537  -33.766 0.0000000000
85289  17.657  -1.918  -33.947 0.0000000000
83121  18.151  -3.604  -33.554 0.0000000000
83109  19.087  -3.658  -33.193 0.0000000000
83108  20.093  -3.684  -32.868 0.0000000000
84193  21.591  -3.008  -33.147 0.0000000000
83106  22.055  -3.734  -32.942 0.0000000000
83105  22.434  -3.628  -33.491 0.0000000000
61884  19.912  -20.782  -29.437 0.0000000000
63024  20.676  -20.395  -28.947 0.0000000000
64213  20.456  -19.790  -30.165 0.0000000000
69082  23.023  -15.817  -35.411 0.0000000000
66799  23.713  -15.959  -35.038 0.0000000000
66788  24.975  -16.407  -33.683 0.0000000000
66779  24.422  -16.524  -32.937 0.0000000000
66756  24.257  -17.163  -31.948 0.0000000000
61885  19.634  -20.941  -29.348 0.0000000000
66781  24.080  -15.824  -33.764 0.0000000000
66790  24.184  -15.936  -34.021 0.0000000000
66791  23.837  -15.886  -34.586 0.0000000000
66798  24.277  -15.678  -34.587 0.0000000000
66800  23.314  -16.123  -35.323 0.0000000000
66806  23.528  -16.201  -35.584 0.0000000000
66807  23.454  -16.276  -35.762 0.0000000000
66808  23.147  -16.412  -35.826 0.0000000000
66815  23.600  -16.193  -35.956 0.0000000000
66816  23.505  -16.368  -36.167 0.0000000000
67964  23.466  -15.904  -34.957 0.0000000000
67971  22.927  -16.223  -35.601 0.0000000000
67981  23.907  -15.963  -36.008 0.0000000000
67982  23.278  -16.418  -36.131 0.0000000000
67983  22.981  -16.398  -36.154 0.0000000000
67994  23.551  -16.144  -36.244 0.0000000000
67995  23.230  -16.279  -36.417 0.0000000000
67996  22.945  -16.231  -36.428 0.0000000000
69068  24.306  -14.945  -34.487 0.0000000000
69069  23.760  -15.878  -34.634 0.0000000000
69093  23.558  -15.888  -35.897 0.0000000000
69094  22.974  -15.656  -36.048 0.0000000000
69095  22.698  -16.119  -36.058 0.0000000000
69107  23.347  -16.065  -36.448 0.0000000000
69108  23.039  -15.959  -36.554 0.0000000000
69109  22.761  -16.016  -36.405 0.0000000000
70147  24.508  -14.464  -34.405 0.0000000000
70158  25.605  -14.362  -35.709 0.0000000000
71332  25.660  -13.567  -36.038 0.0000000000
72554  25.617  -12.989  -36.280 0.0000000000
73789  21.568  -11.683  -31.914 0.0000000000
76220  23.209  -9.575  -32.383 0.0000000000
77423  23.436  -8.055  -32.598 0.0000000000
78628  23.386  -7.683  -32.677 0.0000000000
79794  20.939  -6.825  -32.498 0.0000000000
79812  22.450  -6.338  -32.630 0.0000000000
80909  20.680  -6.169  -32.543 0.0000000000
80935  23.510  -6.080  -34.353 0.0000000000
80936  23.341  -5.682  -34.035 0.0000000000
83137  15.772  -3.092  -34.667 0.0000000000
84192  22.148  -3.157  -33.325 0.0000000000
84217  15.004  -2.407  -34.656 0.0000000000
86389  18.704  -1.333  -33.583 0.0000000000
86403  14.900  -0.988  -34.235 0.0000000000
86404  14.585  -0.821  -34.104 0.0000000000
87470  14.302  -0.740  -34.047 0.0000000000
88558  21.200  1.719  -35.255 0.0000000000
89645  20.155  1.932  -34.881 0.0000000000
